------------------------------------ 
PARAMETERS used: 
 - DNA SIZE: '10'
 - c: '0.82'
 - s: '10'
 - num rotors in robot: '4'
 - num total generations: '1000'
------------------------------------ 


------------------------------------ 
Fitness_value		Individual
------------------------------------ 
 36396.1189349			array([  59.64475314, -100.81364866,  123.32368464,  -88.57674234,
       -134.44681034,  110.96276071,   93.39530683,  126.86953161,
         45.49718013, -104.88611184])
						array([9.66697662, 0.74897451, 8.83343398, 5.58053474, 1.79541736,
       7.38933574, 6.37685556, 6.22319095, 9.73047984, 3.97871161])

 33948.2493295			array([  31.30050078, -101.37907798,  117.49858217,  -92.98103747,
       -136.86297888,  114.17672378,   92.74583924,  130.57052296,
         55.38961449, -103.31632056])
						array([11.78899587,  0.91338355, 10.77248047,  6.80553016,  2.18953337,
        9.01138505,  7.77665312,  7.58925725, 11.86643883,  4.85208732])

 29650.3207142			array([  25.82507589, -102.91407421,   98.10850791,  -90.82063211,
       -137.17613607,  131.8452551 ,  101.42789516,  131.08696567,
         56.46825172, -107.48796265])
						array([14.37682424,  1.11388237, 13.1371713 ,  8.29942703,  2.67016264,
       10.98949397,  9.48372331,  9.25519177, 14.47126686,  5.91717966])

 25669.2029399			array([  16.0558059 ,  -99.09544576,   93.1600539 ,  -79.23005019,
       -133.72687561,  127.00263545,   99.37749336,  139.210317  ,
         37.12017027,  -91.13279182])
						array([21.38135669,  1.656577  , 19.53773245, 12.34299082,  3.97109257,
       16.34368526, 14.10428809, 13.7644137 , 21.5218127 ,  8.80008873])

 20687.0095889			array([  -5.53509568,  -99.57561469,   72.88397997,  -64.97044293,
       -139.77864014,  109.2456067 ,   81.67714318,  118.04559344,
          3.15316977,  -93.50645564])
						array([26.07482523,  2.02021585, 23.82650299, 15.05242783,  4.84279581,
       19.93132348, 17.20035134, 16.78587036, 26.24611305, 10.73181553])

 19269.9517829			array([  10.07473909,  -98.67572325,   81.79431676,  -44.90457281,
       -135.06710799,   96.70022611,   58.27078423,  103.65381283,
        -17.77086774, -102.25166279])
						array([38.77874067,  3.0044852 , 35.43501337, 22.38612111,  7.20225433,
       29.64206348, 25.58053441, 24.96411416, 39.03348164, 15.96046331])

 14899.5823916			array([  -4.19714619,  -95.53855264,  -16.44775257,  -60.95517196,
       -128.93281344,   86.68776769,   12.43888591,  158.013298  ,
         -6.56116039,  -98.35201747])
						array([57.67213068,  4.46830042, 52.69930602, 33.29286304, 10.71126463,
       44.08397305, 38.04362642, 37.12688007, 58.05098399, 23.73656054])

 11746.6898382			array([ -27.63963437,  -86.23154883,   24.5643159 ,  -34.95981162,
       -175.15219192,   73.95600059,   68.45053153,  -24.09969787,
        -29.09160694,  -74.93541233])
						array([127.5588476 ,   9.88295813, 116.559986  ,  73.63694029,
        23.69110619,  97.50464798,  84.14464817,  82.11699449,
       128.39679292,  52.50037189])

 10202.1714653			array([ -21.00266186,  -84.74986549,   22.71048494,  -22.83318655,
       -173.98158594,   73.99986862,   74.83873838,  -20.94663077,
        -51.20564358,  -80.51623361])
						array([14.37682424,  1.11388237, 13.1371713 ,  8.29942703,  2.67016264,
       10.98949397,  9.48372331,  9.25519177, 14.47126686,  5.91717966])

 9889.34015096			array([ -18.36569244,  -83.36821914,   25.42884246,  -21.97168067,
       -173.54753676,   86.21936744,   83.37983099,  -12.21376448,
        -60.74096796,  -90.41430946])
						array([14.37682424,  1.11388237, 13.1371713 ,  8.29942703,  2.67016264,
       10.98949397,  9.48372331,  9.25519177, 14.47126686,  5.91717966])

 8844.91629858			array([ -15.65645537,  -82.71658671,  -12.14331947,   -3.44415197,
       -176.30788989,   84.20050614,   98.72046653,   -6.82850413,
        -77.7511885 ,  -94.30605469])
						array([17.53271248,  1.35839314, 16.02094061, 10.12125248,  3.25629591,
       13.40182191, 11.56551624, 11.28681923, 17.64788642,  7.21607276])

 8032.896332			array([ -11.41255256,  -80.18663189,   -5.58481644,    3.28336365,
       -176.89112801,   93.12820382,  108.32320381,    4.6831414 ,
       -115.4194722 , -100.83394584])
						array([21.38135669,  1.656577  , 19.53773245, 12.34299082,  3.97109257,
       16.34368526, 14.10428809, 13.7644137 , 21.5218127 ,  8.80008873])

 7912.53696009			array([ -29.14024402,  -69.58788482,   14.03207582,   24.01865233,
       -180.        ,   55.3048113 ,   65.23864542,   11.84437423,
       -180.        , -140.04041263])
						array([85.77056913,  6.64530104, 78.37493459, 49.51347865, 15.9298998 ,
       65.5621253 , 56.57886143, 55.2154671 , 86.33400356, 35.30125006])

 5329.04002687			array([  -1.20221106,  -64.20936898,   -1.33233019,   16.53702663,
       -180.        ,   39.93674341,   55.08271657,   18.29858302,
       -180.        , -149.23753962])
						array([31.79856735,  2.46367787, 29.05671096, 18.35661931,  5.90584855,
       24.30649205, 20.97603821, 20.47057361, 32.00745494, 13.08757991])

