------------------------------------ 
PARAMETERS used: 
 - DNA SIZE: '10'
 - c: '0.82'
 - s: '10'
 - num rotors in robot: '4'
 - num total generations: '1000'
------------------------------------ 


------------------------------------ 
Fitness_value		Individual
------------------------------------ 
 50008.1479528			array([ -51.1492935 ,   12.34249304, -173.98474875, -119.09079344,
         11.13958308,  -62.8875202 ,   70.1085243 ,  -81.22682755,
         56.90356796,  139.75918164])
						array([ 6.12209665,  5.49428739,  1.93431791, 11.47258217,  5.54006189,
        4.94390406,  8.5616537 ,  9.57182739,  8.46234819,  2.3841574 ])

 49348.6814649			array([ -45.34451702,    9.04111451, -173.62320471, -119.80370976,
         10.83523168,  -60.57272177,   68.90789809, -105.36396619,
         62.15889309,  138.46394876])
						array([ 7.46597153,  6.70035048,  2.35892428, 13.99095386,  6.75617303,
        6.0291513 , 10.4410411 , 11.67296023, 10.31993682,  2.90750902])

 46681.038083			array([ -39.72746119,   18.10556051, -177.67436306, -103.69857582,
         13.02296376,  -60.10748312,   70.42437275, -107.27977948,
         60.65474244,  133.25441931])
						array([ 9.10484333,  8.17115912,  2.87673693, 17.06213886,  8.2392354 ,
        7.35262353, 12.73297695, 14.23531735, 12.5852888 ,  3.54574271])

 46530.9945664			array([ -34.64229623,   -2.0417164 , -179.64909943, -102.31791821,
          5.85377383,  -61.52471302,   86.30725312,  -78.7344808 ,
         71.85550612,  124.0002955 ])
						array([16.51318779, 14.81979208,  5.21745355, 30.94510174, 14.94326004,
       13.33523805, 23.09342753, 25.81817833, 22.82556986,  6.43080975])

 39256.3935693			array([ -25.32862961,   -3.12297818, -173.42089658,  -79.01109753,
          6.61024306,  -66.75783924,   58.73174966,  -84.21975196,
         71.71753131,  111.00732997])
						array([20.1380339 , 18.07291717,  6.36274823, 37.73792895, 18.22348786,
       16.26248542, 28.1627165 , 31.48558334, 27.83606081,  7.84245092])

 34693.4785475			array([ -11.38074038,   -4.56791207, -179.00235108,  -24.4700838 ,
        -12.74229123,  -90.0259742 ,   47.71977223, -111.22748856,
         84.32847102,  107.67142058])
						array([29.94948527, 26.87822304,  9.46274275, 56.12422509, 27.10215327,
       24.18573085, 41.88387344, 46.8256742 , 41.39806783, 11.66337138])

 34329.9837389			array([   7.53018563,  -31.79880951, -175.50611811,   29.0900976 ,
         32.78497359,  -69.81798992,   45.05190804,  -47.20441399,
         39.95755128,  102.71245324])
						array([ 54.31850465,  48.74824625,  17.16229951, 101.79086399,
        49.15438196,  43.86495199,  75.96355508,  84.92635446,
        75.08246367,  21.15351523])

 14968.3481651			array([  84.25925784,   -7.16492558,  -92.01639447,   -9.0719252 ,
         55.68126633,  -24.30024978,   50.05122612, -180.        ,
        126.98649857,   47.61953279])
						array([146.5138038 , 131.48909443,  46.29202882, 274.56143669,
       132.58456802, 118.31733977, 204.89719807, 229.07263952,
       202.52062206,  57.05757181])

 12935.2612616			array([ -25.96062371,  -38.68309288,  -93.95031633,    9.39446795,
         79.60978802,  -70.88199446,   30.36070477, -157.79855584,
        120.01925782,   47.75051842])
						array([36.52376252, 32.77832078, 11.53993019, 68.44417695, 33.05140643,
       29.49479372, 51.07789444, 57.10448074, 50.48544857, 14.22362364])

 11467.8895833			array([  14.47399821,  -29.13929642,  -97.21762867,    4.94723882,
         54.26870399,  -66.53146654,   -5.71964785, -156.32485804,
         88.28879777,   40.21339042])
						array([16.51318779, 14.81979208,  5.21745355, 30.94510174, 14.94326004,
       13.33523805, 23.09342753, 25.81817833, 22.82556986,  6.43080975])

 10038.6859183			array([  13.94866226,  -11.77895921,  -94.32181842,   10.26400172,
         39.96842852,  -51.94443382,    3.7843208 , -180.        ,
         53.59107926,   36.24017744])
						array([20.1380339 , 18.07291717,  6.36274823, 37.73792895, 18.22348786,
       16.26248542, 28.1627165 , 31.48558334, 27.83606081,  7.84245092])

 9304.29026115			array([  33.70231879,    2.19392741,  -88.76145942,   13.13213602,
         54.83054784,  -34.88614983,   40.09901951, -180.        ,
         34.98945676,   33.15794505])
						array([36.52376252, 32.77832078, 11.53993019, 68.44417695, 33.05140643,
       29.49479372, 51.07789444, 57.10448074, 50.48544857, 14.22362364])

 7899.07445695			array([  14.30528345,    5.07198429,  -84.56062105,   10.67842909,
         53.77963558,  -32.87993361,   76.83277999, -167.38394546,
         23.58165303,   41.43666987])
						array([20.1380339 , 18.07291717,  6.36274823, 37.73792895, 18.22348786,
       16.26248542, 28.1627165 , 31.48558334, 27.83606081,  7.84245092])

 7581.53055186			array([  17.77992046,    3.8848276 ,  -81.84840761,   14.69095016,
         58.24396165,  -39.98972281,   78.29618959, -172.52115841,
         35.30639639,   39.03395282])
						array([5.02011926, 4.50531566, 1.58614069, 9.40751738, 4.54285075,
       4.05400133, 7.02055604, 7.84889846, 6.93912552, 1.95500907])

 7341.49120165			array([  13.24419424,    2.25588115,  -81.47641106,    8.83258676,
         52.97545209,  -38.15011815,   86.3887045 , -167.36157063,
         39.24626155,   37.34915   ])
						array([5.02011926, 4.50531566, 1.58614069, 9.40751738, 4.54285075,
       4.05400133, 7.02055604, 7.84889846, 6.93912552, 1.95500907])

 7286.42636			array([  15.41566711,    4.16333253,  -81.35756582,    1.55252508,
         53.43058872,  -38.60931387,   85.15834612, -160.58395993,
         32.46448889,   36.25635094])
						array([ 6.12209665,  5.49428739,  1.93431791, 11.47258217,  5.54006189,
        4.94390406,  8.5616537 ,  9.57182739,  8.46234819,  2.3841574 ])

 7047.24719529			array([  19.47606974,   17.01813742,  -78.15579032,   12.63206067,
         73.33601951,  -40.28407486,   89.5152848 , -172.0768679 ,
         37.82519658,   33.81186443])
						array([11.10346747,  9.9648282 ,  3.50821577, 20.80748641, 10.04784805,
        8.96661406, 15.52802067, 17.36014311, 15.34791318,  4.32407648])

 5795.87701294			array([  22.03969991,   18.13081095,  -70.15006275,   -3.61867432,
         78.64893526,  -30.99515611,   83.19439449, -180.        ,
         23.69695432,   31.09639617])
						array([13.54081399, 12.15222951,  4.27831191, 25.37498343, 12.25347324,
       10.9348952 , 18.93661058, 21.17090623, 18.71696729,  5.273264  ])

 5362.79661103			array([  24.75048059,   21.1896631 ,  -65.57915002,   -6.64149754,
         97.6632658 ,  -34.03783708,   83.39407224, -180.        ,
         32.71631668,   34.63168242])
						array([16.51318779, 14.81979208,  5.21745355, 30.94510174, 14.94326004,
       13.33523805, 23.09342753, 25.81817833, 22.82556986,  6.43080975])

 5081.78859358			array([  24.11873289,   12.94198039,  -64.97825484,   -7.68650715,
        106.89372317,  -28.49886786,   94.87630213, -180.        ,
         15.88369813,   39.22301265])
						array([ 6.12209665,  5.49428739,  1.93431791, 11.47258217,  5.54006189,
        4.94390406,  8.5616537 ,  9.57182739,  8.46234819,  2.3841574 ])

 4876.6172514			array([  23.88937192,   10.35296655,  -63.89113155,   -4.91115773,
        110.50333826,  -28.15184026,   96.67446659, -175.50532537,
         12.34357865,   38.46612011])
						array([3.37552819, 3.02937425, 1.066521  , 6.32561468, 3.05461284,
       2.7259105 , 4.72062188, 5.27759932, 4.665868  , 1.3145481 ])

 4618.00493099			array([  23.57166007,    8.9298442 ,  -62.35024629,   -3.72180466,
        113.68596711,  -31.75335026,   92.03001556, -174.80547712,
         11.16671165,   36.7789508 ])
						array([4.11649779, 3.69435884, 1.30063536, 7.71416425, 3.72513761,
       3.32428109, 5.75685595, 6.43609674, 5.69008292, 1.60310744])

 4440.49582339			array([  21.75243484,   13.21678272,  -61.27722664,    4.77678715,
        110.13043145,  -30.536347  ,  100.88597131, -180.        ,
          2.2208271 ,   38.10384981])
						array([5.02011926, 4.50531566, 1.58614069, 9.40751738, 4.54285075,
       4.05400133, 7.02055604, 7.84889846, 6.93912552, 1.95500907])

 4435.91652901			array([   6.77887062,    1.51369301,  -62.35309996,    3.55815433,
         99.58014559,  -21.52018523,   77.1485504 , -160.42259655,
         20.09726154,   38.4995627 ])
						array([13.54081399, 12.15222951,  4.27831191, 25.37498343, 12.25347324,
       10.9348952 , 18.93661058, 21.17090623, 18.71696729,  5.273264  ])

 4382.86423092			array([   3.93374575,   -0.81710611,  -60.40956388,  -11.40208366,
        104.89200079,  -27.03978204,   57.69857981, -163.42635017,
         26.20485718,   42.18826221])
						array([ 6.12209665,  5.49428739,  1.93431791, 11.47258217,  5.54006189,
        4.94390406,  8.5616537 ,  9.57182739,  8.46234819,  2.3841574 ])

 4148.48229911			array([   1.73248346,   -4.11951429,  -58.72701091,   -3.59570843,
        106.26587876,  -22.84225033,   60.54913567, -171.81476496,
         33.51096368,   42.82668305])
						array([5.02011926, 4.50531566, 1.58614069, 9.40751738, 4.54285075,
       4.05400133, 7.02055604, 7.84889846, 6.93912552, 1.95500907])

 4054.28119247			array([   4.00709353,   -9.96024362,  -57.41113992,    6.86241789,
        104.85477699,  -24.0357187 ,   61.71035323, -163.19119922,
         44.20873065,   44.30524094])
						array([ 6.12209665,  5.49428739,  1.93431791, 11.47258217,  5.54006189,
        4.94390406,  8.5616537 ,  9.57182739,  8.46234819,  2.3841574 ])

 4037.40011622			array([   1.09692732,   -4.05448301,  -52.20639774,   28.77910826,
         99.39986757,  -19.34975763,   92.55822478, -180.        ,
         83.8557722 ,   51.44271442])
						array([20.1380339 , 18.07291717,  6.36274823, 37.73792895, 18.22348786,
       16.26248542, 28.1627165 , 31.48558334, 27.83606081,  7.84245092])

 3535.47668441			array([  -6.15824523,   -2.86938719,  -52.21822948,    8.03537638,
         85.09256726,  -15.10883933,   76.72357149, -174.22304135,
         92.84362099,   50.62098523])
						array([ 6.12209665,  5.49428739,  1.93431791, 11.47258217,  5.54006189,
        4.94390406,  8.5616537 ,  9.57182739,  8.46234819,  2.3841574 ])

 3391.44802539			array([  -2.71936287,   -3.27925239,  -51.23141276,   11.22907567,
         85.16474855,  -11.97932482,   74.1711969 , -163.08021224,
         96.40869299,   52.99649722])
						array([5.02011926, 4.50531566, 1.58614069, 9.40751738, 4.54285075,
       4.05400133, 7.02055604, 7.84889846, 6.93912552, 1.95500907])

 3243.80449794			array([  -5.5329221 ,    6.06759329,  -50.70166817,    4.7143138 ,
         83.31562401,  -15.61685652,   80.3918944 , -170.5091096 ,
        108.56837506,   54.26594671])
						array([5.02011926, 4.50531566, 1.58614069, 9.40751738, 4.54285075,
       4.05400133, 7.02055604, 7.84889846, 6.93912552, 1.95500907])

 3013.39075251			array([  -6.97518284,    4.3471686 ,  -48.09302824,    1.48998   ,
         87.6552918 ,   -4.82096074,   74.46603098, -170.75242258,
        100.34801236,   55.76668531])
						array([ 6.12209665,  5.49428739,  1.93431791, 11.47258217,  5.54006189,
        4.94390406,  8.5616537 ,  9.57182739,  8.46234819,  2.3841574 ])

 2880.08168494			array([  -3.22514402,    5.54847198,  -47.64863573,    3.39852833,
         93.82614084,   -7.06242651,   72.90323692, -176.51811609,
         99.62454923,   56.56716473])
						array([ 7.46597153,  6.70035048,  2.35892428, 13.99095386,  6.75617303,
        6.0291513 , 10.4410411 , 11.67296023, 10.31993682,  2.90750902])

 2864.58723924			array([ -10.79783262,   16.01552007,  -44.32928775,   -1.4961197 ,
         94.65150581,   -6.27579185,   89.36814832, -180.        ,
         94.9767972 ,   58.21392049])
						array([13.54081399, 12.15222951,  4.27831191, 25.37498343, 12.25347324,
       10.9348952 , 18.93661058, 21.17090623, 18.71696729,  5.273264  ])

 2829.37974893			array([  -8.84815073,   12.83282949,  -42.67657696,  -14.18077775,
        110.52774419,   -3.31030834,   99.01183361, -180.        ,
         99.34821182,   57.28155583])
						array([ 7.46597153,  6.70035048,  2.35892428, 13.99095386,  6.75617303,
        6.0291513 , 10.4410411 , 11.67296023, 10.31993682,  2.90750902])

 2675.73732804			array([  -8.15462653,   15.63924567,  -41.98154254,   -9.10861678,
        110.14281347,   -2.39993703,   95.90872567, -177.43452775,
        100.97408424,   57.0032412 ])
						array([2.26970515, 2.03695125, 0.71712872, 4.25334331, 2.05392167,
       1.83290222, 3.17414615, 3.54865778, 3.13732964, 0.88390214])

 2599.99055751			array([  -7.42301957,   16.2472036 ,  -42.41805029,   -1.68765289,
        110.14288412,   -1.38139699,   98.52065787, -177.03111646,
        103.74310412,   57.51753817])
						array([2.76793311, 2.48408689, 0.87454722, 5.18700404, 2.50478253,
       2.23524661, 3.87090994, 4.32763144, 3.82601176, 1.07792944])

 2562.25694798			array([  -5.1866221 ,   19.32468038,  -41.6069322 ,   -4.65321273,
        114.18592938,   -2.07222611,   95.33099628, -177.14893628,
         98.11028668,   57.49044999])
						array([3.37552819, 3.02937425, 1.066521  , 6.32561468, 3.05461284,
       2.7259105 , 4.72062188, 5.27759932, 4.665868  , 1.3145481 ])

 2467.43353527			array([   1.89793381,   22.73164228,  -41.43527392,   -6.2546137 ,
        114.04458097,   -2.25917512,   96.07505283, -180.        ,
         90.57871737,   57.42173883])
						array([4.11649779, 3.69435884, 1.30063536, 7.71416425, 3.72513761,
       3.32428109, 5.75685595, 6.43609674, 5.69008292, 1.60310744])

 2148.92773027			array([   7.36501374,   13.93072457,  -39.11326258,  -12.72247986,
        106.08032689,    5.7983399 ,  106.17134386, -180.        ,
         96.25680407,   64.97825767])
						array([11.10346747,  9.9648282 ,  3.50821577, 20.80748641, 10.04784805,
        8.96661406, 15.52802067, 17.36014311, 15.34791318,  4.32407648])

 1995.65533396			array([   9.22470338,  -17.62144398,  -29.66490161,  -14.93894068,
        117.12436272,    5.76777869,   73.361276  , -168.45616315,
        101.70138397,   72.13383046])
						array([20.1380339 , 18.07291717,  6.36274823, 37.73792895, 18.22348786,
       16.26248542, 28.1627165 , 31.48558334, 27.83606081,  7.84245092])

 1782.55974227			array([  17.89326022,  -14.11236751,  -28.87105305,  -12.93765656,
        122.44848032,    3.71726424,   92.89672333, -177.85651447,
         92.27874024,   70.16003668])
						array([ 9.10484333,  8.17115912,  2.87673693, 17.06213886,  8.2392354 ,
        7.35262353, 12.73297695, 14.23531735, 12.5852888 ,  3.54574271])

 1386.14901355			array([  15.09535066,   -9.73148996,  -27.86224276,   -6.62903526,
        121.93006361,   -2.96393212,  100.91595729, -179.06844932,
         91.73222528,   69.65679615])
						array([ 9.10484333,  8.17115912,  2.87673693, 17.06213886,  8.2392354 ,
        7.35262353, 12.73297695, 14.23531735, 12.5852888 ,  3.54574271])

 1386.49826867			array([   5.73465536,   -5.15234171,  -25.99498476,   19.4486226 ,
        120.07269338,    2.66910136,  102.6895186 , -180.        ,
         89.36952534,   68.26748754])
						array([11.10346747,  9.9648282 ,  3.50821577, 20.80748641, 10.04784805,
        8.96661406, 15.52802067, 17.36014311, 15.34791318,  4.32407648])

 1291.47013132			array([   0.39267496,   -5.26648412,  -23.65676359,   18.7029474 ,
        129.09671127,   -2.76027544,  104.45970705, -180.        ,
        110.84223167,   75.71548172])
						array([13.54081399, 12.15222951,  4.27831191, 25.37498343, 12.25347324,
       10.9348952 , 18.93661058, 21.17090623, 18.71696729,  5.273264  ])

 857.683641318			array([  10.79463293,    2.68307403,  -18.81711652,   18.4343827 ,
        112.71896909,   14.01267477,   91.96134448, -151.47807799,
        161.05332354,   81.36861819])
						array([13.54081399, 12.15222951,  4.27831191, 25.37498343, 12.25347324,
       10.9348952 , 18.93661058, 21.17090623, 18.71696729,  5.273264  ])

 632.611063351			array([  13.42228028,    6.76353628,  -20.14879983,    5.99413859,
        114.18498645,   19.26442309,   96.72161694, -144.90863463,
        163.93899757,   82.79292455])
						array([4.11649779, 3.69435884, 1.30063536, 7.71416425, 3.72513761,
       3.32428109, 5.75685595, 6.43609674, 5.69008292, 1.60310744])

 622.334541392			array([  14.33085883,    8.23205741,  -20.24131527,    2.00455479,
        112.42689591,   19.66376667,   92.38026889, -145.82088169,
        160.9679907 ,   82.20938843])
						array([1.86115823, 1.67030002, 0.58804555, 3.48774152, 1.68421577,
       1.50297982, 2.60279984, 2.90989938, 2.57261031, 0.72479976])

 609.106702663			array([  12.06506949,    8.14923524,  -20.26196496,    3.21970731,
        110.89969221,   21.52369073,   95.74515947, -145.00975711,
        157.62143005,   82.89345339])
						array([2.26970515, 2.03695125, 0.71712872, 4.25334331, 2.05392167,
       1.83290222, 3.17414615, 3.54865778, 3.13732964, 0.88390214])

 592.263024641			array([   7.64350356,   10.32841685,  -19.13284415,    2.60842795,
        108.32445147,   18.2475263 ,  103.68590539, -139.41646586,
        157.80172835,   82.75212579])
						array([5.02011926, 4.50531566, 1.58614069, 9.40751738, 4.54285075,
       4.05400133, 7.02055604, 7.84889846, 6.93912552, 1.95500907])

 504.160603136			array([   7.85207807,    7.63478952,  -17.50033519,   -0.49651718,
        107.57124894,   16.69756952,  104.25811403, -138.53287315,
        155.98215698,   83.61150185])
						array([2.76793311, 2.48408689, 0.87454722, 5.18700404, 2.50478253,
       2.23524661, 3.87090994, 4.32763144, 3.82601176, 1.07792944])

 442.407078835			array([   7.9073152 ,    4.95323232,  -16.13685111,    5.41021106,
        110.47685989,   15.43469587,  103.35453229, -146.99324875,
        160.75950931,   85.74489265])
						array([3.37552819, 3.02937425, 1.066521  , 6.32561468, 3.05461284,
       2.7259105 , 4.72062188, 5.27759932, 4.665868  , 1.3145481 ])

 400.211302888			array([   5.17445438,    9.5822857 ,  -14.32641321,    2.26196276,
        110.84375648,   15.03408411,  100.03473843, -141.87311879,
        164.67840308,   88.2632048 ])
						array([5.02011926, 4.50531566, 1.58614069, 9.40751738, 4.54285075,
       4.05400133, 7.02055604, 7.84889846, 6.93912552, 1.95500907])

 322.910582567			array([  10.76340528,    7.83479301,  -11.46254074,    9.5969266 ,
        112.98251596,   12.04947769,  101.77431317, -140.02261908,
        170.96286621,   90.3413046 ])
						array([3.37552819, 3.02937425, 1.066521  , 6.32561468, 3.05461284,
       2.7259105 , 4.72062188, 5.27759932, 4.665868  , 1.3145481 ])

 291.333303438			array([  13.22083652,    9.06606944,  -10.69845495,    7.14635928,
        113.68772999,   12.9296141 ,  110.42208445, -143.57533506,
        170.19361416,   94.17407039])
						array([3.37552819, 3.02937425, 1.066521  , 6.32561468, 3.05461284,
       2.7259105 , 4.72062188, 5.27759932, 4.665868  , 1.3145481 ])

 227.865707987			array([  12.58135683,    7.97621105,   -8.97129223,    3.23665772,
        115.45220995,    9.95714972,  110.16705876, -139.65427661,
        174.88345466,   95.50601453])
						array([4.11649779, 3.69435884, 1.30063536, 7.71416425, 3.72513761,
       3.32428109, 5.75685595, 6.43609674, 5.69008292, 1.60310744])

 196.299928556			array([  10.96712713,    4.23334343,   -7.96663552,    5.99071735,
        117.77892537,   14.53348734,  118.87162493, -143.51239966,
        176.3147516 ,   95.88659516])
						array([5.02011926, 4.50531566, 1.58614069, 9.40751738, 4.54285075,
       4.05400133, 7.02055604, 7.84889846, 6.93912552, 1.95500907])

 192.883557268			array([  11.21465398,    4.31023983,   -8.46359705,    5.0444886 ,
        120.32821421,   16.26927271,  118.67626717, -141.09871568,
        172.67363221,   95.59679302])
						array([1.02618309, 0.92094998, 0.3242295 , 1.92302906, 0.92862268,
       0.82869498, 1.43510054, 1.6044254 , 1.418455  , 0.39963139])

 167.042049776			array([  11.1540851 ,    4.06984583,   -8.3086666 ,    4.96746688,
        120.05961924,   16.22063571,  119.90303243, -141.68613596,
        172.51813076,   95.82939829])
						array([0.4639597 , 0.41638153, 0.14659121, 0.86944329, 0.41985052,
       0.37467103, 0.64884018, 0.72539564, 0.64131437, 0.18068205])

 162.661683739			array([  11.17132831,    4.08408439,   -8.2911175 ,    4.8839644 ,
        120.07665419,   16.4033386 ,  119.84744755, -141.54821171,
        172.31527796,   95.82167989])
						array([0.11565841, 0.10379786, 0.03654306, 0.21673958, 0.10466263,
       0.09340004, 0.16174643, 0.18083059, 0.15987035, 0.04504141])

 160.809393935			array([  11.20900845,    4.0734439 ,   -8.27108246,    4.81855537,
        120.16404154,   16.40087044,  119.95671367, -141.36024376,
        172.2400203 ,   95.79618371])
						array([0.07776872, 0.06979368, 0.02457155, 0.14573569, 0.07037516,
       0.06280219, 0.1087583 , 0.12159049, 0.10749683, 0.03028584])

 159.608850877			array([  11.09283622,    4.10612389,   -8.27453801,    4.77014006,
        120.06492842,   16.50352398,  119.97244942, -141.31472956,
        172.21799569,   95.75124768])
						array([0.0948399 , 0.08511425, 0.02996531, 0.17772645, 0.08582336,
       0.07658804, 0.13263207, 0.14828109, 0.13109369, 0.03693396])

 159.159849188			array([  11.06501867,    4.07989289,   -8.28529763,    4.73033654,
        120.06265066,   16.41221927,  119.87524901, -141.48165405,
        172.21726147,   95.74415676])
						array([0.06377035, 0.05723082, 0.02014867, 0.11950327, 0.05770763,
       0.0514978 , 0.08918181, 0.0997042 , 0.0881474 , 0.02483439])

 158.17232829			array([  11.09995024,    4.06068591,   -8.29470299,    4.73600506,
        120.08711278,   16.42290683,  119.82943957, -141.31237679,
        172.42646202,   95.73882582])
						array([0.07776872, 0.06979368, 0.02457155, 0.14573569, 0.07037516,
       0.06280219, 0.1087583 , 0.12159049, 0.10749683, 0.03028584])

 158.266671685			array([  11.06843339,    4.02210401,   -8.29245226,    4.79421765,
        120.07603065,   16.42136349,  119.77763407, -141.35633049,
        172.42301303,   95.72851554])
						array([0.02883196, 0.0258753 , 0.00910965, 0.05403003, 0.02609087,
       0.02328327, 0.04032104, 0.04507844, 0.03985336, 0.01122817])

 158.345048482			array([  11.08123985,    4.02680838,   -8.29780455,    4.80447855,
        120.0952587 ,   16.41310079,  119.79514991, -141.35057073,
        172.40707102,   95.72637363])
						array([0.01303556, 0.01169879, 0.00411867, 0.02442815, 0.01179625,
       0.01052687, 0.01823002, 0.02038094, 0.01801857, 0.0050765 ])

 158.333987149			array([  11.07190359,    4.04392629,   -8.30007736,    4.77712524,
        120.08639608,   16.41518801,  119.78178495, -141.32720474,
        172.4442761 ,   95.72950272])
						array([0.01589702, 0.01426681, 0.00502277, 0.02979043, 0.01438567,
       0.01283765, 0.02223173, 0.02485481, 0.02197387, 0.00619085])

 158.415345292			array([  11.07538975,    4.05611009,   -8.29899237,    4.76639725,
        120.08314491,   16.40518181,  119.76836511, -141.32167267,
        172.4618498 ,   95.74094843])
						array([0.02883196, 0.0258753 , 0.00910965, 0.05403003, 0.02609087,
       0.02328327, 0.04032104, 0.04507844, 0.03985336, 0.01122817])

 157.931249037			array([  11.07273909,    4.02313909,   -8.28630363,    4.77855492,
        120.08148459,   16.41374455,  119.79279166, -141.31003673,
        172.45593467,   95.73519349])
						array([0.03516093, 0.03155524, 0.01110933, 0.06589028, 0.03181814,
       0.02839424, 0.04917199, 0.05497371, 0.04860165, 0.01369289])

 158.433050779			array([  11.06443256,    4.04200876,   -8.30993028,    4.74618641,
        119.99814313,   16.40294934,  119.76236397, -141.34800687,
        172.41726743,   95.76293214])
						array([0.05229169, 0.04692927, 0.01652191, 0.09799268, 0.04732025,
       0.04222819, 0.07312908, 0.08175745, 0.07228087, 0.0203642 ])

 158.458811282			array([  11.12498285,    3.98854015,   -8.3283185 ,    4.80626897,
        119.93603616,   16.43118325,  119.91924085, -141.35882237,
        172.41120771,   95.73380293])
						array([0.07776872, 0.06979368, 0.02457155, 0.14573569, 0.07037516,
       0.06280219, 0.1087583 , 0.12159049, 0.10749683, 0.03028584])

 157.922486359			array([  11.14468174,    3.99502952,   -8.3165506 ,    4.78221089,
        120.0343203 ,   16.35760139,  119.84043996, -141.43729408,
        172.38279946,   95.71590449])
						array([0.03516093, 0.03155524, 0.01110933, 0.06589028, 0.03181814,
       0.02839424, 0.04917199, 0.05497371, 0.04860165, 0.01369289])

 157.737508051			array([  11.14239319,    3.97402017,   -8.31217519,    4.74734562,
        120.04257665,   16.3594735 ,  119.84659635, -141.39832136,
        172.41250653,   95.71691009])
						array([0.01938661, 0.01739855, 0.00612533, 0.03632979, 0.0175435 ,
       0.01565567, 0.02711186, 0.03031074, 0.0267974 , 0.00754982])

 157.797138409			array([  11.14178042,    3.96716094,   -8.310964  ,    4.75805792,
        120.0838821 ,   16.3783181 ,  119.79734935, -141.35222312,
        172.43159276,   95.72616991])
						array([0.02364221, 0.02121775, 0.00746992, 0.04430462, 0.02139452,
       0.01909228, 0.03306325, 0.03696432, 0.03267975, 0.0092071 ])

 157.562431081			array([  11.13522081,    3.97395681,   -8.30348043,    4.74522423,
        120.10302524,   16.38952384,  119.83379228, -141.37052786,
        172.41636604,   95.74040486])
						array([0.02883196, 0.0258753 , 0.00910965, 0.05403003, 0.02609087,
       0.02328327, 0.04032104, 0.04507844, 0.03985336, 0.01122817])

 158.195178796			array([  11.11729433,    3.93545401,   -8.30370388,    4.76418646,
        120.11331429,   16.39530635,  119.85192203, -141.44204609,
        172.40640635,   95.73091843])
						array([0.03516093, 0.03155524, 0.01110933, 0.06589028, 0.03181814,
       0.02839424, 0.04917199, 0.05497371, 0.04860165, 0.01369289])

 158.266912696			array([  11.13613477,    3.95571284,   -8.30995331,    4.79401037,
        120.01077653,   16.37718849,  119.82892007, -141.350967  ,
        172.38947829,   95.7458255 ])
						array([0.05229169, 0.04692927, 0.01652191, 0.09799268, 0.04732025,
       0.04222819, 0.07312908, 0.08175745, 0.07228087, 0.0203642 ])

 158.288846709			array([  11.14085708,    3.94492471,   -8.30879427,    4.78027851,
        120.00356446,   16.36970061,  119.81618752, -141.457654  ,
        172.39031641,   95.7492944 ])
						array([0.02364221, 0.02121775, 0.00746992, 0.04430462, 0.02139452,
       0.01909228, 0.03306325, 0.03696432, 0.03267975, 0.0092071 ])

 157.632543083			array([  11.09092999,    3.96306978,   -8.28314544,    4.76146609,
        119.98775861,   16.38689569,  119.8134976 , -141.47204864,
        172.35692643,   95.74839391])
						array([0.02364221, 0.02121775, 0.00746992, 0.04430462, 0.02139452,
       0.01909228, 0.03306325, 0.03696432, 0.03267975, 0.0092071 ])

 158.151061472			array([  11.12702221,    3.98009904,   -8.27910834,    4.81665882,
        119.98133069,   16.39178118,  119.81101938, -141.4355888 ,
        172.35562717,   95.74257083])
						array([0.02883196, 0.0258753 , 0.00910965, 0.05403003, 0.02609087,
       0.02328327, 0.04032104, 0.04507844, 0.03985336, 0.01122817])

 157.617795891			array([  11.13830432,    3.96009368,   -8.27687631,    4.73305081,
        120.0013489 ,   16.39196353,  119.78609751, -141.44813284,
        172.40598154,   95.74027927])
						array([0.02364221, 0.02121775, 0.00746992, 0.04430462, 0.02139452,
       0.01909228, 0.03306325, 0.03696432, 0.03267975, 0.0092071 ])

 157.443939287			array([  11.11470261,    3.96988002,   -8.28150926,    4.73093958,
        120.00506009,   16.37503102,  119.80306173, -141.37016713,
        172.44471078,   95.73675251])
						array([0.02364221, 0.02121775, 0.00746992, 0.04430462, 0.02139452,
       0.01909228, 0.03306325, 0.03696432, 0.03267975, 0.0092071 ])

 157.424888382			array([  11.11815988,    3.97874161,   -8.28759213,    4.77379539,
        120.00549226,   16.36762149,  119.80480717, -141.30557169,
        172.48906028,   95.74778016])
						array([0.02883196, 0.0258753 , 0.00910965, 0.05403003, 0.02609087,
       0.02328327, 0.04032104, 0.04507844, 0.03985336, 0.01122817])

 157.360287121			array([  11.13702313,    3.98043564,   -8.28408174,    4.74413777,
        120.03287679,   16.43145433,  119.78869966, -141.26178468,
        172.49723025,   95.76759443])
						array([0.05229169, 0.04692927, 0.01652191, 0.09799268, 0.04732025,
       0.04222819, 0.07312908, 0.08175745, 0.07228087, 0.0203642 ])

 157.469351568			array([  11.08354418,    3.98801211,   -8.28033372,    4.74761717,
        120.02515642,   16.42894297,  119.78494754, -141.27142128,
        172.52462932,   95.76348519])
						array([0.02364221, 0.02121775, 0.00746992, 0.04430462, 0.02139452,
       0.01909228, 0.03306325, 0.03696432, 0.03267975, 0.0092071 ])

 157.431939143			array([  11.09819931,    3.98982521,   -8.2803949 ,    4.72464546,
        120.01232862,   16.45341288,  119.72875616, -141.28621502,
        172.49950643,   95.77626342])
						array([0.01938661, 0.01739855, 0.00612533, 0.03632979, 0.0175435 ,
       0.01565567, 0.02711186, 0.03031074, 0.0267974 , 0.00754982])

 157.421849748			array([  11.14702896,    4.00062924,   -8.28810195,    4.74282898,
        119.9937357 ,   16.45560631,  119.69859465, -141.24448527,
        172.50606912,   95.78859016])
						array([0.02364221, 0.02121775, 0.00746992, 0.04430462, 0.02139452,
       0.01909228, 0.03306325, 0.03696432, 0.03267975, 0.0092071 ])

 157.381720092			array([  11.14409031,    4.00200189,   -8.28577318,    4.75872715,
        119.9944094 ,   16.45422023,  119.69729594, -141.23421747,
        172.51524026,   95.78878205])
						array([0.00589366, 0.00528928, 0.00186214, 0.0110445 , 0.00533334,
       0.00475943, 0.00824219, 0.00921467, 0.00814659, 0.0022952 ])

 157.363197677			array([  11.14332507,    4.004314  ,   -8.28459058,    4.74556336,
        119.99330374,   16.45316668,  119.70155252, -141.23805389,
        172.49610334,   95.7902998 ])
						array([0.00589366, 0.00528928, 0.00186214, 0.0110445 , 0.00533334,
       0.00475943, 0.00824219, 0.00921467, 0.00814659, 0.0022952 ])

 157.396583424			array([  11.14541136,    4.011453  ,   -8.28080085,    4.74587102,
        119.98876065,   16.44694139,  119.70395024, -141.24010784,
        172.49378093,   95.79134833])
						array([0.00718739, 0.00645034, 0.0022709 , 0.0134689 , 0.00650408,
       0.00580418, 0.01005145, 0.0112374 , 0.00993486, 0.00279902])

 157.379630933			array([  11.14281596,    4.00944126,   -8.28159618,    4.74009774,
        119.97994354,   16.44679516,  119.7007366 , -141.24579538,
        172.49840097,   95.78878903])
						array([0.00876511, 0.00786626, 0.0027694 , 0.01642549, 0.0079318 ,
       0.00707827, 0.01225786, 0.01370415, 0.01211569, 0.00341344])

 157.316677244			array([  11.13258964,    4.00710735,   -8.27694818,    4.76756986,
        119.96413858,   16.44667646,  119.68832036, -141.21721063,
        172.49837404,   95.78916485])
						array([0.01303556, 0.01169879, 0.00411867, 0.02442815, 0.01179625,
       0.01052687, 0.01823002, 0.02038094, 0.01801857, 0.0050765 ])

 157.288529053			array([  11.10680393,    4.0046996 ,   -8.28252393,    4.76347831,
        119.97067995,   16.43779382,  119.70338646, -141.20686063,
        172.46533944,   95.78638316])
						array([0.01589702, 0.01426681, 0.00502277, 0.02979043, 0.01438567,
       0.01283765, 0.02223173, 0.02485481, 0.02197387, 0.00619085])

 157.333558949			array([  11.10706227,    3.99980816,   -8.28716164,    4.73197439,
        119.96502634,   16.4496413 ,  119.6765719 , -141.1748448 ,
        172.46428858,   95.77153454])
						array([0.01938661, 0.01739855, 0.00612533, 0.03632979, 0.0175435 ,
       0.01565567, 0.02711186, 0.03031074, 0.0267974 , 0.00754982])

 157.437679142			array([  11.11908633,    4.02354148,   -8.26955912,    4.77401618,
        119.9745591 ,   16.4397868 ,  119.70632146, -141.17966853,
        172.42606987,   95.76978103])
						array([0.02364221, 0.02121775, 0.00746992, 0.04430462, 0.02139452,
       0.01909228, 0.03306325, 0.03696432, 0.03267975, 0.0092071 ])

 157.406725488			array([  11.13436442,    3.98672218,   -8.26381752,    4.77566287,
        119.94819677,   16.48715841,  119.60457106, -141.17589682,
        172.4010463 ,   95.76092514])
						array([0.06377035, 0.05723082, 0.02014867, 0.11950327, 0.05770763,
       0.0514978 , 0.08918181, 0.0997042 , 0.0881474 , 0.02483439])

 157.487178231			array([  11.13450638,    3.9771891 ,   -8.27009424,    4.77847165,
        119.94122862,   16.48231487,  119.63469577, -141.14898856,
        172.39570851,   95.75512918])
						array([0.00876511, 0.00786626, 0.0027694 , 0.01642549, 0.0079318 ,
       0.00707827, 0.01225786, 0.01370415, 0.01211569, 0.00341344])

 157.438745732			array([  11.14172821,    3.98615524,   -8.26713306,    4.77350454,
        119.94175066,   16.49348813,  119.63559873, -141.15662716,
        172.37931622,   95.74853436])
						array([0.00876511, 0.00786626, 0.0027694 , 0.01642549, 0.0079318 ,
       0.00707827, 0.01225786, 0.01370415, 0.01211569, 0.00341344])

 157.459845024			array([  11.12697231,    3.98621545,   -8.26696415,    4.78369631,
        119.93537163,   16.49458466,  119.63800759, -141.13255961,
        172.39775209,   95.74458245])
						array([0.01068916, 0.009593  , 0.00337731, 0.02003108, 0.00967293,
       0.00863204, 0.01494861, 0.01671237, 0.01477523, 0.00416273])

 157.390270336			array([  11.12292518,    4.00516692,   -8.26742532,    4.7802746 ,
        119.95357496,   16.46346061,  119.60520383, -141.1156404 ,
        172.3890383 ,   95.7371959 ])
						array([0.01938661, 0.01739855, 0.00612533, 0.03632979, 0.0175435 ,
       0.01565567, 0.02711186, 0.03031074, 0.0267974 , 0.00754982])

 157.373527096			array([  11.12453325,    4.02585224,   -8.26254336,    4.74693971,
        119.95883654,   16.49307487,  119.68582218, -141.10902146,
        172.36977308,   95.76807926])
						array([0.04287918, 0.038482  , 0.01354797, 0.080354  , 0.03880261,
       0.03462712, 0.05996585, 0.06704111, 0.05927031, 0.01669865])

 157.408587917			array([  11.14720733,    4.00742415,   -8.26294579,    4.75999448,
        119.95891238,   16.51379774,  119.71491983, -141.16596636,
        172.40118241,   95.76976043])
						array([0.01938661, 0.01739855, 0.00612533, 0.03632979, 0.0175435 ,
       0.01565567, 0.02711186, 0.03031074, 0.0267974 , 0.00754982])

 157.441892727			array([  11.14952981,    4.00338236,   -8.2613042 ,    4.76284688,
        119.95884411,   16.53155219,  119.72891655, -141.15831085,
        172.40732521,   95.77211265])
						array([0.01303556, 0.01169879, 0.00411867, 0.02442815, 0.01179625,
       0.01052687, 0.01823002, 0.02038094, 0.01801857, 0.0050765 ])

 157.461203069			array([  11.13987821,    4.00668783,   -8.25971104,    4.7240259 ,
        119.93692867,   16.5406274 ,  119.72266141, -141.17240228,
        172.38122395,   95.77718484])
						array([0.01589702, 0.01426681, 0.00502277, 0.02979043, 0.01438567,
       0.01283765, 0.02223173, 0.02485481, 0.02197387, 0.00619085])

 157.433088588			array([  11.14074415,    3.97967914,   -8.25089536,    4.75107461,
        119.94176251,   16.56196478,  119.75390703, -141.13261143,
        172.36484616,   95.77166445])
						array([0.02883196, 0.0258753 , 0.00910965, 0.05403003, 0.02609087,
       0.02328327, 0.04032104, 0.04507844, 0.03985336, 0.01122817])

 157.2530977			array([  11.11628752,    3.98509261,   -8.26935413,    4.76160224,
        119.92008468,   16.563713  ,  119.70626262, -141.02201173,
        172.37571799,   95.76411506])
						array([0.04287918, 0.038482  , 0.01354797, 0.080354  , 0.03880261,
       0.03462712, 0.05996585, 0.06704111, 0.05927031, 0.01669865])

 157.461661905			array([  11.15489138,    3.99814124,   -8.27420476,    4.75369616,
        119.91478247,   16.56710533,  119.69689285, -141.02601342,
        172.36738837,   95.76158145])
						array([0.01589702, 0.01426681, 0.00502277, 0.02979043, 0.01438567,
       0.01283765, 0.02223173, 0.02485481, 0.02197387, 0.00619085])

 157.393162228			array([  11.12771272,    3.9683769 ,   -8.27430687,    4.74354211,
        119.8875619 ,   16.60246531,  119.68060931, -141.0404175 ,
        172.38711568,   95.76871315])
						array([0.01589702, 0.01426681, 0.00502277, 0.02979043, 0.01438567,
       0.01283765, 0.02223173, 0.02485481, 0.02197387, 0.00619085])

 157.3564056			array([  11.13446175,    3.97523838,   -8.27878155,    4.75108927,
        119.90303861,   16.58801721,  119.68552044, -141.04501567,
        172.3697136 ,   95.76594374])
						array([0.01938661, 0.01739855, 0.00612533, 0.03632979, 0.0175435 ,
       0.01565567, 0.02711186, 0.03031074, 0.0267974 , 0.00754982])

 157.419358879			array([  11.14588602,    3.98356358,   -8.26442633,    4.76194596,
        119.91301704,   16.63058402,  119.68771126, -141.00426516,
        172.3366063 ,   95.7765628 ])
						array([0.01938661, 0.01739855, 0.00612533, 0.03632979, 0.0175435 ,
       0.01565567, 0.02711186, 0.03031074, 0.0267974 , 0.00754982])

 157.480019385			array([  11.15149954,    3.98606181,   -8.26845276,    4.7359789 ,
        119.91783742,   16.63836312,  119.67986612, -141.01462519,
        172.36833868,   95.77555085])
						array([0.00876511, 0.00786626, 0.0027694 , 0.01642549, 0.0079318 ,
       0.00707827, 0.01225786, 0.01370415, 0.01211569, 0.00341344])

 157.484240717			array([  11.15475225,    3.99027854,   -8.26821119,    4.7413681 ,
        119.92096559,   16.64569743,  119.70499899, -141.00911689,
        172.37149375,   95.77873136])
						array([0.01068916, 0.009593  , 0.00337731, 0.02003108, 0.00967293,
       0.00863204, 0.01494861, 0.01671237, 0.01477523, 0.00416273])

 157.391979877			array([  11.14802643,    3.99116105,   -8.26744349,    4.75824212,
        119.93808306,   16.6425688 ,  119.72145115, -141.00856446,
        172.40387733,   95.78321006])
						array([0.01303556, 0.01169879, 0.00411867, 0.02442815, 0.01179625,
       0.01052687, 0.01823002, 0.02038094, 0.01801857, 0.0050765 ])

 157.393743465			array([  11.12625607,    4.0100728 ,   -8.26723685,    4.72224679,
        119.89217458,   16.67756042,  119.70289218, -140.9873253 ,
        172.38873883,   95.76616766])
						array([0.02883196, 0.0258753 , 0.00910965, 0.05403003, 0.02609087,
       0.02328327, 0.04032104, 0.04507844, 0.03985336, 0.01122817])

 157.231950929			array([  11.11792819,    4.00808109,   -8.27239447,    4.74125263,
        119.88630599,   16.68106257,  119.69895749, -141.01098081,
        172.37574805,   95.76800085])
						array([0.00876511, 0.00786626, 0.0027694 , 0.01642549, 0.0079318 ,
       0.00707827, 0.01225786, 0.01370415, 0.01211569, 0.00341344])

 157.304469501			array([  11.1215974 ,    4.0211034 ,   -8.27104859,    4.74877128,
        119.89152782,   16.67472321,  119.71120621, -140.98985452,
        172.39200138,   95.76163005])
						array([0.00876511, 0.00786626, 0.0027694 , 0.01642549, 0.0079318 ,
       0.00707827, 0.01225786, 0.01370415, 0.01211569, 0.00341344])

 157.245016575			array([  11.11293208,    4.01191711,   -8.26824302,    4.75431298,
        119.88867239,   16.68896857,  119.7147382 , -140.97253904,
        172.3874952 ,   95.76290973])
						array([0.01068916, 0.009593  , 0.00337731, 0.02003108, 0.00967293,
       0.00863204, 0.01494861, 0.01671237, 0.01477523, 0.00416273])

 157.26496443			array([  11.10236234,    3.99436553,   -8.26395427,    4.7441595 ,
        119.88694489,   16.68373753,  119.70263576, -140.99123983,
        172.38416921,   95.75935108])
						array([0.01303556, 0.01169879, 0.00411867, 0.02442815, 0.01179625,
       0.01052687, 0.01823002, 0.02038094, 0.01801857, 0.0050765 ])

 157.285696279			array([  11.10922564,    3.99375002,   -8.26275432,    4.73310581,
        119.89696321,   16.68300157,  119.71223866, -140.9642149 ,
        172.37027398,   95.76686222])
						array([0.01589702, 0.01426681, 0.00502277, 0.02979043, 0.01438567,
       0.01283765, 0.02223173, 0.02485481, 0.02197387, 0.00619085])

 157.232059952			array([  11.12751417,    3.98993277,   -8.26445962,    4.75197377,
        119.93216027,   16.69257319,  119.67884099, -141.00774811,
        172.37249594,   95.7703534 ])
						array([0.02883196, 0.0258753 , 0.00910965, 0.05403003, 0.02609087,
       0.02328327, 0.04032104, 0.04507844, 0.03985336, 0.01122817])

 157.42611228			array([  11.14396355,    3.99062245,   -8.24997501,    4.74301707,
        119.95061284,   16.67874699,  119.69589306, -141.04472701,
        172.33091105,   95.79181668])
						array([0.03516093, 0.03155524, 0.01110933, 0.06589028, 0.03181814,
       0.02839424, 0.04917199, 0.05497371, 0.04860165, 0.01369289])

 157.423728752			array([  11.14041492,    4.00023675,   -8.25344944,    4.73080869,
        119.9463694 ,   16.69173445,  119.6822435 , -141.07224213,
        172.34788716,   95.7902113 ])
						array([0.01303556, 0.01169879, 0.00411867, 0.02442815, 0.01179625,
       0.01052687, 0.01823002, 0.02038094, 0.01801857, 0.0050765 ])

 157.362700346			array([  11.13696933,    4.0062993 ,   -8.25369506,    4.73804285,
        119.95433457,   16.72206143,  119.69522577, -141.03085427,
        172.35487109,   95.78157954])
						array([0.01303556, 0.01169879, 0.00411867, 0.02442815, 0.01179625,
       0.01052687, 0.01823002, 0.02038094, 0.01801857, 0.0050765 ])

 157.409412054			array([  11.13265014,    4.01872105,   -8.25679601,    4.73436302,
        119.95832815,   16.7269231 ,  119.70811558, -141.03387311,
        172.34986126,   95.77644065])
						array([0.01589702, 0.01426681, 0.00502277, 0.02979043, 0.01438567,
       0.01283765, 0.02223173, 0.02485481, 0.02197387, 0.00619085])

 157.455724867			array([  11.12098995,    4.01372392,   -8.25526949,    4.72143265,
        119.97200544,   16.73532458,  119.75088315, -141.00875212,
        172.32025966,   95.77563132])
						array([0.02364221, 0.02121775, 0.00746992, 0.04430462, 0.02139452,
       0.01909228, 0.03306325, 0.03696432, 0.03267975, 0.0092071 ])

 157.389293966			array([  11.1175595 ,    4.02287044,   -8.25268933,    4.75659104,
        119.96831848,   16.76265942,  119.79426349, -141.04832847,
        172.33360376,   95.78759447])
						array([0.02883196, 0.0258753 , 0.00910965, 0.05403003, 0.02609087,
       0.02328327, 0.04032104, 0.04507844, 0.03985336, 0.01122817])

 157.463428367			array([  11.12787364,    4.01710418,   -8.24441049,    4.76584805,
        119.95574814,   16.74893839,  119.81133784, -141.05084979,
        172.32572507,   95.78608533])
						array([0.00876511, 0.00786626, 0.0027694 , 0.01642549, 0.0079318 ,
       0.00707827, 0.01225786, 0.01370415, 0.01211569, 0.00341344])

 157.444776599			array([  11.1210512 ,    4.02222839,   -8.24426985,    4.74940341,
        119.96682553,   16.74661951,  119.79973185, -141.04075481,
        172.33312886,   95.77981954])
						array([0.00876511, 0.00786626, 0.0027694 , 0.01642549, 0.0079318 ,
       0.00707827, 0.01225786, 0.01370415, 0.01211569, 0.00341344])

 157.457065589			array([  11.1196317 ,    4.02022499,   -8.24196067,    4.74349547,
        119.96186061,   16.74519756,  119.78618792, -141.03960471,
        172.33417984,   95.77963189])
						array([0.01068916, 0.009593  , 0.00337731, 0.02003108, 0.00967293,
       0.00863204, 0.01494861, 0.01671237, 0.01477523, 0.00416273])

 157.365569098			array([  11.10919018,    4.00593791,   -8.24435297,    4.74279408,
        119.96237322,   16.76286097,  119.77623154, -141.02081593,
        172.33767301,   95.77519417])
						array([0.01589702, 0.01426681, 0.00502277, 0.02979043, 0.01438567,
       0.01283765, 0.02223173, 0.02485481, 0.02197387, 0.00619085])

 157.435719948			array([  11.10522015,    4.01202023,   -8.24073645,    4.75085242,
        119.96029763,   16.76034259,  119.77954384, -141.00765681,
        172.33660266,   95.78177503])
						array([0.00718739, 0.00645034, 0.0022709 , 0.0134689 , 0.00650408,
       0.00580418, 0.01005145, 0.0112374 , 0.00993486, 0.00279902])

 157.454414178			array([  11.10278297,    4.01030642,   -8.24372604,    4.73525287,
        119.96694439,   16.75059609,  119.77884126, -141.02913226,
        172.34632511,   95.78271157])
						array([0.00876511, 0.00786626, 0.0027694 , 0.01642549, 0.0079318 ,
       0.00707827, 0.01225786, 0.01370415, 0.01211569, 0.00341344])

 157.488711999			array([  11.09796577,    4.01886338,   -8.24504963,    4.75140241,
        119.95936975,   16.75267421,  119.76303209, -141.05937869,
        172.33855771,   95.78006778])
						array([0.01303556, 0.01169879, 0.00411867, 0.02442815, 0.01179625,
       0.01052687, 0.01823002, 0.02038094, 0.01801857, 0.0050765 ])

 157.49501829			array([  11.0961829 ,    4.00905365,   -8.24026886,    4.75582294,
        119.98386281,   16.74994987,  119.7457216 , -141.09590209,
        172.31887519,   95.77220152])
						array([0.03516093, 0.03155524, 0.01110933, 0.06589028, 0.03181814,
       0.02839424, 0.04917199, 0.05497371, 0.04860165, 0.01369289])

 157.496279966			array([  11.09350481,    4.01019092,   -8.24336519,    4.75709342,
        119.98192266,   16.74840485,  119.74834392, -141.09538798,
        172.3274323 ,   95.77655931])
						array([0.00589366, 0.00528928, 0.00186214, 0.0110445 , 0.00533334,
       0.00475943, 0.00824219, 0.00921467, 0.00814659, 0.0022952 ])

 157.487827244			array([  11.09361841,    4.00646743,   -8.24429678,    4.76183913,
        119.97863188,   16.74860383,  119.74173355, -141.09551628,
        172.32631885,   95.77620856])
						array([0.00324958, 0.00291634, 0.00102673, 0.00608958, 0.00294063,
       0.0026242 , 0.00454448, 0.00508067, 0.00449177, 0.0012655 ])

 157.487554475			array([  11.09457284,    4.00712279,   -8.24368667,    4.76198206,
        119.97473509,   16.74869173,  119.73433886, -141.09227103,
        172.33189944,   95.77491678])
						array([0.0039629 , 0.00355651, 0.0012521 , 0.00742632, 0.00358614,
       0.00320024, 0.00554205, 0.00619594, 0.00547777, 0.00154329])

 157.470212195			array([  11.10335981,    4.00956118,   -8.24641001,    4.77186716,
        119.96394234,   16.74325586,  119.74380538, -141.09277875,
        172.3416856 ,   95.77708651])
						array([0.00718739, 0.00645034, 0.0022709 , 0.0134689 , 0.00650408,
       0.00580418, 0.01005145, 0.0112374 , 0.00993486, 0.00279902])

 157.499112141			array([  11.10003114,    4.00656896,   -8.24214566,    4.76918258,
        119.96550162,   16.74151328,  119.73862533, -141.10221211,
        172.34837977,   95.77610558])
						array([0.00876511, 0.00786626, 0.0027694 , 0.01642549, 0.0079318 ,
       0.00707827, 0.01225786, 0.01370415, 0.01211569, 0.00341344])

 157.469748992			array([  11.10595442,    4.01585777,   -8.24376525,    4.76523908,
        119.97554864,   16.75459283,  119.75277507, -141.11271907,
        172.36914482,   95.77608456])
						array([0.01303556, 0.01169879, 0.00411867, 0.02442815, 0.01179625,
       0.01052687, 0.01823002, 0.02038094, 0.01801857, 0.0050765 ])

 157.385573488			array([  11.10396606,    4.00645666,   -8.24759212,    4.76337289,
        119.9772889 ,   16.77824526,  119.77833587, -141.13477243,
        172.37539927,   95.76866946])
						array([0.01938661, 0.01739855, 0.00612533, 0.03632979, 0.0175435 ,
       0.01565567, 0.02711186, 0.03031074, 0.0267974 , 0.00754982])

 157.400711001			array([  11.1013277 ,    4.0140821 ,   -8.2489878 ,    4.75592742,
        119.9931031 ,   16.7878365 ,  119.77526986, -141.10522506,
        172.3810188 ,   95.76823128])
						array([0.00876511, 0.00786626, 0.0027694 , 0.01642549, 0.0079318 ,
       0.00707827, 0.01225786, 0.01370415, 0.01211569, 0.00341344])

 157.483042727			array([  11.09588588,    4.01326706,   -8.24909419,    4.73402426,
        119.97417786,   16.7949303 ,  119.7732773 , -141.10755108,
        172.36296532,   95.76681567])
						array([0.00876511, 0.00786626, 0.0027694 , 0.01642549, 0.0079318 ,
       0.00707827, 0.01225786, 0.01370415, 0.01211569, 0.00341344])

 157.477462309			array([  11.09795552,    4.00812487,   -8.24488899,    4.73370755,
        119.96928778,   16.78635535,  119.77371892, -141.12443337,
        172.35390606,   95.7716561 ])
						array([0.01068916, 0.009593  , 0.00337731, 0.02003108, 0.00967293,
       0.00863204, 0.01494861, 0.01671237, 0.01477523, 0.00416273])

 157.419332967			array([  11.0969524 ,    3.98867074,   -8.25377048,    4.76798306,
        119.96293983,   16.78553779,  119.74262698, -141.06764875,
        172.36102503,   95.7767705 ])
						array([0.02364221, 0.02121775, 0.00746992, 0.04430462, 0.02139452,
       0.01909228, 0.03306325, 0.03696432, 0.03267975, 0.0092071 ])

 157.257621865			array([  11.12808946,    4.01249823,   -8.26850901,    4.75122234,
        119.9404954 ,   16.77434433,  119.75793177, -141.07610186,
        172.39896593,   95.7892219 ])
						array([0.02883196, 0.0258753 , 0.00910965, 0.05403003, 0.02609087,
       0.02328327, 0.04032104, 0.04507844, 0.03985336, 0.01122817])

 157.353334753			array([  11.11521211,    4.01252939,   -8.28757342,    4.76832028,
        119.93542406,   16.81351024,  119.73436829, -141.06961025,
        172.4003577 ,   95.79678222])
						array([0.02883196, 0.0258753 , 0.00910965, 0.05403003, 0.02609087,
       0.02328327, 0.04032104, 0.04507844, 0.03985336, 0.01122817])

 157.33308306			array([  11.12602165,    4.02008961,   -8.28371528,    4.7495305 ,
        119.93635456,   16.80800653,  119.73125194, -141.06240515,
        172.38100798,   95.79940701])
						array([0.01589702, 0.01426681, 0.00502277, 0.02979043, 0.01438567,
       0.01283765, 0.02223173, 0.02485481, 0.02197387, 0.00619085])

 157.27440735			array([  11.13471314,    3.99719437,   -8.28068644,    4.74285537,
        119.9700453 ,   16.80620426,  119.72455864, -141.00329965,
        172.36508988,   95.80761276])
						array([0.01938661, 0.01739855, 0.00612533, 0.03632979, 0.0175435 ,
       0.01565567, 0.02711186, 0.03031074, 0.0267974 , 0.00754982])

 157.320483739			array([  11.13220945,    3.98438577,   -8.28559548,    4.74157918,
        119.97474897,   16.78274177,  119.72634715, -140.98174783,
        172.35946123,   95.80551748])
						array([0.03516093, 0.03155524, 0.01110933, 0.06589028, 0.03181814,
       0.02839424, 0.04917199, 0.05497371, 0.04860165, 0.01369289])

 157.361470088			array([  11.10836256,    3.9819371 ,   -8.27240358,    4.72803107,
        119.99053058,   16.81260632,  119.70297486, -140.9800466 ,
        172.40213012,   95.803199  ])
						array([0.02883196, 0.0258753 , 0.00910965, 0.05403003, 0.02609087,
       0.02328327, 0.04032104, 0.04507844, 0.03985336, 0.01122817])

 157.216362014			array([  11.11786586,    4.00337957,   -8.26681381,    4.74252643,
        119.97260273,   16.82233737,  119.70413286, -141.01352996,
        172.41117016,   95.80564237])
						array([0.01303556, 0.01169879, 0.00411867, 0.02442815, 0.01179625,
       0.01052687, 0.01823002, 0.02038094, 0.01801857, 0.0050765 ])

 157.266534323			array([  11.10356824,    3.98762937,   -8.26998323,    4.75658891,
        119.97386628,   16.81131905,  119.69573073, -141.02796675,
        172.43067431,   95.80597542])
						array([0.01589702, 0.01426681, 0.00502277, 0.02979043, 0.01438567,
       0.01283765, 0.02223173, 0.02485481, 0.02197387, 0.00619085])

 157.349578889			array([  11.11148958,    4.00307738,   -8.2635722 ,    4.77581723,
        119.97597981,   16.83267036,  119.70091791, -141.02749029,
        172.4336359 ,   95.80201563])
						array([0.01938661, 0.01739855, 0.00612533, 0.03632979, 0.0175435 ,
       0.01565567, 0.02711186, 0.03031074, 0.0267974 , 0.00754982])

 157.47274558			array([  11.14407749,    4.02053421,   -8.25556064,    4.75199374,
        119.98086456,   16.82606262,  119.71469037, -141.04715724,
        172.43777749,   95.80382745])
						array([0.02883196, 0.0258753 , 0.00910965, 0.05403003, 0.02609087,
       0.02328327, 0.04032104, 0.04507844, 0.03985336, 0.01122817])

 157.483504856			array([  11.14048146,    4.02316144,   -8.2536775 ,    4.75710649,
        119.97939522,   16.82216371,  119.71906675, -141.03796425,
        172.43244226,   95.80297641])
						array([0.00324958, 0.00291634, 0.00102673, 0.00608958, 0.00294063,
       0.0026242 , 0.00454448, 0.00508067, 0.00449177, 0.0012655 ])

 157.468427515			array([  11.13567656,    4.02062142,   -8.25309011,    4.76647598,
        119.98170254,   16.82138945,  119.72003898, -141.04406973,
        172.43089316,   95.80281463])
						array([0.00324958, 0.00291634, 0.00102673, 0.00608958, 0.00294063,
       0.0026242 , 0.00454448, 0.00508067, 0.00449177, 0.0012655 ])

 157.461375055			array([  11.12823708,    4.02563819,   -8.25146219,    4.76124406,
        119.98642107,   16.82448755,  119.72508849, -141.03678626,
        172.42976057,   95.80278976])
						array([0.0039629 , 0.00355651, 0.0012521 , 0.00742632, 0.00358614,
       0.00320024, 0.00554205, 0.00619594, 0.00547777, 0.00154329])

 157.374336476			array([  11.1286547 ,    4.01951679,   -8.25274926,    4.75451505,
        119.98441326,   16.82339696,  119.72465179, -141.04475549,
        172.42996787,   95.80338718])
						array([0.0048328 , 0.00433721, 0.00152696, 0.00905649, 0.00437334,
       0.00390273, 0.00675859, 0.00755603, 0.0066802 , 0.00188206])

 157.408018438			array([  11.12663787,    4.01901233,   -8.25020355,    4.76277586,
        119.98209802,   16.82610952,  119.73661822, -141.0379379 ,
        172.43150564,   95.80512433])
						array([0.00589366, 0.00528928, 0.00186214, 0.0110445 , 0.00533334,
       0.00475943, 0.00824219, 0.00921467, 0.00814659, 0.0022952 ])

 157.385895139			array([  11.11982458,    4.01654345,   -8.24953094,    4.76379027,
        119.98652852,   16.82584139,  119.73990763, -141.04097471,
        172.43023962,   95.8045021 ])
						array([0.00718739, 0.00645034, 0.0022709 , 0.0134689 , 0.00650408,
       0.00580418, 0.01005145, 0.0112374 , 0.00993486, 0.00279902])

 157.376185661			array([  11.12181179,    4.01416929,   -8.24488159,    4.74776761,
        119.99421664,   16.82723191,  119.75829095, -141.0307636 ,
        172.4375589 ,   95.80538951])
						array([0.00876511, 0.00786626, 0.0027694 , 0.01642549, 0.0079318 ,
       0.00707827, 0.01225786, 0.01370415, 0.01211569, 0.00341344])

 157.37059614			array([  11.13077068,    4.00538094,   -8.24391281,    4.75131215,
        119.98779677,   16.82737519,  119.74465992, -141.02542302,
        172.43197605,   95.80987022])
						array([0.01303556, 0.01169879, 0.00411867, 0.02442815, 0.01179625,
       0.01052687, 0.01823002, 0.02038094, 0.01801857, 0.0050765 ])

 157.335329251			array([  11.12364269,    4.00634878,   -8.24632556,    4.75703487,
        119.96912427,   16.84490125,  119.74966275, -141.07051399,
        172.443903  ,   95.80930927])
						array([0.02364221, 0.02121775, 0.00746992, 0.04430462, 0.02139452,
       0.01909228, 0.03306325, 0.03696432, 0.03267975, 0.0092071 ])

 157.33061249			array([  11.10723803,    3.97762548,   -8.2603519 ,    4.75718225,
        119.98748848,   16.8783104 ,  119.72312641, -141.08008683,
        172.43147695,   95.81923951])
						array([0.02883196, 0.0258753 , 0.00910965, 0.05403003, 0.02609087,
       0.02328327, 0.04032104, 0.04507844, 0.03985336, 0.01122817])

 157.330256216			array([  11.13772652,    4.00741158,   -8.26633271,    4.76429881,
        119.99088165,   16.87448521,  119.73685749, -141.09688539,
        172.52778257,   95.81330515])
						array([0.03516093, 0.03155524, 0.01110933, 0.06589028, 0.03181814,
       0.02839424, 0.04917199, 0.05497371, 0.04860165, 0.01369289])

 157.478379167			array([  11.12774693,    4.02102795,   -8.2771142 ,    4.77813006,
        119.98588339,   16.86202166,  119.78388489, -141.21469634,
        172.52278807,   95.81332287])
						array([0.02883196, 0.0258753 , 0.00910965, 0.05403003, 0.02609087,
       0.02328327, 0.04032104, 0.04507844, 0.03985336, 0.01122817])

 157.223035098			array([  11.12773783,    4.00263313,   -8.27563289,    4.74630221,
        119.99186011,   16.85338067,  119.76580909, -141.1832057 ,
        172.49315239,   95.8084365 ])
						array([0.01938661, 0.01739855, 0.00612533, 0.03632979, 0.0175435 ,
       0.01565567, 0.02711186, 0.03031074, 0.0267974 , 0.00754982])

 157.213299672			array([  11.12360733,    3.99250211,   -8.27716401,    4.74735348,
        119.99432836,   16.8527819 ,  119.75485048, -141.17926111,
        172.48622686,   95.79870535])
						array([0.01589702, 0.01426681, 0.00502277, 0.02979043, 0.01438567,
       0.01283765, 0.02223173, 0.02485481, 0.02197387, 0.00619085])

 157.240791668			array([  11.12836119,    3.99808893,   -8.27995089,    4.7422191 ,
        119.99778364,   16.83771678,  119.7543714 , -141.17548611,
        172.50077531,   95.79118743])
						array([0.01068916, 0.009593  , 0.00337731, 0.02003108, 0.00967293,
       0.00863204, 0.01494861, 0.01671237, 0.01477523, 0.00416273])

 157.218339775			array([  11.11215795,    3.99925934,   -8.2778363 ,    4.74401281,
        119.9915369 ,   16.85546291,  119.74858694, -141.16439102,
        172.50665365,   95.79041538])
						array([0.00589366, 0.00528928, 0.00186214, 0.0110445 , 0.00533334,
       0.00475943, 0.00824219, 0.00921467, 0.00814659, 0.0022952 ])

 157.242168054			array([  11.1080995 ,    4.00029662,   -8.2784424 ,    4.74130539,
        119.99318739,   16.84983943,  119.73718656, -141.17431131,
        172.52130176,   95.7914762 ])
						array([0.0048328 , 0.00433721, 0.00152696, 0.00905649, 0.00437334,
       0.00390273, 0.00675859, 0.00755603, 0.0066802 , 0.00188206])

 157.238256725			array([  11.10805263,    4.00040653,   -8.28142216,    4.74699771,
        119.99888047,   16.84807944,  119.72005939, -141.18792893,
        172.52580146,   95.79325795])
						array([0.00589366, 0.00528928, 0.00186214, 0.0110445 , 0.00533334,
       0.00475943, 0.00824219, 0.00921467, 0.00814659, 0.0022952 ])

 157.237957846			array([  11.11219178,    4.00639232,   -8.27898269,    4.74312833,
        120.00103592,   16.85684275,  119.72627711, -141.17372978,
        172.53989864,   95.79915512])
						array([0.00876511, 0.00786626, 0.0027694 , 0.01642549, 0.0079318 ,
       0.00707827, 0.01225786, 0.01370415, 0.01211569, 0.00341344])

 157.214258109			array([  11.12087718,    4.00622217,   -8.2751988 ,    4.74746909,
        119.99663259,   16.85543033,  119.74199967, -141.16974162,
        172.54832984,   95.79760378])
						array([0.00876511, 0.00786626, 0.0027694 , 0.01642549, 0.0079318 ,
       0.00707827, 0.01225786, 0.01370415, 0.01211569, 0.00341344])

 157.238172463			array([  11.11045416,    4.00195708,   -8.27865908,    4.75972618,
        119.99211064,   16.85023501,  119.74748351, -141.15468129,
        172.5257214 ,   95.80223426])
						array([0.01068916, 0.009593  , 0.00337731, 0.02003108, 0.00967293,
       0.00863204, 0.01494861, 0.01671237, 0.01477523, 0.00416273])

 157.217084883			array([  11.12108521,    3.99149826,   -8.27739656,    4.74449529,
        119.98579407,   16.85155979,  119.75266286, -141.16520251,
        172.52790002,   95.8081775 ])
						array([0.01068916, 0.009593  , 0.00337731, 0.02003108, 0.00967293,
       0.00863204, 0.01494861, 0.01671237, 0.01477523, 0.00416273])

 157.207794815			array([  11.11511474,    3.99362459,   -8.27656927,    4.74659762,
        119.98798288,   16.84664384,  119.76746087, -141.17253827,
        172.52480099,   95.8023804 ])
						array([0.01303556, 0.01169879, 0.00411867, 0.02442815, 0.01179625,
       0.01052687, 0.01823002, 0.02038094, 0.01801857, 0.0050765 ])

 157.233496675			array([  11.12378654,    3.99200822,   -8.27586294,    4.76105937,
        120.01021769,   16.82692979,  119.75833017, -141.15542593,
        172.52640367,   95.80514209])
						array([0.01303556, 0.01169879, 0.00411867, 0.02442815, 0.01179625,
       0.01052687, 0.01823002, 0.02038094, 0.01801857, 0.0050765 ])

 157.249441214			array([  11.12580066,    3.99096106,   -8.27722615,    4.76230208,
        120.014539  ,   16.82507368,  119.77598377, -141.15139759,
        172.5399062 ,   95.80730149])
						array([0.00718739, 0.00645034, 0.0022709 , 0.0134689 , 0.00650408,
       0.00580418, 0.01005145, 0.0112374 , 0.00993486, 0.00279902])

 157.238192307			array([  11.12484075,    3.99459632,   -8.27719922,    4.76200205,
        120.01440233,   16.82672027,  119.77508929, -141.14808845,
        172.54753877,   95.80676245])
						array([0.00218501, 0.00196095, 0.00069037, 0.00409464, 0.00197728,
       0.00176451, 0.00305571, 0.00341624, 0.00302026, 0.00085092])

 157.229855665			array([  11.12003059,    3.99279452,   -8.27759666,    4.76099955,
        120.01772867,   16.82943711,  119.78154645, -141.13886733,
        172.5452269 ,   95.80672385])
						array([0.00218501, 0.00196095, 0.00069037, 0.00409464, 0.00197728,
       0.00176451, 0.00305571, 0.00341624, 0.00302026, 0.00085092])

 157.223335855			array([  11.12025171,    3.99202961,   -8.27834918,    4.75825514,
        120.01539426,   16.83074778,  119.78156868, -141.14531071,
        172.5459678 ,   95.80711035])
						array([0.00266465, 0.0023914 , 0.00084191, 0.00499346, 0.00241132,
       0.00215184, 0.00372647, 0.00416615, 0.00368325, 0.00103771])

 157.240960332			array([  11.12191866,    3.98867104,   -8.27771546,    4.76038075,
        120.01321984,   16.83005626,  119.78248547, -141.15055189,
        172.54219938,   95.8086536 ])
						array([0.00324958, 0.00291634, 0.00102673, 0.00608958, 0.00294063,
       0.0026242 , 0.00454448, 0.00508067, 0.00449177, 0.0012655 ])

 157.210661525			array([  11.1158003 ,    3.99283512,   -8.27728598,    4.75446819,
        120.01235882,   16.82919653,  119.78329951, -141.14417984,
        172.53750887,   95.8085818 ])
						array([0.0039629 , 0.00355651, 0.0012521 , 0.00742632, 0.00358614,
       0.00320024, 0.00554205, 0.00619594, 0.00547777, 0.00154329])

 157.224057306			array([  11.11609829,    3.99571396,   -8.27763562,    4.76041735,
        120.01886986,   16.83105224,  119.78381993, -141.15209744,
        172.53149904,   95.8118826 ])
						array([0.00589366, 0.00528928, 0.00186214, 0.0110445 , 0.00533334,
       0.00475943, 0.00824219, 0.00921467, 0.00814659, 0.0022952 ])

 157.211278446			array([  11.11212492,    3.99608251,   -8.27686602,    4.75398837,
        120.02474757,   16.83522507,  119.78855451, -141.15290393,
        172.53192872,   95.81271143])
						array([0.00718739, 0.00645034, 0.0022709 , 0.0134689 , 0.00650408,
       0.00580418, 0.01005145, 0.0112374 , 0.00993486, 0.00279902])

 157.227903201			array([  11.10749393,    3.99907639,   -8.27675129,    4.75477164,
        120.02716945,   16.84235236,  119.78224164, -141.15378576,
        172.52863661,   95.81430459])
						array([0.00876511, 0.00786626, 0.0027694 , 0.01642549, 0.0079318 ,
       0.00707827, 0.01225786, 0.01370415, 0.01211569, 0.00341344])

 157.24684713			array([  11.10400024,    4.00021925,   -8.27108961,    4.74315804,
        120.01039605,   16.81976245,  119.73531967, -141.15740795,
        172.51104419,   95.80830484])
						array([0.01589702, 0.01426681, 0.00502277, 0.02979043, 0.01438567,
       0.01283765, 0.02223173, 0.02485481, 0.02197387, 0.00619085])

 157.242310799			array([  11.10485228,    4.00293332,   -8.2702521 ,    4.75574713,
        120.01563762,   16.82865351,  119.75912486, -141.16157424,
        172.5125492 ,   95.81097899])
						array([0.00718739, 0.00645034, 0.0022709 , 0.0134689 , 0.00650408,
       0.00580418, 0.01005145, 0.0112374 , 0.00993486, 0.00279902])

 157.210195011			array([  11.11162268,    4.00286663,   -8.27048755,    4.75282453,
        120.01059097,   16.83363335,  119.76945947, -141.1523301 ,
        172.50757397,   95.8110778 ])
						array([0.00876511, 0.00786626, 0.0027694 , 0.01642549, 0.0079318 ,
       0.00707827, 0.01225786, 0.01370415, 0.01211569, 0.00341344])

 157.207727005			array([  11.12230733,    3.99616857,   -8.27367626,    4.75693155,
        119.99136074,   16.81879995,  119.74992698, -141.14298967,
        172.4780179 ,   95.80721349])
						array([0.01938661, 0.01739855, 0.00612533, 0.03632979, 0.0175435 ,
       0.01565567, 0.02711186, 0.03031074, 0.0267974 , 0.00754982])

 157.210408856			array([  11.11858349,    4.00342178,   -8.27621508,    4.7452044 ,
        119.98927541,   16.82258674,  119.74534642, -141.13725019,
        172.49457278,   95.80867599])
						array([0.00718739, 0.00645034, 0.0022709 , 0.0134689 , 0.00650408,
       0.00580418, 0.01005145, 0.0112374 , 0.00993486, 0.00279902])

 157.212874337			array([  11.1172679 ,    4.00091106,   -8.27328707,    4.75912114,
        119.98207941,   16.82054266,  119.74385637, -141.14233812,
        172.49776959,   95.80770632])
						array([0.00589366, 0.00528928, 0.00186214, 0.0110445 , 0.00533334,
       0.00475943, 0.00824219, 0.00921467, 0.00814659, 0.0022952 ])

 157.197868034			array([  11.11693564,    4.00008029,   -8.27410242,    4.75177921,
        119.97394058,   16.81997132,  119.73908023, -141.13039383,
        172.51897973,   95.8055487 ])
						array([0.00718739, 0.00645034, 0.0022709 , 0.0134689 , 0.00650408,
       0.00580418, 0.01005145, 0.0112374 , 0.00993486, 0.00279902])

 157.201050172			array([  11.12303287,    3.99700969,   -8.27310363,    4.74739507,
        119.97499558,   16.8146249 ,  119.73270653, -141.12444638,
        172.50187522,   95.8043429 ])
						array([0.00876511, 0.00786626, 0.0027694 , 0.01642549, 0.0079318 ,
       0.00707827, 0.01225786, 0.01370415, 0.01211569, 0.00341344])

 157.202089004			array([  11.12219058,    3.99394022,   -8.27352144,    4.74800801,
        119.97554657,   16.81532237,  119.72270924, -141.12891288,
        172.50158159,   95.80323769])
						array([0.00324958, 0.00291634, 0.00102673, 0.00608958, 0.00294063,
       0.0026242 , 0.00454448, 0.00508067, 0.00449177, 0.0012655 ])

 157.201495834			array([  11.12072445,    3.99408203,   -8.27479857,    4.74796617,
        119.97701082,   16.81464996,  119.72348786, -141.12538088,
        172.50018835,   95.80517711])
						array([0.00179171, 0.00160798, 0.0005661 , 0.0033576 , 0.00162137,
       0.0014469 , 0.00250568, 0.00280132, 0.00247662, 0.00069775])

 157.202298036			array([  11.12369339,    3.99699531,   -8.27413831,    4.74838726,
        119.97776061,   16.81448067,  119.72035233, -141.12336011,
        172.50175986,   95.80450645])
						array([0.00218501, 0.00196095, 0.00069037, 0.00409464, 0.00197728,
       0.00176451, 0.00305571, 0.00341624, 0.00302026, 0.00085092])

 157.204564234			array([  11.12487593,    3.99555067,   -8.2730979 ,    4.74910807,
        119.97906356,   16.81440847,  119.72033988, -141.12190197,
        172.49744117,   95.80642079])
						array([0.00266465, 0.0023914 , 0.00084191, 0.00499346, 0.00241132,
       0.00215184, 0.00372647, 0.00416615, 0.00368325, 0.00103771])

 157.203565796			array([  11.12260462,    3.99696332,   -8.27294786,    4.7452532 ,
        119.97888219,   16.81815476,  119.72686013, -141.1205718 ,
        172.49517119,   95.80446755])
						array([0.0039629 , 0.00355651, 0.0012521 , 0.00742632, 0.00358614,
       0.00320024, 0.00554205, 0.00619594, 0.00547777, 0.00154329])

 157.203397215			array([  11.1216569 ,    3.99892003,   -8.27346683,    4.75566166,
        119.97554065,   16.82567158,  119.71951076, -141.13892888,
        172.5144742 ,   95.80584151])
						array([0.00718739, 0.00645034, 0.0022709 , 0.0134689 , 0.00650408,
       0.00580418, 0.01005145, 0.0112374 , 0.00993486, 0.00279902])

 157.19586786			array([  11.11780405,    3.99999587,   -8.27257151,    4.74992416,
        119.98173441,   16.83263125,  119.71457154, -141.14610433,
        172.50733978,   95.80756765])
						array([0.0039629 , 0.00355651, 0.0012521 , 0.00742632, 0.00358614,
       0.00320024, 0.00554205, 0.00619594, 0.00547777, 0.00154329])

 157.199509155			array([  11.11653266,    3.99648834,   -8.27206033,    4.75474387,
        119.97312677,   16.83403272,  119.72123391, -141.14945414,
        172.51474944,   95.80711961])
						array([0.0039629 , 0.00355651, 0.0012521 , 0.00742632, 0.00358614,
       0.00320024, 0.00554205, 0.00619594, 0.00547777, 0.00154329])

 157.204884401			array([  11.11589389,    4.00415264,   -8.27365821,    4.75012609,
        119.97461169,   16.83211784,  119.72591157, -141.14846691,
        172.50422883,   95.80805104])
						array([0.0048328 , 0.00433721, 0.00152696, 0.00905649, 0.00437334,
       0.00390273, 0.00675859, 0.00755603, 0.0066802 , 0.00188206])

 157.204534602			array([  11.11948136,    4.00343382,   -8.27529724,    4.75185993,
        119.96987289,   16.82759298,  119.71948821, -141.14430616,
        172.49640893,   95.8091845 ])
						array([0.00324958, 0.00291634, 0.00102673, 0.00608958, 0.00294063,
       0.0026242 , 0.00454448, 0.00508067, 0.00449177, 0.0012655 ])

 157.203420809			array([  11.11975184,    4.00273116,   -8.27509777,    4.74801812,
        119.97215048,   16.82934889,  119.71484268, -141.15001375,
        172.49643323,   95.80891619])
						array([0.00179171, 0.00160798, 0.0005661 , 0.0033576 , 0.00162137,
       0.0014469 , 0.00250568, 0.00280132, 0.00247662, 0.00069775])

 157.201304352			array([  11.11741644,    4.00275781,   -8.27412905,    4.74930995,
        119.97268384,   16.82944228,  119.71132458, -141.15116474,
        172.49572684,   95.80858846])
						array([0.00218501, 0.00196095, 0.00069037, 0.00409464, 0.00197728,
       0.00176451, 0.00305571, 0.00341624, 0.00302026, 0.00085092])

 157.203496262			array([  11.1175127 ,    4.00326958,   -8.27495985,    4.75162847,
        119.96791648,   16.82895524,  119.70756793, -141.1499369 ,
        172.4964155 ,   95.80778173])
						array([0.00324958, 0.00291634, 0.00102673, 0.00608958, 0.00294063,
       0.0026242 , 0.00454448, 0.00508067, 0.00449177, 0.0012655 ])

 157.204494826			array([  11.11629531,    3.99659216,   -8.27683213,    4.74624385,
        119.95777735,   16.83316629,  119.71178176, -141.1458515 ,
        172.49936467,   95.80939178])
						array([0.00876511, 0.00786626, 0.0027694 , 0.01642549, 0.0079318 ,
       0.00707827, 0.01225786, 0.01370415, 0.01211569, 0.00341344])

------------------------------------ 


------------------------------------ 
TOTAL GENERATIONS: 1000
------------------------------------ 
