------------------------------------ 
PARAMETERS used: 
 - DNA SIZE: '10'
 - c: '0.82'
 - s: '10'
 - num rotors in robot: '4'
 - num total generations: '1000'
------------------------------------ 


------------------------------------ 
Fitness_value		Individual
------------------------------------ 
 18914.171401			array([  56.95835462,   36.52169102,  -22.72547831, -120.83679604,
        -69.95332069,  -83.25387226,   13.9479172 ,    7.65828191,
        148.11782767,   15.45357628])
						array([6.82142453, 3.58257297, 8.13181864, 7.03685126, 4.94777199,
       4.77102575, 0.85271965, 6.18752861, 0.59583974, 6.99809593])

 18614.3069495			array([  52.77927254,   36.64918881,  -20.32141962, -121.64412597,
        -69.45563219,  -80.95632907,   13.88155761,    5.96652383,
        148.28336027,   10.97579835])
						array([3.08411446, 1.6197592 , 3.67657215, 3.18151358, 2.23699538,
       2.15708456, 0.38553311, 2.79751632, 0.26939211, 3.16399145])

 17976.4040326			array([  53.40484587,   35.96758281,  -20.66824642, -118.9535917 ,
        -72.63591002,  -82.05872201,   13.77773836,    1.60147086,
        147.71602498,    2.3298446 ])
						array([3.7611152 , 1.9753161 , 4.48362458, 3.87989461, 2.72804315,
       2.63059092, 0.47016233, 3.41160527, 0.32852696, 3.85852616])

 16813.4673633			array([  59.665823  ,   37.38628159,  -22.17366417, -110.67886471,
        -70.97210626,  -81.05771012,   13.52962281,    0.72757785,
        147.49747284,   -1.08755186])
						array([4.58672585, 2.40892207, 5.46783485, 4.73157879, 3.32688188,
       3.20803771, 0.57336869, 4.16049424, 0.40064264, 4.7055197 ])

 15268.3539254			array([  54.96450967,   37.76239047,  -21.82608331, -105.68490541,
        -73.82804192,  -79.54324774,   14.32703886,   -6.21190909,
        147.5212667 ,    0.89700794])
						array([4.58672585, 2.40892207, 5.46783485, 4.73157879, 3.32688188,
       3.20803771, 0.57336869, 4.16049424, 0.40064264, 4.7055197 ])

 14790.7540869			array([  56.25911232,   35.63071858,  -20.31699666, -103.95483932,
        -77.48789002,  -79.68670447,   14.36171671,   -4.57588106,
        147.15652721,    3.32263647])
						array([5.59356811, 2.93770984, 6.66809128, 5.77021803, 4.05717303,
       3.91224111, 0.69923011, 5.07377346, 0.48858859, 5.73843866])

 12461.1296649			array([ 55.98678595,  40.49006938, -23.34825726, -89.87226943,
       -84.04050466, -75.63498096,  13.77924695,  -2.29190065,
       146.58896307,  -8.23142994])
						array([6.82142453, 3.58257297, 8.13181864, 7.03685126, 4.94777199,
       4.77102575, 0.85271965, 6.18752861, 0.59583974, 6.99809593])

 11720.6865264			array([ 7.40827025e+01,  3.63384952e+01, -1.06784705e-01, -7.97831603e+01,
       -9.93883050e+01, -8.60715823e+01,  1.58191759e+01, -2.58324774e+01,
        1.46609980e+02, -8.50030343e+00])
						array([15.08758288,  7.92391186, 17.98590414, 15.56406235, 10.94345025,
       10.55252405,  1.88603984, 13.68553597,  1.3178745 , 15.47834355])

 7932.72236899			array([ 63.42960689,  35.00757091,   0.32770944, -63.07676539,
       -89.05586937, -84.26318197,  18.51204751, -32.46530225,
       143.67878039, -16.10732862])
						array([18.39949132,  9.66330714, 21.93402944, 18.98056384, 13.34567104,
       12.86893177,  2.30004858, 16.68967801,  1.60716402, 18.87602872])

 4256.43287299			array([ 46.82550162,  23.05688021,  -2.54296429, -48.63337263,
       -95.48342512, -99.13171043,  15.42685284, -65.60109478,
       144.13651498,  -9.67596343])
						array([27.36390738, 14.37136696, 32.6205078 , 28.22808423, 19.84781534,
       19.13880394,  3.42065524, 24.82105594,  2.3901904 , 28.07261857])

 2838.7991742			array([  -0.89482361,   37.82511883,  -37.06061413,   -1.89365166,
        -14.47009752, -151.56946125,    2.49127086,  -46.88334833,
        142.86068427,   16.88241847])
						array([49.62911772, 26.06492752, 59.16286001, 51.19644998, 35.99740163,
       34.71148841,  6.20394227, 45.0172225 ,  4.33501835, 50.91448645])

 2732.15276559			array([  10.34593292,   47.17506247,  -26.09598744,   12.4991919 ,
         -9.95310175, -156.34828009,    1.33621938,  -55.72618724,
        142.71141459,    3.11266185])
						array([10.14489073,  5.32803833, 12.09372195, 10.46527552,  7.35837595,
        7.09551717,  1.26817319,  9.20215439,  0.88613881, 10.40763821])

 2526.51770397			array([  11.05823128,   49.40468857,  -17.3907683 ,   14.3388861 ,
        -10.22976545, -155.71457898,    0.69704682,  -54.25625747,
        143.2448801 ,    9.52858582])
						array([3.7611152 , 1.9753161 , 4.48362458, 3.87989461, 2.72804315,
       2.63059092, 0.47016233, 3.41160527, 0.32852696, 3.85852616])

 2240.56245027			array([   8.88636448,   47.72456408,  -17.18478497,    6.39714639,
        -10.6708689 , -153.50815008,    0.89931719,  -50.24230354,
        143.43675695,    4.96498774])
						array([4.58672585, 2.40892207, 5.46783485, 4.73157879, 3.32688188,
       3.20803771, 0.57336869, 4.16049424, 0.40064264, 4.7055197 ])

 2018.91581705			array([  11.27477125,   46.40186467,  -12.93778792,    9.08599225,
        -17.94858143, -150.11612605,    1.41277154,  -54.40409065,
        143.24973284,    0.74697757])
						array([6.82142453, 3.58257297, 8.13181864, 7.03685126, 4.94777199,
       4.77102575, 0.85271965, 6.18752861, 0.59583974, 6.99809593])

 1347.09216539			array([  13.65181081,   39.37762546,   -8.29389256,    7.85976314,
        -16.79228888, -158.28707047,    1.56438824,  -58.02015918,
        142.94712563,   -2.42726197])
						array([8.3188104 , 4.36899143, 9.916852  , 8.58152593, 6.03386828,
       5.81832408, 1.03990201, 7.5457666 , 0.72663383, 8.53426333])

 1218.23425451			array([  13.94138112,   38.44136464,   -6.22399689,    4.36448169,
        -17.86726693, -161.87325274,    1.98830701,  -58.40094227,
        142.65879137,   -3.17754803])
						array([2.52897386, 1.32820254, 3.01478917, 2.60884113, 1.83433621,
       1.76880934, 0.31613715, 2.29396339, 0.22090153, 2.59447299])

 1169.7236503			array([  13.87830566,   37.98312571,   -6.48079427,    3.47822235,
        -17.12229324, -163.02443964,    1.95621776,  -61.10644347,
        142.80769516,   -3.87555991])
						array([1.39439526, 0.73232838, 1.66225827, 1.43843152, 1.01139429,
       0.97526487, 0.17430791, 1.264818  , 0.12179804, 1.43050938])

 1161.24611087			array([  13.72225843,   38.03297552,   -5.26973667,    3.28958863,
        -17.18618571, -163.07095879,    1.97069917,  -60.98815878,
        142.81890111,   -3.76885135])
						array([0.34760248, 0.18255882, 0.41437684, 0.35858008, 0.2521259 ,
       0.24311936, 0.04345243, 0.31530075, 0.03036248, 0.3566052 ])

 1160.15035414			array([  13.6458539 ,   37.80376937,   -5.47749595,    3.25117335,
        -17.04210787, -162.77375427,    1.9734524 ,  -60.90753329,
        142.85446976,   -3.63376623])
						array([0.34760248, 0.18255882, 0.41437684, 0.35858008, 0.2521259 ,
       0.24311936, 0.04345243, 0.31530075, 0.03036248, 0.3566052 ])

 1149.16314487			array([  13.35850522,   38.051324  ,   -5.12111097,    3.08364292,
        -16.86599807, -162.62703741,    1.95191557,  -61.11595104,
        142.83132847,   -3.28973302])
						array([0.42390546, 0.22263271, 0.5053376 , 0.43729278, 0.30747061,
       0.29648703, 0.05299077, 0.38451311, 0.03702742, 0.4348844 ])

 1131.19192814			array([  12.87884125,   38.08265237,   -5.33372168,    2.73595171,
        -17.16771292, -162.42011059,    2.07039625,  -60.60658403,
        142.87593634,   -3.65005382])
						array([0.63043644, 0.3311016 , 0.75154314, 0.65034619, 0.45727337,
       0.44093847, 0.0788084 , 0.57185174, 0.05506754, 0.64676442])

 1129.24844929			array([  13.2204554 ,   37.94762601,   -5.54033299,    2.63337924,
        -16.9634211 , -162.9421854 ,    1.97357451,  -60.47429382,
        142.93329283,   -3.9838446 ])
						array([0.76882493, 0.40378243, 0.91651602, 0.79310511, 0.55765045,
       0.53772984, 0.0961078 , 0.69738017, 0.06715554, 0.7887371 ])

 1118.89423749			array([  11.59970561,   37.44868633,   -5.28910916,    3.63338128,
        -17.67390563, -163.68576301,    2.11114878,  -61.0749564 ,
        142.92564816,   -3.28653767])
						array([0.93759137, 0.4924176 , 1.11770246, 0.96720135, 0.68006152,
       0.6557681 , 0.11720464, 0.85046363, 0.081897  , 0.96187451])

 1037.22965992			array([  10.18466951,   36.88240755,   -4.31140604,    3.4622798 ,
        -18.08742487, -164.37361488,    2.13942462,  -61.30233614,
        142.74987131,   -3.29546702])
						array([1.14340411, 0.60050927, 1.36305178, 1.17951384, 0.82934332,
       0.79971719, 0.14293248, 1.03715076, 0.09987439, 1.17301769])

 1035.72119018			array([  11.12531177,   36.86144385,   -3.77050773,    3.74511543,
        -18.39376689, -164.5486113 ,    2.09823204,  -60.22873426,
        142.71554745,   -2.90930309])
						array([1.39439526, 0.73232838, 1.66225827, 1.43843152, 1.01139429,
       0.97526487, 0.17430791, 1.264818  , 0.12179804, 1.43050938])

 1014.39931054			array([  12.22883582,   36.60919941,    0.45665143,   -2.93549323,
        -17.538719  , -164.21777467,    1.06354836,  -56.981744  ,
        142.43373346,   -1.06594663])
						array([3.7611152 , 1.9753161 , 4.48362458, 3.87989461, 2.72804315,
       2.63059092, 0.47016233, 3.41160527, 0.32852696, 3.85852616])

 854.109082957			array([   6.49226471,   33.87189404,   -2.25991936,    2.95817036,
        -23.74854877, -163.60476766,    1.03195848,  -71.70106365,
        143.36681265,    1.68451682])
						array([6.82142453, 3.58257297, 8.13181864, 7.03685126, 4.94777199,
       4.77102575, 0.85271965, 6.18752861, 0.59583974, 6.99809593])

 730.216479066			array([   8.92553828,   30.04028941,   -1.86650786,   -6.80102228,
        -16.54318601, -160.17195814,   -0.6659668 ,  -70.45984883,
        143.45180581,   15.97553829])
						array([8.3188104 , 4.36899143, 9.916852  , 8.58152593, 6.03386828,
       5.81832408, 1.03990201, 7.5457666 , 0.72663383, 8.53426333])

 604.779563348			array([ 3.90930655e+00,  2.82616304e+01,  9.66403646e+00,  4.48241915e-02,
       -2.16500016e+01, -1.61997100e+02, -1.91107583e+00, -6.74029091e+01,
        1.44277214e+02,  1.43301030e+01])
						array([8.3188104 , 4.36899143, 9.916852  , 8.58152593, 6.03386828,
       5.81832408, 1.03990201, 7.5457666 , 0.72663383, 8.53426333])

 334.97776075			array([  15.18717352,   16.84636137,   16.20395162,   -0.40698278,
        -18.48273704, -164.59711751,   -0.53312899,  -69.28725038,
        144.27950688,   19.3837282 ])
						array([6.82142453, 3.58257297, 8.13181864, 7.03685126, 4.94777199,
       4.77102575, 0.85271965, 6.18752861, 0.59583974, 6.99809593])

 289.204566276			array([  11.83674758,   19.44864801,   10.82472122,    0.42267285,
        -20.48436133, -156.52640704,    1.48416113,  -72.8084071 ,
        144.90641463,   24.83060856])
						array([8.3188104 , 4.36899143, 9.916852  , 8.58152593, 6.03386828,
       5.81832408, 1.03990201, 7.5457666 , 0.72663383, 8.53426333])

 134.900224801			array([  15.94681273,   12.68809399,    4.02922189,    5.90688534,
        -12.6742215 , -148.31855355,    1.13065107,  -74.8762632 ,
        145.59285236,   14.59612675])
						array([10.14489073,  5.32803833, 12.09372195, 10.46527552,  7.35837595,
        7.09551717,  1.26817319,  9.20215439,  0.88613881, 10.40763821])

 110.426498344			array([  12.55398165,   12.54895428,    3.35142682,    4.77270183,
        -13.79293806, -148.3360394 ,    1.34612534,  -75.39750596,
        145.5968957 ,   14.66048915])
						array([1.14340411, 0.60050927, 1.36305178, 1.17951384, 0.82934332,
       0.79971719, 0.14293248, 1.03715076, 0.09987439, 1.17301769])

 99.2127756181			array([  13.40371429,   12.25886728,    3.86134206,    4.48539032,
        -14.07903129, -148.71614189,    1.32590541,  -75.29248247,
        145.5185574 ,   13.5104909 ])
						array([0.76882493, 0.40378243, 0.91651602, 0.79310511, 0.55765045,
       0.53772984, 0.0961078 , 0.69738017, 0.06715554, 0.7887371 ])

 90.6779344931			array([  13.50382908,   12.21546944,    2.43532998,    3.78889407,
        -13.92839916, -147.90301212,    1.37599481,  -74.21550634,
        145.62061383,   13.06536792])
						array([0.93759137, 0.4924176 , 1.11770246, 0.96720135, 0.68006152,
       0.6557681 , 0.11720464, 0.85046363, 0.081897  , 0.96187451])

 79.2636111528			array([  13.56648293,   10.88266774,    3.71166456,    3.21418588,
        -13.15524666, -148.41452892,    1.27897143,  -73.60636892,
        145.50061305,   12.02894101])
						array([1.14340411, 0.60050927, 1.36305178, 1.17951384, 0.82934332,
       0.79971719, 0.14293248, 1.03715076, 0.09987439, 1.17301769])

 66.887511976			array([  14.06235287,   11.07969082,    2.87575425,    1.43398992,
        -13.23361166, -147.43393497,    1.5998343 ,  -75.08859058,
        145.51727533,   10.33328912])
						array([1.70048202, 0.89308339, 2.02714424, 1.75418478, 1.23340767,
       1.1893474 , 0.21257062, 1.54246098, 0.14853419, 1.74452364])

 44.4596390529			array([  13.14488054,    8.80901789,    2.83307676,    5.73645665,
        -14.11345442, -146.25417363,    1.38623874,  -74.95208004,
        145.93369319,    3.72933965])
						array([2.07375857, 1.08912609, 2.47212712, 2.13924973, 1.50415569,
       1.45042366, 0.25923246, 1.88104998, 0.18113926, 2.12746785])

 40.1551672851			array([  13.09125205,    8.85899138,    2.78872355,    5.78516625,
        -13.96835462, -146.30774381,    1.36187695,  -74.8394443 ,
        145.9265912 ,    3.83573526])
						array([0.10567347, 0.0554991 , 0.12597332, 0.10901074, 0.07664796,
       0.07390991, 0.01320983, 0.09585353, 0.0092304 , 0.10841036])

 38.4228715262			array([  13.12776899,    8.88183191,    2.73059144,    5.82635223,
        -13.95662351, -146.2933422 ,    1.35729987,  -74.79133538,
        145.92216119,    3.91862777])
						array([0.05826497, 0.03060043, 0.06945766, 0.06010503, 0.04226123,
       0.04075156, 0.00728348, 0.05285057, 0.00508935, 0.059774  ])

 38.3450787886			array([  13.12689031,    8.86523152,    2.70365073,    5.82029346,
        -13.95829496, -146.29973311,    1.35715464,  -74.76803087,
        145.92209135,    3.9059093 ])
						array([0.01452461, 0.00762824, 0.01731479, 0.01498331, 0.01053511,
       0.01015877, 0.00181566, 0.01317488, 0.0012687 , 0.01490079])

 37.9680765132			array([  13.13025399,    8.87252285,    2.68198499,    5.82182214,
        -13.95327738, -146.30757226,    1.36030182,  -74.77327881,
        145.91948325,    3.9119097 ])
						array([0.01191018, 0.00625516, 0.01419812, 0.01228632, 0.00863879,
       0.00833019, 0.00148885, 0.0108034 , 0.00104033, 0.01221865])

 38.4112573564			array([  13.12325598,    8.87764436,    2.67005731,    5.84243321,
        -13.96406016, -146.30663051,    1.36200611,  -74.77785281,
        145.91958483,    3.90653196])
						array([0.01452461, 0.00762824, 0.01731479, 0.01498331, 0.01053511,
       0.01015877, 0.00181566, 0.01317488, 0.0012687 , 0.01490079])

 37.8039727241			array([  13.12681996,    8.87871909,    2.71384575,    5.81302779,
        -13.97252728, -146.31881975,    1.36292574,  -74.78598124,
        145.92212014,    3.8876309 ])
						array([0.01771294, 0.00930273, 0.02111559, 0.01827233, 0.0128477 ,
       0.01238875, 0.00221423, 0.01606693, 0.00154719, 0.0181717 ])

 36.905610796			array([  13.11342188,    8.89069406,    2.69868321,    5.80305534,
        -13.96855968, -146.33230882,    1.36631316,  -74.79224544,
        145.92366215,    3.87651603])
						array([0.03212544, 0.0168721 , 0.03829673, 0.03313999, 0.02330149,
       0.02246911, 0.00401588, 0.02914011, 0.0028061 , 0.03295747])

 37.3900254248			array([  13.10181803,    8.87439529,    2.73187232,    5.76050434,
        -13.95368456, -146.32158473,    1.36878135,  -74.78583265,
        145.92106234,    3.87918521])
						array([0.03917737, 0.02057573, 0.04670333, 0.04041462, 0.02841645,
       0.02740135, 0.00489741, 0.03553672, 0.00342208, 0.04019204])

 36.9185468245			array([  13.082503  ,    8.90443605,    2.72231982,    5.79906404,
        -13.93172159, -146.27799864,    1.36117368,  -74.73027266,
        145.91831991,    3.92383996])
						array([0.07105484, 0.0373176 , 0.08470446, 0.07329882, 0.05153809,
       0.04969702, 0.00888229, 0.06445191, 0.00620652, 0.07289513])

 36.0726458747			array([  13.13780345,    8.95777058,    2.67166716,    5.81763447,
        -13.93807926, -146.2609395 ,    1.36824674,  -74.72631856,
        145.90647284,    3.9029669 ])
						array([0.04777728, 0.02509235, 0.05695528, 0.04928613, 0.03465421,
       0.03341628, 0.00597245, 0.04333747, 0.00417326, 0.04901468])

 35.933207138			array([  13.13851842,    8.95579982,    2.71609928,    5.79483645,
        -13.92613766, -146.24049202,    1.3699646 ,  -74.71934912,
        145.90146904,    3.88089468])
						array([0.03917737, 0.02057573, 0.04670333, 0.04041462, 0.02841645,
       0.02740135, 0.00489741, 0.03553672, 0.00342208, 0.04019204])

 35.39459665			array([  13.10745714,    8.93465189,    2.70522187,    5.72629465,
        -13.93135019, -146.25613677,    1.36356976,  -74.71122108,
        145.90313534,    3.84919798])
						array([0.04777728, 0.02509235, 0.05695528, 0.04928613, 0.03465421,
       0.03341628, 0.00597245, 0.04333747, 0.00417326, 0.04901468])

 35.4022213985			array([  13.14000641,    8.95114476,    2.63952403,    5.72435197,
        -13.93847439, -146.1845487 ,    1.36636041,  -74.68458792,
        145.90559306,    3.83997837])
						array([0.03917737, 0.02057573, 0.04670333, 0.04041462, 0.02841645,
       0.02740135, 0.00489741, 0.03553672, 0.00342208, 0.04019204])

 35.4278212866			array([  13.15205711,    8.95611691,    2.66047976,    5.71768451,
        -13.94090789, -146.2249694 ,    1.36508848,  -74.71497289,
        145.90980141,    3.83948841])
						array([0.03212544, 0.0168721 , 0.03829673, 0.03313999, 0.02330149,
       0.02246911, 0.00401588, 0.02914011, 0.0028061 , 0.03295747])

 35.3071734415			array([  13.13606971,    8.93706144,    2.68446467,    5.76167662,
        -13.93419583, -146.20662999,    1.3588028 ,  -74.69859149,
        145.90974384,    3.75551892])
						array([0.03917737, 0.02057573, 0.04670333, 0.04041462, 0.02841645,
       0.02740135, 0.00489741, 0.03553672, 0.00342208, 0.04019204])

 35.3735039109			array([  13.15008334,    8.95548017,    2.6987932 ,    5.74149839,
        -13.96234363, -146.23926942,    1.36801127,  -74.70152323,
        145.90488511,    3.72236979])
						array([0.04777728, 0.02509235, 0.05695528, 0.04928613, 0.03465421,
       0.03341628, 0.00597245, 0.04333747, 0.00417326, 0.04901468])

 35.2021996398			array([  13.07349498,    8.98254556,    2.66660271,    5.7695313 ,
        -13.94587242, -146.25759563,    1.36827377,  -74.778417  ,
        145.91246937,    3.74416251])
						array([0.03212544, 0.0168721 , 0.03829673, 0.03313999, 0.02330149,
       0.02246911, 0.00401588, 0.02914011, 0.0028061 , 0.03295747])

 35.1137688882			array([  13.07176757,    8.9781496 ,    2.66110954,    5.74285808,
        -13.91078409, -146.25181303,    1.36320714,  -74.73692535,
        145.91185166,    3.70959094])
						array([0.03212544, 0.0168721 , 0.03829673, 0.03313999, 0.02330149,
       0.02246911, 0.00401588, 0.02914011, 0.0028061 , 0.03295747])

 35.1366396523			array([  13.08408861,    9.00133097,    2.65890194,    5.74752267,
        -13.96734134, -146.24949258,    1.36292507,  -74.74115457,
        145.90849684,    3.7130944 ])
						array([0.03917737, 0.02057573, 0.04670333, 0.04041462, 0.02841645,
       0.02740135, 0.00489741, 0.03553672, 0.00342208, 0.04019204])

 34.9062248409			array([  13.11237155,    8.99163347,    2.67312016,    5.73935451,
        -13.966293  , -146.23118318,    1.36671981,  -74.70284224,
        145.91368094,    3.89121251])
						array([0.03917737, 0.02057573, 0.04670333, 0.04041462, 0.02841645,
       0.02740135, 0.00489741, 0.03553672, 0.00342208, 0.04019204])

 35.0200938721			array([  13.12609779,    8.99388662,    2.66697037,    5.75929115,
        -13.98640502, -146.21923   ,    1.36855446,  -74.69758504,
        145.91512473,    3.89863199])
						array([0.01771294, 0.00930273, 0.02111559, 0.01827233, 0.0128477 ,
       0.01238875, 0.00221423, 0.01606693, 0.00154719, 0.0181717 ])

 35.0627366474			array([  13.11150912,    8.98494829,    2.65595949,    5.77343724,
        -14.00587939, -146.22169529,    1.36640569,  -74.71084109,
        145.91604317,    3.91463292])
						array([0.02160115, 0.0113448 , 0.02575072, 0.02228333, 0.01566792,
       0.01510823, 0.00270027, 0.01959381, 0.00188682, 0.0221606 ])

 34.9126870381			array([  13.09358709,    8.97577693,    2.65812812,    5.75155784,
        -14.01021596, -146.21730879,    1.36708033,  -74.72435111,
        145.91308141,    3.883997  ])
						array([0.03212544, 0.0168721 , 0.03829673, 0.03313999, 0.02330149,
       0.02246911, 0.00401588, 0.02914011, 0.0028061 , 0.03295747])

 35.1373231969			array([  13.10298043,    9.00120624,    2.66654313,    5.77181414,
        -14.01864679, -146.22641684,    1.36871385,  -74.63711462,
        145.90946424,    3.88119759])
						array([0.04777728, 0.02509235, 0.05695528, 0.04928613, 0.03465421,
       0.03341628, 0.00597245, 0.04333747, 0.00417326, 0.04901468])

 34.9125912315			array([  13.10926684,    8.98853222,    2.65797415,    5.74720088,
        -14.0362642 , -146.2277145 ,    1.37445473,  -74.65947181,
        145.91452626,    3.91573145])
						array([0.03212544, 0.0168721 , 0.03829673, 0.03313999, 0.02330149,
       0.02246911, 0.00401588, 0.02914011, 0.0028061 , 0.03295747])

 35.2340561075			array([  13.10620771,    8.99713888,    2.64004696,    5.72362256,
        -14.0494431 , -146.21450445,    1.37024477,  -74.6893569 ,
        145.91320231,    3.9168021 ])
						array([0.03212544, 0.0168721 , 0.03829673, 0.03313999, 0.02330149,
       0.02246911, 0.00401588, 0.02914011, 0.0028061 , 0.03295747])

 35.2430749848			array([  13.11925908,    8.98179564,    2.63603943,    5.7705696 ,
        -14.07068749, -146.20613221,    1.36869345,  -74.70926154,
        145.91294547,    3.92528367])
						array([0.03917737, 0.02057573, 0.04670333, 0.04041462, 0.02841645,
       0.02740135, 0.00489741, 0.03553672, 0.00342208, 0.04019204])

 35.465393703			array([  13.06724839,    8.95677396,    2.65244259,    5.71386586,
        -13.97788833, -146.17051543,    1.36966365,  -74.71507177,
        145.90992163,    3.89634106])
						array([0.05826497, 0.03060043, 0.06945766, 0.06010503, 0.04226123,
       0.04075156, 0.00728348, 0.05285057, 0.00508935, 0.059774  ])

 35.4114656097			array([  13.10152631,    8.98758343,    2.65254172,    5.69629806,
        -13.94868087, -146.14516094,    1.38534157,  -74.78046117,
        145.90621747,    3.83706202])
						array([0.07105484, 0.0373176 , 0.08470446, 0.07329882, 0.05153809,
       0.04969702, 0.00888229, 0.06445191, 0.00620652, 0.07289513])

 35.1924022293			array([  13.10268818,    9.00784417,    2.66758962,    5.72125161,
        -13.95758454, -146.14983557,    1.38700776,  -74.7568139 ,
        145.90600965,    3.8186741 ])
						array([0.02160115, 0.0113448 , 0.02575072, 0.02228333, 0.01566792,
       0.01510823, 0.00270027, 0.01959381, 0.00188682, 0.0221606 ])

 35.3361632529			array([  13.10688403,    9.00608129,    2.64723058,    5.71563681,
        -13.94682971, -146.16215841,    1.38801233,  -74.73463594,
        145.90492704,    3.83360099])
						array([0.01771294, 0.00930273, 0.02111559, 0.01827233, 0.0128477 ,
       0.01238875, 0.00221423, 0.01606693, 0.00154719, 0.0181717 ])

 35.0618488952			array([  13.11578363,    9.00374402,    2.66196225,    5.73638413,
        -13.9280536 , -146.13691016,    1.39060014,  -74.73221622,
        145.9055456 ,    3.84174   ])
						array([0.02160115, 0.0113448 , 0.02575072, 0.02228333, 0.01566792,
       0.01510823, 0.00270027, 0.01959381, 0.00188682, 0.0221606 ])

 35.1835601777			array([  13.09109125,    8.98628323,    2.65553869,    5.71215578,
        -13.92136113, -146.16291127,    1.38666962,  -74.72007949,
        145.90843371,    3.81939398])
						array([0.03212544, 0.0168721 , 0.03829673, 0.03313999, 0.02330149,
       0.02246911, 0.00401588, 0.02914011, 0.0028061 , 0.03295747])

 35.1021782647			array([  13.08627006,    8.97535514,    2.64282292,    5.73605112,
        -13.90062018, -146.17490406,    1.39100607,  -74.68853595,
        145.90727999,    3.83214194])
						array([0.01771294, 0.00930273, 0.02111559, 0.01827233, 0.0128477 ,
       0.01238875, 0.00221423, 0.01606693, 0.00154719, 0.0181717 ])

 35.2796730561			array([  13.06259036,    8.9810099 ,    2.662777  ,    5.73516043,
        -13.89901806, -146.17994632,    1.39141186,  -74.68366286,
        145.90305785,    3.8071038 ])
						array([0.01771294, 0.00930273, 0.02111559, 0.01827233, 0.0128477 ,
       0.01238875, 0.00221423, 0.01606693, 0.00154719, 0.0181717 ])

 35.1511150924			array([  13.08171548,    8.97926732,    2.66386394,    5.71585739,
        -13.89904228, -146.18060098,    1.38796966,  -74.68056837,
        145.90454967,    3.84497706])
						array([0.02160115, 0.0113448 , 0.02575072, 0.02228333, 0.01566792,
       0.01510823, 0.00270027, 0.01959381, 0.00188682, 0.0221606 ])

 35.4542227508			array([  13.11841873,    8.97371758,    2.71262729,    5.70714556,
        -13.85329132, -146.20822482,    1.38796888,  -74.71170656,
        145.90028385,    3.87943224])
						array([0.03212544, 0.0168721 , 0.03829673, 0.03313999, 0.02330149,
       0.02246911, 0.00401588, 0.02914011, 0.0028061 , 0.03295747])

 35.2098723955			array([  13.1173681 ,    8.98356039,    2.70043261,    5.71453139,
        -13.82520772, -146.20496378,    1.38899084,  -74.6913413 ,
        145.90191952,    3.84743225])
						array([0.02160115, 0.0113448 , 0.02575072, 0.02228333, 0.01566792,
       0.01510823, 0.00270027, 0.01959381, 0.00188682, 0.0221606 ])

 35.2162378697			array([  13.11958554,    8.99822372,    2.67029867,    5.77977767,
        -13.83125168, -146.22818995,    1.3880572 ,  -74.73294842,
        145.9013977 ,    3.83841127])
						array([0.02634286, 0.01383512, 0.03140332, 0.02717479, 0.01910722,
       0.01842467, 0.00329302, 0.02389489, 0.002301  , 0.02702513])

 35.3998977145			array([  13.12278531,    8.99860022,    2.6688549 ,    5.79009997,
        -13.81003016, -146.22979677,    1.38638623,  -74.68635711,
        145.89924133,    3.80951162])
						array([0.03212544, 0.0168721 , 0.03829673, 0.03313999, 0.02330149,
       0.02246911, 0.00401588, 0.02914011, 0.0028061 , 0.03295747])

 35.2972130035			array([  13.09155632,    9.01173204,    2.69185637,    5.75827011,
        -13.76221762, -146.2002366 ,    1.39101683,  -74.73879081,
        145.90236833,    3.75240161])
						array([0.03917737, 0.02057573, 0.04670333, 0.04041462, 0.02841645,
       0.02740135, 0.00489741, 0.03553672, 0.00342208, 0.04019204])

 35.1984511633			array([  13.1210022 ,    9.00325385,    2.69790555,    5.75538099,
        -13.77584343, -146.20826426,    1.39076931,  -74.70307557,
        145.9043536 ,    3.75260839])
						array([0.01771294, 0.00930273, 0.02111559, 0.01827233, 0.0128477 ,
       0.01238875, 0.00221423, 0.01606693, 0.00154719, 0.0181717 ])

 35.2620688091			array([  13.13261662,    9.00174981,    2.65517015,    5.76748984,
        -13.79533125, -146.20442857,    1.38981374,  -74.68474387,
        145.90554908,    3.78198216])
						array([0.02160115, 0.0113448 , 0.02575072, 0.02228333, 0.01566792,
       0.01510823, 0.00270027, 0.01959381, 0.00188682, 0.0221606 ])

 35.4168478196			array([  13.11292025,    8.98914163,    2.62802484,    5.77342549,
        -13.76546618, -146.22121165,    1.38859129,  -74.71015993,
        145.90887059,    3.76692639])
						array([0.03212544, 0.0168721 , 0.03829673, 0.03313999, 0.02330149,
       0.02246911, 0.00401588, 0.02914011, 0.0028061 , 0.03295747])

 35.4558926402			array([  13.10839236,    9.00018025,    2.62753902,    5.76717685,
        -13.77395438, -146.22957392,    1.38993654,  -74.70076011,
        145.91104471,    3.7534375 ])
						array([0.01191018, 0.00625516, 0.01419812, 0.01228632, 0.00863879,
       0.00833019, 0.00148885, 0.0108034 , 0.00104033, 0.01221865])

 35.4289707774			array([  13.11109348,    8.99118201,    2.62685418,    5.77158764,
        -13.77193837, -146.23671639,    1.38983149,  -74.72092639,
        145.91165631,    3.74738603])
						array([0.01191018, 0.00625516, 0.01419812, 0.01228632, 0.00863879,
       0.00833019, 0.00148885, 0.0108034 , 0.00104033, 0.01221865])

 35.4486191939			array([  13.11664997,    8.99776295,    2.62521458,    5.76238679,
        -13.77086029, -146.2308144 ,    1.38992282,  -74.72560658,
        145.91064219,    3.74849862])
						array([0.01452461, 0.00762824, 0.01731479, 0.01498331, 0.01053511,
       0.01015877, 0.00181566, 0.01317488, 0.0012687 , 0.01490079])

 35.286925877			array([  13.12257107,    8.99561694,    2.63755407,    5.76614858,
        -13.76592911, -146.25062583,    1.39051524,  -74.74242681,
        145.91321435,    3.72908432])
						array([0.01771294, 0.00930273, 0.02111559, 0.01827233, 0.0128477 ,
       0.01238875, 0.00221423, 0.01606693, 0.00154719, 0.0181717 ])

 35.0231217291			array([  13.12047719,    8.99580563,    2.66366808,    5.76114818,
        -13.73974473, -146.2496623 ,    1.39141518,  -74.73117387,
        145.91201573,    3.72503538])
						array([0.02634286, 0.01383512, 0.03140332, 0.02717479, 0.01910722,
       0.01842467, 0.00329302, 0.02389489, 0.002301  , 0.02702513])

 35.3919120742			array([  13.07244913,    8.99403867,    2.66567411,    5.77843843,
        -13.74154868, -146.23749788,    1.38240387,  -74.75340772,
        145.91068698,    3.80370194])
						array([0.03212544, 0.0168721 , 0.03829673, 0.03313999, 0.02330149,
       0.02246911, 0.00401588, 0.02914011, 0.0028061 , 0.03295747])

 35.1857611688			array([  13.08383516,    9.00522052,    2.66157857,    5.75318657,
        -13.6814845 , -146.1963476 ,    1.38070253,  -74.76417928,
        145.91180938,    3.80775204])
						array([0.03917737, 0.02057573, 0.04670333, 0.04041462, 0.02841645,
       0.02740135, 0.00489741, 0.03553672, 0.00342208, 0.04019204])

 35.2140699178			array([  13.08177998,    8.99464127,    2.65319126,    5.76628041,
        -13.72228451, -146.20109966,    1.38117136,  -74.79400021,
        145.90874678,    3.87534714])
						array([0.04777728, 0.02509235, 0.05695528, 0.04928613, 0.03465421,
       0.03341628, 0.00597245, 0.04333747, 0.00417326, 0.04901468])

 35.1858016041			array([  13.08684554,    9.00120698,    2.64829783,    5.74439276,
        -13.69726912, -146.21170678,    1.38593902,  -74.71232661,
        145.91202583,    3.88564045])
						array([0.03212544, 0.0168721 , 0.03829673, 0.03313999, 0.02330149,
       0.02246911, 0.00401588, 0.02914011, 0.0028061 , 0.03295747])

 35.1165513209			array([  13.09283591,    8.98607819,    2.63918669,    5.74434788,
        -13.71232351, -146.23236175,    1.38597532,  -74.69999045,
        145.91287579,    3.8912442 ])
						array([0.02160115, 0.0113448 , 0.02575072, 0.02228333, 0.01566792,
       0.01510823, 0.00270027, 0.01959381, 0.00188682, 0.0221606 ])

 35.2878585368			array([  13.0972739 ,    8.9996714 ,    2.63381175,    5.73801965,
        -13.71092236, -146.22441727,    1.38145918,  -74.72850512,
        145.91482126,    3.90651932])
						array([0.02634286, 0.01383512, 0.03140332, 0.02717479, 0.01910722,
       0.01842467, 0.00329302, 0.02389489, 0.002301  , 0.02702513])

 35.1544667892			array([  13.09906244,    8.97402927,    2.6333263 ,    5.73455324,
        -13.72427373, -146.22890669,    1.38745865,  -74.76547801,
        145.91625643,    3.89744258])
						array([0.02634286, 0.01383512, 0.03140332, 0.02717479, 0.01910722,
       0.01842467, 0.00329302, 0.02389489, 0.002301  , 0.02702513])

 35.3840816802			array([  13.08781579,    8.9897468 ,    2.6256372 ,    5.74449098,
        -13.74423606, -146.22773955,    1.39178759,  -74.76166938,
        145.91546285,    3.87511399])
						array([0.01771294, 0.00930273, 0.02111559, 0.01827233, 0.0128477 ,
       0.01238875, 0.00221423, 0.01606693, 0.00154719, 0.0181717 ])

 34.9935064761			array([  13.08832809,    8.9879575 ,    2.68254948,    5.7348407 ,
        -13.73854908, -146.22439106,    1.39660274,  -74.76099352,
        145.91493677,    3.84682188])
						array([0.02160115, 0.0113448 , 0.02575072, 0.02228333, 0.01566792,
       0.01510823, 0.00270027, 0.01959381, 0.00188682, 0.0221606 ])

 35.3359359627			array([  13.12208341,    8.99471543,    2.63799491,    5.71725647,
        -13.72304328, -146.21575568,    1.39369707,  -74.73218375,
        145.91519656,    3.83312217])
						array([0.03212544, 0.0168721 , 0.03829673, 0.03313999, 0.02330149,
       0.02246911, 0.00401588, 0.02914011, 0.0028061 , 0.03295747])

 35.4549911574			array([  13.07244224,    8.99435609,    2.70096431,    5.76953237,
        -13.73856346, -146.24939152,    1.39238333,  -74.78763924,
        145.92087991,    3.85653372])
						array([0.05826497, 0.03060043, 0.06945766, 0.06010503, 0.04226123,
       0.04075156, 0.00728348, 0.05285057, 0.00508935, 0.059774  ])

 35.0235954861			array([  13.09553949,    8.97405343,    2.65206897,    5.72361995,
        -13.70059288, -146.17284186,    1.38969755,  -74.67018609,
        145.92656989,    4.00159047])
						array([0.08665225, 0.04550926, 0.10329812, 0.0893888 , 0.06285132,
       0.06060612, 0.01083206, 0.0785999 , 0.00756893, 0.0888965 ])

 35.2366902044			array([  13.10035716,    8.95918726,    2.68166511,    5.70290998,
        -13.71535746, -146.190058  ,    1.38761312,  -74.72161337,
        145.92750738,    4.02545426])
						array([0.05826497, 0.03060043, 0.06945766, 0.06010503, 0.04226123,
       0.04075156, 0.00728348, 0.05285057, 0.00508935, 0.059774  ])

 34.8973551525			array([  13.12428693,    8.98109298,    2.67398658,    5.73890183,
        -13.73180407, -146.23985938,    1.39081185,  -74.69514379,
        145.92429683,    4.0570966 ])
						array([0.03917737, 0.02057573, 0.04670333, 0.04041462, 0.02841645,
       0.02740135, 0.00489741, 0.03553672, 0.00342208, 0.04019204])

 35.3795783936			array([  13.09505954,    8.99094202,    2.64065235,    5.78169595,
        -13.77005309, -146.24733139,    1.38375126,  -74.71445689,
        145.92215522,    4.12416624])
						array([0.04777728, 0.02509235, 0.05695528, 0.04928613, 0.03465421,
       0.03341628, 0.00597245, 0.04333747, 0.00417326, 0.04901468])

 35.3794858086			array([  13.13131741,    8.9790703 ,    2.64058001,    5.78082267,
        -13.75509131, -146.25940251,    1.38065929,  -74.71585567,
        145.92289912,    4.13299321])
						array([0.01452461, 0.00762824, 0.01731479, 0.01498331, 0.01053511,
       0.01015877, 0.00181566, 0.01317488, 0.0012687 , 0.01490079])

 35.0866565754			array([  13.12846287,    8.97745346,    2.64197914,    5.74907337,
        -13.76208158, -146.26170495,    1.38252807,  -74.73413785,
        145.92229281,    4.13367922])
						array([0.01452461, 0.00762824, 0.01731479, 0.01498331, 0.01053511,
       0.01015877, 0.00181566, 0.01317488, 0.0012687 , 0.01490079])

 34.927406735			array([  13.12740633,    8.9705423 ,    2.66017392,    5.75007966,
        -13.749601  , -146.26989826,    1.37970278,  -74.73158017,
        145.92155308,    4.14806063])
						array([0.01771294, 0.00930273, 0.02111559, 0.01827233, 0.0128477 ,
       0.01238875, 0.00221423, 0.01606693, 0.00154719, 0.0181717 ])

 35.4256590651			array([  13.09468194,    8.98525217,    2.61979331,    5.74841179,
        -13.73052584, -146.2605582 ,    1.38122983,  -74.74656733,
        145.92345366,    4.14987002])
						array([0.03212544, 0.0168721 , 0.03829673, 0.03313999, 0.02330149,
       0.02246911, 0.00401588, 0.02914011, 0.0028061 , 0.03295747])

 35.3017171781			array([  13.0888341 ,    8.9835254 ,    2.63466972,    5.72166289,
        -13.76379754, -146.23270256,    1.38494516,  -74.77423485,
        145.9219311 ,    4.13795362])
						array([0.04777728, 0.02509235, 0.05695528, 0.04928613, 0.03465421,
       0.03341628, 0.00597245, 0.04333747, 0.00417326, 0.04901468])

 35.3329079845			array([  13.10463811,    8.96366338,    2.62937424,    5.77155189,
        -13.79443536, -146.23460551,    1.3846295 ,  -74.79362655,
        145.92288825,    4.11600071])
						array([0.07105484, 0.0373176 , 0.08470446, 0.07329882, 0.05153809,
       0.04969702, 0.00888229, 0.06445191, 0.00620652, 0.07289513])

 35.3878918826			array([  13.13366454,    8.94008164,    2.6617087 ,    5.77792987,
        -13.7953887 , -146.24501734,    1.37798064,  -74.78548631,
        145.91879996,    4.09811093])
						array([0.02634286, 0.01383512, 0.03140332, 0.02717479, 0.01910722,
       0.01842467, 0.00329302, 0.02389489, 0.002301  , 0.02702513])

 35.2415460189			array([  13.12539771,    8.93182697,    2.66747261,    5.75840178,
        -13.75876544, -146.23923525,    1.37816091,  -74.77161073,
        145.92326679,    4.08808343])
						array([0.02160115, 0.0113448 , 0.02575072, 0.02228333, 0.01566792,
       0.01510823, 0.00270027, 0.01959381, 0.00188682, 0.0221606 ])

 35.3355935561			array([  13.10199772,    8.92446857,    2.65636482,    5.75218902,
        -13.75208492, -146.24577584,    1.37947652,  -74.75547556,
        145.924594  ,    4.05964567])
						array([0.02634286, 0.01383512, 0.03140332, 0.02717479, 0.01910722,
       0.01842467, 0.00329302, 0.02389489, 0.002301  , 0.02702513])

 35.1977586297			array([  13.09545412,    8.93466651,    2.66228546,    5.76027878,
        -13.7391025 , -146.22643642,    1.3780626 ,  -74.74369639,
        145.92328859,    4.09001068])
						array([0.01452461, 0.00762824, 0.01731479, 0.01498331, 0.01053511,
       0.01015877, 0.00181566, 0.01317488, 0.0012687 , 0.01490079])

 35.2963434471			array([  13.12256707,    8.93433309,    2.66688879,    5.77218447,
        -13.73353646, -146.21571816,    1.37825931,  -74.739116  ,
        145.92214892,    4.10600162])
						array([0.01191018, 0.00625516, 0.01419812, 0.01228632, 0.00863879,
       0.00833019, 0.00148885, 0.0108034 , 0.00104033, 0.01221865])

 35.1798932889			array([  13.10301988,    8.93496224,    2.66939328,    5.7646758 ,
        -13.72736717, -146.22252285,    1.37915478,  -74.74769031,
        145.92224339,    4.07820025])
						array([0.01452461, 0.00762824, 0.01731479, 0.01498331, 0.01053511,
       0.01015877, 0.00181566, 0.01317488, 0.0012687 , 0.01490079])

 35.2818716441			array([  13.11305242,    8.93967283,    2.67910342,    5.77948758,
        -13.74658037, -146.20879391,    1.37678693,  -74.76583884,
        145.92343624,    4.08703865])
						array([0.01771294, 0.00930273, 0.02111559, 0.01827233, 0.0128477 ,
       0.01238875, 0.00221423, 0.01606693, 0.00154719, 0.0181717 ])

 35.2122086387			array([  13.11339171,    8.93738037,    2.69559828,    5.75751783,
        -13.7393946 , -146.21155261,    1.37901964,  -74.79176236,
        145.92396796,    4.10636294])
						array([0.02160115, 0.0113448 , 0.02575072, 0.02228333, 0.01566792,
       0.01510823, 0.00270027, 0.01959381, 0.00188682, 0.0221606 ])

 35.4139576298			array([  13.06549496,    8.94494056,    2.67818863,    5.76488877,
        -13.72604404, -146.21482665,    1.3766213 ,  -74.7824925 ,
        145.93286996,    4.23498936])
						array([0.05826497, 0.03060043, 0.06945766, 0.06010503, 0.04226123,
       0.04075156, 0.00728348, 0.05285057, 0.00508935, 0.059774  ])

 35.2670711569			array([  13.07266585,    8.97017259,    2.69220162,    5.76895343,
        -13.70266308, -146.21044651,    1.37217695,  -74.77362566,
        145.93531404,    4.23716503])
						array([0.01771294, 0.00930273, 0.02111559, 0.01827233, 0.0128477 ,
       0.01238875, 0.00221423, 0.01606693, 0.00154719, 0.0181717 ])

 35.3520095264			array([  13.07970268,    8.9646707 ,    2.696706  ,    5.77951355,
        -13.70593401, -146.19765168,    1.37094629,  -74.78316701,
        145.93381954,    4.245238  ])
						array([0.01771294, 0.00930273, 0.02111559, 0.01827233, 0.0128477 ,
       0.01238875, 0.00221423, 0.01606693, 0.00154719, 0.0181717 ])

 35.2675615813			array([  13.07318312,    8.96587649,    2.68952518,    5.77101661,
        -13.69804118, -146.18771313,    1.37276977,  -74.77613939,
        145.93341587,    4.25672398])
						array([0.02160115, 0.0113448 , 0.02575072, 0.02228333, 0.01566792,
       0.01510823, 0.00270027, 0.01959381, 0.00188682, 0.0221606 ])

 35.4739001791			array([  13.07873025,    8.95874529,    2.62863305,    5.76471908,
        -13.70203858, -146.23061668,    1.37318759,  -74.83979314,
        145.93599546,    4.26321481])
						array([0.03917737, 0.02057573, 0.04670333, 0.04041462, 0.02841645,
       0.02740135, 0.00489741, 0.03553672, 0.00342208, 0.04019204])

 34.9730817688			array([  13.12487067,    8.95725334,    2.6783669 ,    5.75959424,
        -13.73604486, -146.15303318,    1.37169241,  -74.86528811,
        145.93653197,    4.2907577 ])
						array([0.05826497, 0.03060043, 0.06945766, 0.06010503, 0.04226123,
       0.04075156, 0.00728348, 0.05285057, 0.00508935, 0.059774  ])

 35.4997480168			array([  13.09323141,    9.01537484,    2.67864431,    5.70873353,
        -13.66011706, -146.17354408,    1.36515633,  -74.89121045,
        145.93456972,    4.246006  ])
						array([0.07105484, 0.0373176 , 0.08470446, 0.07329882, 0.05153809,
       0.04969702, 0.00888229, 0.06445191, 0.00620652, 0.07289513])

 35.4010983768			array([  13.09220931,    8.99955824,    2.71205125,    5.76287351,
        -13.64871412, -146.21194594,    1.37346375,  -74.86499473,
        145.93493739,    4.23785598])
						array([0.03212544, 0.0168721 , 0.03829673, 0.03313999, 0.02330149,
       0.02246911, 0.00401588, 0.02914011, 0.0028061 , 0.03295747])

 35.0378197094			array([  13.08215163,    8.98022772,    2.65433462,    5.75182708,
        -13.64471936, -146.21866519,    1.3712845 ,  -74.86868824,
        145.93536897,    4.23547247])
						array([0.02160115, 0.0113448 , 0.02575072, 0.02228333, 0.01566792,
       0.01510823, 0.00270027, 0.01959381, 0.00188682, 0.0221606 ])

 35.0065291955			array([  13.11210036,    8.98675432,    2.64795898,    5.75719632,
        -13.61335187, -146.22643832,    1.37050996,  -74.8759527 ,
        145.9367183 ,    4.22803818])
						array([0.02634286, 0.01383512, 0.03140332, 0.02717479, 0.01910722,
       0.01842467, 0.00329302, 0.02389489, 0.002301  , 0.02702513])

 35.0629991038			array([  13.12900709,    8.97806698,    2.65125866,    5.76346154,
        -13.59437529, -146.21500418,    1.37535085,  -74.90348747,
        145.93763482,    4.25711743])
						array([0.03212544, 0.0168721 , 0.03829673, 0.03313999, 0.02330149,
       0.02246911, 0.00401588, 0.02914011, 0.0028061 , 0.03295747])

 35.4540851913			array([  13.13410915,    8.96449985,    2.66855805,    5.79469385,
        -13.60015324, -146.21909017,    1.3760135 ,  -74.92250835,
        145.93890532,    4.25460947])
						array([0.01771294, 0.00930273, 0.02111559, 0.01827233, 0.0128477 ,
       0.01238875, 0.00221423, 0.01606693, 0.00154719, 0.0181717 ])

 34.993478726			array([  13.11705374,    8.97413083,    2.6771749 ,    5.77262075,
        -13.60113373, -146.22096194,    1.37536899,  -74.91951218,
        145.93914748,    4.27238624])
						array([0.01452461, 0.00762824, 0.01731479, 0.01498331, 0.01053511,
       0.01015877, 0.00181566, 0.01317488, 0.0012687 , 0.01490079])

 35.3526971549			array([  13.13129945,    8.97652534,    2.69456822,    5.78531521,
        -13.61136175, -146.20853279,    1.3769862 ,  -74.92839354,
        145.93858729,    4.27200703])
						array([0.01771294, 0.00930273, 0.02111559, 0.01827233, 0.0128477 ,
       0.01238875, 0.00221423, 0.01606693, 0.00154719, 0.0181717 ])

 35.4385098617			array([  13.11952987,    8.98922696,    2.66603055,    5.79690841,
        -13.62380438, -146.19707213,    1.37680295,  -74.9363045 ,
        145.94045739,    4.26471796])
						array([0.02160115, 0.0113448 , 0.02575072, 0.02228333, 0.01566792,
       0.01510823, 0.00270027, 0.01959381, 0.00188682, 0.0221606 ])

 35.3172232268			array([  13.12819666,    8.99172629,    2.71273124,    5.7528256 ,
        -13.62003636, -146.17565721,    1.37886776,  -74.96603958,
        145.93534824,    4.24819345])
						array([0.04777728, 0.02509235, 0.05695528, 0.04928613, 0.03465421,
       0.03341628, 0.00597245, 0.04333747, 0.00417326, 0.04901468])

 35.4292835329			array([  13.07601391,    8.97060749,    2.6601997 ,    5.7887448 ,
        -13.60773853, -146.19808914,    1.38472842,  -74.9398015 ,
        145.93749393,    4.27210621])
						array([0.03212544, 0.0168721 , 0.03829673, 0.03313999, 0.02330149,
       0.02246911, 0.00401588, 0.02914011, 0.0028061 , 0.03295747])

 35.4977217838			array([  13.09903943,    8.98041562,    2.62992524,    5.78414563,
        -13.61499978, -146.18262815,    1.38712174,  -74.97972573,
        145.93940284,    4.27156299])
						array([0.02160115, 0.0113448 , 0.02575072, 0.02228333, 0.01566792,
       0.01510823, 0.00270027, 0.01959381, 0.00188682, 0.0221606 ])

 35.2216325239			array([  13.10347117,    8.98263546,    2.66093454,    5.78729254,
        -13.61858555, -146.18898515,    1.38273036,  -74.97705784,
        145.93721718,    4.28330944])
						array([0.02634286, 0.01383512, 0.03140332, 0.02717479, 0.01910722,
       0.01842467, 0.00329302, 0.02389489, 0.002301  , 0.02702513])

 34.9626718414			array([  13.11885356,    8.96374487,    2.68294473,    5.76497364,
        -13.61488743, -146.1856847 ,    1.3886891 ,  -74.9563678 ,
        145.93290753,    4.28361992])
						array([0.03212544, 0.0168721 , 0.03829673, 0.03313999, 0.02330149,
       0.02246911, 0.00401588, 0.02914011, 0.0028061 , 0.03295747])

 35.1970511929			array([  13.13629128,    8.94771653,    2.67236748,    5.72282364,
        -13.60421474, -146.16705623,    1.38735627,  -74.91374898,
        145.94060011,    4.30386723])
						array([0.04777728, 0.02509235, 0.05695528, 0.04928613, 0.03465421,
       0.03341628, 0.00597245, 0.04333747, 0.00417326, 0.04901468])

 35.3506294002			array([  13.1389022 ,    8.98815484,    2.69874383,    5.7726714 ,
        -13.61401533, -146.13373086,    1.37925021,  -74.90975536,
        145.94521796,    4.35140529])
						array([0.03212544, 0.0168721 , 0.03829673, 0.03313999, 0.02330149,
       0.02246911, 0.00401588, 0.02914011, 0.0028061 , 0.03295747])

 35.2442309477			array([  13.14505198,    8.99164366,    2.68891376,    5.75587116,
        -13.61632128, -146.12045397,    1.38111204,  -74.92140917,
        145.94512219,    4.3438539 ])
						array([0.01771294, 0.00930273, 0.02111559, 0.01827233, 0.0128477 ,
       0.01238875, 0.00221423, 0.01606693, 0.00154719, 0.0181717 ])

 35.4350483364			array([  13.1500124 ,    8.9918996 ,    2.7017061 ,    5.73638492,
        -13.61882562, -146.13206185,    1.38007421,  -74.9327257 ,
        145.94553112,    4.33420527])
						array([0.02160115, 0.0113448 , 0.02575072, 0.02228333, 0.01566792,
       0.01510823, 0.00270027, 0.01959381, 0.00188682, 0.0221606 ])

 35.3447543668			array([  13.14770965,    8.98921202,    2.65841701,    5.72003452,
        -13.61729575, -146.13115339,    1.38106721,  -74.93624132,
        145.94527391,    4.32303311])
						array([0.02634286, 0.01383512, 0.03140332, 0.02717479, 0.01910722,
       0.01842467, 0.00329302, 0.02389489, 0.002301  , 0.02702513])

 35.3812337285			array([  13.15366323,    8.99747007,    2.6646113 ,    5.73582186,
        -13.64031683, -146.12828568,    1.37908241,  -74.93893669,
        145.94353782,    4.36690101])
						array([0.02160115, 0.0113448 , 0.02575072, 0.02228333, 0.01566792,
       0.01510823, 0.00270027, 0.01959381, 0.00188682, 0.0221606 ])

 35.046582072			array([  13.13049979,    8.99421827,    2.67664923,    5.7333719 ,
        -13.62967218, -146.1420913 ,    1.37801325,  -74.91321456,
        145.94557046,    4.36475604])
						array([0.02160115, 0.0113448 , 0.02575072, 0.02228333, 0.01566792,
       0.01510823, 0.00270027, 0.01959381, 0.00188682, 0.0221606 ])

 35.1746048556			array([  13.13721629,    8.98903223,    2.68299512,    5.72186789,
        -13.63837927, -146.14668067,    1.37334914,  -74.90968733,
        145.9450561 ,    4.39056348])
						array([0.02634286, 0.01383512, 0.03140332, 0.02717479, 0.01910722,
       0.01842467, 0.00329302, 0.02389489, 0.002301  , 0.02702513])

 35.4503030276			array([  13.14619556,    9.00867644,    2.65513316,    5.75735793,
        -13.64094403, -146.14105695,    1.37691972,  -74.95687842,
        145.94263827,    4.41295953])
						array([0.03212544, 0.0168721 , 0.03829673, 0.03313999, 0.02330149,
       0.02246911, 0.00401588, 0.02914011, 0.0028061 , 0.03295747])

 35.0752286539			array([  13.10250474,    8.9962446 ,    2.69265233,    5.76061881,
        -13.66672354, -146.13181335,    1.37633798,  -74.92198956,
        145.93717894,    4.41727841])
						array([0.03212544, 0.0168721 , 0.03829673, 0.03313999, 0.02330149,
       0.02246911, 0.00401588, 0.02914011, 0.0028061 , 0.03295747])

 35.1863872219			array([  13.11621306,    8.98752499,    2.63713462,    5.7263817 ,
        -13.63633618, -146.12851205,    1.3685285 ,  -74.93268575,
        145.93983129,    4.36572047])
						array([0.03212544, 0.0168721 , 0.03829673, 0.03313999, 0.02330149,
       0.02246911, 0.00401588, 0.02914011, 0.0028061 , 0.03295747])

 35.3408851888			array([  13.14797251,    8.99609547,    2.66599778,    5.7238332 ,
        -13.62919732, -146.09573403,    1.35938067,  -74.9334245 ,
        145.93721027,    4.35605953])
						array([0.03917737, 0.02057573, 0.04670333, 0.04041462, 0.02841645,
       0.02740135, 0.00489741, 0.03553672, 0.00342208, 0.04019204])

 35.4011428401			array([  13.13060985,    8.99760633,    2.64028558,    5.71664869,
        -13.61499138, -146.14944386,    1.35457221,  -74.93643275,
        145.93213726,    4.41211006])
						array([0.04777728, 0.02509235, 0.05695528, 0.04928613, 0.03465421,
       0.03341628, 0.00597245, 0.04333747, 0.00417326, 0.04901468])

 35.0601323058			array([  13.14087356,    8.98001803,    2.66522335,    5.7512678 ,
        -13.63699865, -146.12083446,    1.3689548 ,  -74.86670303,
        145.93735371,    4.43545154])
						array([0.04777728, 0.02509235, 0.05695528, 0.04928613, 0.03465421,
       0.03341628, 0.00597245, 0.04333747, 0.00417326, 0.04901468])

 35.4843019658			array([  13.15069624,    9.01041198,    2.66568436,    5.75348813,
        -13.62562865, -146.11059504,    1.37231573,  -74.92393391,
        145.93239634,    4.4282703 ])
						array([0.05826497, 0.03060043, 0.06945766, 0.06010503, 0.04226123,
       0.04075156, 0.00728348, 0.05285057, 0.00508935, 0.059774  ])

 34.9862961034			array([  13.1219053 ,    8.99602963,    2.6719503 ,    5.75443012,
        -13.60721292, -146.13898911,    1.36725207,  -74.9149574 ,
        145.93428756,    4.42235932])
						array([0.03917737, 0.02057573, 0.04670333, 0.04041462, 0.02841645,
       0.02740135, 0.00489741, 0.03553672, 0.00342208, 0.04019204])

 35.2018826915			array([  13.12227981,    9.00520644,    2.66349179,    5.72097231,
        -13.61732832, -146.13109839,    1.36053914,  -74.90650344,
        145.9340181 ,    4.4444089 ])
						array([0.02160115, 0.0113448 , 0.02575072, 0.02228333, 0.01566792,
       0.01510823, 0.00270027, 0.01959381, 0.00188682, 0.0221606 ])

 35.087250008			array([  13.13192172,    8.99165936,    2.68763099,    5.7327133 ,
        -13.58096767, -146.1195792 ,    1.35851302,  -74.9189663 ,
        145.93510411,    4.49422425])
						array([0.02634286, 0.01383512, 0.03140332, 0.02717479, 0.01910722,
       0.01842467, 0.00329302, 0.02389489, 0.002301  , 0.02702513])

 35.0687676334			array([  13.11709809,    9.00507866,    2.68121168,    5.74196581,
        -13.63028535, -146.09581433,    1.36304639,  -74.89558298,
        145.93512047,    4.47215561])
						array([0.04777728, 0.02509235, 0.05695528, 0.04928613, 0.03465421,
       0.03341628, 0.00597245, 0.04333747, 0.00417326, 0.04901468])

 35.2970119324			array([  13.11684495,    9.01775082,    2.68065438,    5.73125476,
        -13.64383921, -146.04552894,    1.36670181,  -74.85945846,
        145.93252004,    4.49929354])
						array([0.03212544, 0.0168721 , 0.03829673, 0.03313999, 0.02330149,
       0.02246911, 0.00401588, 0.02914011, 0.0028061 , 0.03295747])

 35.2292713716			array([  13.13343459,    9.00740383,    2.66715361,    5.75863803,
        -13.63138742, -146.05457502,    1.37032111,  -74.85902855,
        145.93054407,    4.49400063])
						array([0.02634286, 0.01383512, 0.03140332, 0.02717479, 0.01910722,
       0.01842467, 0.00329302, 0.02389489, 0.002301  , 0.02702513])

 35.4431186483			array([  13.15368724,    9.00516913,    2.66962112,    5.7454703 ,
        -13.61352672, -146.03154414,    1.3653036 ,  -74.81302661,
        145.93040875,    4.46840416])
						array([0.03212544, 0.0168721 , 0.03829673, 0.03313999, 0.02330149,
       0.02246911, 0.00401588, 0.02914011, 0.0028061 , 0.03295747])

 35.2390582134			array([  13.15087695,    8.97105445,    2.66367062,    5.73027839,
        -13.63634232, -145.99405775,    1.36362113,  -74.8081893 ,
        145.92575016,    4.44031001])
						array([0.03917737, 0.02057573, 0.04670333, 0.04041462, 0.02841645,
       0.02740135, 0.00489741, 0.03553672, 0.00342208, 0.04019204])

 35.3345010392			array([  13.09831411,    8.93582048,    2.69017313,    5.71644758,
        -13.60443638, -145.98720216,    1.35994134,  -74.78438626,
        145.92840726,    4.45150755])
						array([0.03917737, 0.02057573, 0.04670333, 0.04041462, 0.02841645,
       0.02740135, 0.00489741, 0.03553672, 0.00342208, 0.04019204])

 35.2935446881			array([  13.07414443,    8.93761489,    2.67023157,    5.74955903,
        -13.58874884, -145.96140142,    1.3581244 ,  -74.80197463,
        145.93307641,    4.41121483])
						array([0.03917737, 0.02057573, 0.04670333, 0.04041462, 0.02841645,
       0.02740135, 0.00489741, 0.03553672, 0.00342208, 0.04019204])

 35.4584693604			array([  13.10749014,    8.94913272,    2.7072887 ,    5.78271874,
        -13.55834362, -145.92747064,    1.35421642,  -74.82145375,
        145.93246103,    4.42820867])
						array([0.02634286, 0.01383512, 0.03140332, 0.02717479, 0.01910722,
       0.01842467, 0.00329302, 0.02389489, 0.002301  , 0.02702513])

 34.8740979009			array([  13.11342334,    8.95756546,    2.67104115,    5.74245723,
        -13.56032266, -145.94823227,    1.36042752,  -74.84776962,
        145.92868819,    4.39171518])
						array([0.03212544, 0.0168721 , 0.03829673, 0.03313999, 0.02330149,
       0.02246911, 0.00401588, 0.02914011, 0.0028061 , 0.03295747])

 35.3054376843			array([  13.08965203,    8.94931218,    2.68891267,    5.78072169,
        -13.54935832, -145.93179831,    1.36127299,  -74.80211152,
        145.93334954,    4.3933171 ])
						array([0.04777728, 0.02509235, 0.05695528, 0.04928613, 0.03465421,
       0.03341628, 0.00597245, 0.04333747, 0.00417326, 0.04901468])

 35.1964662592			array([  13.10751824,    8.97004951,    2.6318101 ,    5.7281636 ,
        -13.41152554, -145.88727386,    1.38173603,  -74.96288464,
        145.93902776,    4.33662902])
						array([0.15715864, 0.08253882, 0.18734878, 0.16212186, 0.11399161,
       0.10991955, 0.01964579, 0.14255433, 0.01372754, 0.16122897])

 35.0418836357			array([  13.11693805,    8.97963408,    2.64058361,    5.74214378,
        -13.41734103, -145.90793279,    1.38339041,  -74.94742278,
        145.93853257,    4.33716725])
						array([0.01452461, 0.00762824, 0.01731479, 0.01498331, 0.01053511,
       0.01015877, 0.00181566, 0.01317488, 0.0012687 , 0.01490079])

 34.8915675667			array([  13.11286225,    8.98213201,    2.65660163,    5.74680374,
        -13.41057168, -145.90340909,    1.38270635,  -74.94773882,
        145.93819344,    4.33242679])
						array([0.00976635, 0.00512923, 0.01164246, 0.01007478, 0.00708381,
       0.00683076, 0.00122085, 0.00885879, 0.00085307, 0.01001929])

 34.8876041257			array([  13.10907944,    8.98655489,    2.66200579,    5.75090085,
        -13.40299583, -145.90599867,    1.38395384,  -74.94599182,
        145.93767369,    4.33653191])
						array([0.01191018, 0.00625516, 0.01419812, 0.01228632, 0.00863879,
       0.00833019, 0.00148885, 0.0108034 , 0.00104033, 0.01221865])

 34.9313173344			array([  13.11744044,    8.97903472,    2.65250342,    5.73812348,
        -13.39736586, -145.91078354,    1.38467697,  -74.95500823,
        145.93787822,    4.34230545])
						array([0.01771294, 0.00930273, 0.02111559, 0.01827233, 0.0128477 ,
       0.01238875, 0.00221423, 0.01606693, 0.00154719, 0.0181717 ])

 34.9331609659			array([  13.11014931,    8.97517677,    2.65074911,    5.73497211,
        -13.40518873, -145.91671522,    1.38420307,  -74.95293719,
        145.93764589,    4.34234128])
						array([0.00656689, 0.00344889, 0.00782839, 0.00677428, 0.00476315,
       0.004593  , 0.0008209 , 0.00595665, 0.00057361, 0.00673697])

 34.8627484768			array([  13.09969621,    8.97413121,    2.66175986,    5.74039814,
        -13.41142191, -145.90677968,    1.38421669,  -74.95933123,
        145.93798729,    4.35540156])
						array([0.00538485, 0.00282809, 0.00641928, 0.00555491, 0.00390579,
       0.00376626, 0.00067314, 0.00488445, 0.00047036, 0.00552432])

 34.8606287945			array([  13.10230165,    8.97754056,    2.66346705,    5.75289453,
        -13.40899333, -145.90527572,    1.38432578,  -74.97009744,
        145.93866349,    4.34976128])
						array([0.00656689, 0.00344889, 0.00782839, 0.00677428, 0.00476315,
       0.004593  , 0.0008209 , 0.00595665, 0.00057361, 0.00673697])

 34.9135849667			array([  13.11185771,    8.97918316,    2.6528909 ,    5.75185036,
        -13.39655381, -145.89713835,    1.38307825,  -74.96826079,
        145.93896873,    4.35457145])
						array([0.00976635, 0.00512923, 0.01164246, 0.01007478, 0.00708381,
       0.00683076, 0.00122085, 0.00885879, 0.00085307, 0.01001929])

 34.9271745277			array([  13.11448156,    8.97574328,    2.65530632,    5.75959669,
        -13.40204061, -145.90269717,    1.38313143,  -74.9807495 ,
        145.93865194,    4.35484248])
						array([0.01191018, 0.00625516, 0.01419812, 0.01228632, 0.00863879,
       0.00833019, 0.00148885, 0.0108034 , 0.00104033, 0.01221865])

 34.8484414326			array([  13.11004522,    8.97597969,    2.66505945,    5.7534278 ,
        -13.39531528, -145.92297732,    1.3836302 ,  -74.98819286,
        145.93879744,    4.35034093])
						array([0.01771294, 0.00930273, 0.02111559, 0.01827233, 0.0128477 ,
       0.01238875, 0.00221423, 0.01606693, 0.00154719, 0.0181717 ])

 34.8451153713			array([  13.1121122 ,    8.97380415,    2.68071925,    5.74873206,
        -13.40210574, -145.92319554,    1.38334949,  -74.98290169,
        145.93854018,    4.35276224])
						array([0.00441558, 0.00231904, 0.00526381, 0.00455503, 0.00320274,
       0.00308833, 0.00055197, 0.00400525, 0.00038569, 0.00452994])

 34.8410554062			array([  13.11128169,    8.97441142,    2.67685945,    5.75231391,
        -13.40187856, -145.92139199,    1.38360997,  -74.98010823,
        145.93861772,    4.35423549])
						array([0.00296904, 0.00155932, 0.00353939, 0.0030628 , 0.00215353,
       0.0020766 , 0.00037115, 0.00269313, 0.00025934, 0.00304593])

 34.8344416355			array([  13.11136289,    8.97414057,    2.67575135,    5.75046539,
        -13.40065183, -145.92122042,    1.38354889,  -74.97757909,
        145.93877056,    4.35492343])
						array([0.00362077, 0.00190161, 0.00431632, 0.00373512, 0.00262625,
       0.00253243, 0.00045262, 0.00328431, 0.00031627, 0.00371455])

 34.8429725119			array([  13.11525953,    8.97643657,    2.6752714 ,    5.74997263,
        -13.40415394, -145.91863813,    1.38410255,  -74.98078774,
        145.93866665,    4.35267402])
						array([0.00441558, 0.00231904, 0.00526381, 0.00455503, 0.00320274,
       0.00308833, 0.00055197, 0.00400525, 0.00038569, 0.00452994])

 34.842006423			array([  13.1101371 ,    8.97935476,    2.67104215,    5.75181753,
        -13.40064074, -145.9166587 ,    1.3845643 ,  -74.98060428,
        145.93905863,    4.3501949 ])
						array([0.00362077, 0.00190161, 0.00431632, 0.00373512, 0.00262625,
       0.00253243, 0.00045262, 0.00328431, 0.00031627, 0.00371455])

 34.8478286747			array([  13.11048016,    8.97909431,    2.66573458,    5.75152517,
        -13.40168248, -145.91573238,    1.38460204,  -74.97968451,
        145.93878161,    4.35240581])
						array([0.00199638, 0.00104849, 0.00237988, 0.00205943, 0.00144803,
       0.0013963 , 0.00024956, 0.00181086, 0.00017438, 0.00204808])

 34.8462942424			array([  13.10952758,    8.97934727,    2.66742112,    5.75223368,
        -13.40297221, -145.91626341,    1.38407508,  -74.98089257,
        145.93862482,    4.35288366])
						array([0.00199638, 0.00104849, 0.00237988, 0.00205943, 0.00144803,
       0.0013963 , 0.00024956, 0.00181086, 0.00017438, 0.00204808])

 34.8482987955			array([  13.10852101,    8.97920613,    2.66697548,    5.75287871,
        -13.40594809, -145.91557398,    1.38419003,  -74.98017212,
        145.93856008,    4.35302603])
						array([0.00243461, 0.00127864, 0.0029023 , 0.0025115 , 0.00176589,
       0.00170281, 0.00030434, 0.00220837, 0.00021266, 0.00249766])

 34.8366135647			array([  13.11132599,    8.97787424,    2.67502277,    5.74945811,
        -13.40665075, -145.91502136,    1.38379727,  -74.98080997,
        145.93795125,    4.35227716])
						array([0.00362077, 0.00190161, 0.00431632, 0.00373512, 0.00262625,
       0.00253243, 0.00045262, 0.00328431, 0.00031627, 0.00371455])

 34.8441338745			array([  13.11396596,    8.97912046,    2.67557274,    5.74899055,
        -13.41050853, -145.91255055,    1.38404511,  -74.97870348,
        145.93757018,    4.35100704])
						array([0.00441558, 0.00231904, 0.00526381, 0.00455503, 0.00320274,
       0.00308833, 0.00055197, 0.00400525, 0.00038569, 0.00452994])

 34.8393434504			array([  13.10737634,    8.97845748,    2.6743562 ,    5.75133499,
        -13.41124729, -145.91774103,    1.38499435,  -74.98397234,
        145.93679487,    4.35761287])
						array([0.00656689, 0.00344889, 0.00782839, 0.00677428, 0.00476315,
       0.004593  , 0.0008209 , 0.00595665, 0.00057361, 0.00673697])

 34.8326535768			array([  13.11016891,    8.97841042,    2.67368859,    5.74736003,
        -13.41348144, -145.91107543,    1.38542761,  -74.97916565,
        145.93686972,    4.35877963])
						array([0.00441558, 0.00231904, 0.00526381, 0.00455503, 0.00320274,
       0.00308833, 0.00055197, 0.00400525, 0.00038569, 0.00452994])

 34.8338414731			array([  13.10947059,    8.97961385,    2.67256695,    5.74569241,
        -13.41505914, -145.90767819,    1.38512514,  -74.98107291,
        145.93706471,    4.36569118])
						array([0.00296904, 0.00155932, 0.00353939, 0.0030628 , 0.00215353,
       0.0020766 , 0.00037115, 0.00269313, 0.00025934, 0.00304593])

 34.833934751			array([  13.10751599,    8.97893865,    2.66839312,    5.74469497,
        -13.41369916, -145.90685675,    1.38528501,  -74.9800672 ,
        145.93709892,    4.36845932])
						array([0.00163703, 0.00085976, 0.0019515 , 0.00168873, 0.00118738,
       0.00114497, 0.00020464, 0.00148491, 0.00014299, 0.00167943])

 34.8311639968			array([  13.10957525,    8.97758395,    2.66826364,    5.74530912,
        -13.41458653, -145.90835026,    1.38521054,  -74.98093713,
        145.93719524,    4.3700078 ])
						array([0.00199638, 0.00104849, 0.00237988, 0.00205943, 0.00144803,
       0.0013963 , 0.00024956, 0.00181086, 0.00017438, 0.00204808])

 34.8285939139			array([  13.11126298,    8.9752568 ,    2.6688624 ,    5.74659037,
        -13.41173029, -145.90910945,    1.38539538,  -74.97975961,
        145.93732935,    4.36683754])
						array([0.00243461, 0.00127864, 0.0029023 , 0.0025115 , 0.00176589,
       0.00170281, 0.00030434, 0.00220837, 0.00021266, 0.00249766])

 34.8257320211			array([  13.10942529,    8.97532615,    2.67153708,    5.74682359,
        -13.41058807, -145.91100749,    1.38528513,  -74.97967805,
        145.93733267,    4.36435349])
						array([0.00296904, 0.00155932, 0.00353939, 0.0030628 , 0.00215353,
       0.0020766 , 0.00037115, 0.00269313, 0.00025934, 0.00304593])

 34.8252186038			array([  13.10805563,    8.97415049,    2.67359004,    5.74691089,
        -13.41401608, -145.91002815,    1.38552938,  -74.97920412,
        145.93720948,    4.36380299])
						array([0.00362077, 0.00190161, 0.00431632, 0.00373512, 0.00262625,
       0.00253243, 0.00045262, 0.00328431, 0.00031627, 0.00371455])

 34.8288121991			array([  13.11101419,    8.97114658,    2.67546253,    5.74319632,
        -13.40990049, -145.91063651,    1.38588787,  -74.98300721,
        145.93734641,    4.35553603])
						array([0.00441558, 0.00231904, 0.00526381, 0.00455503, 0.00320274,
       0.00308833, 0.00055197, 0.00400525, 0.00038569, 0.00452994])

 34.8338437433			array([  13.11351351,    8.97013267,    2.67509616,    5.748153  ,
        -13.41227987, -145.9073536 ,    1.38625248,  -74.98757358,
        145.93725375,    4.35195571])
						array([0.00538485, 0.00282809, 0.00641928, 0.00555491, 0.00390579,
       0.00376626, 0.00067314, 0.00488445, 0.00047036, 0.00552432])

 34.834937455			array([  13.11446976,    8.9692449 ,    2.67430298,    5.74695715,
        -13.41114745, -145.90583517,    1.38525454,  -74.99298656,
        145.93717804,    4.3561243 ])
						array([0.00656689, 0.00344889, 0.00782839, 0.00677428, 0.00476315,
       0.004593  , 0.0008209 , 0.00595665, 0.00057361, 0.00673697])

 34.8312640785			array([  13.10943062,    8.97348238,    2.67702071,    5.74216594,
        -13.41288107, -145.90906718,    1.38562723,  -74.98970329,
        145.93660624,    4.36134926])
						array([0.00296904, 0.00155932, 0.00353939, 0.0030628 , 0.00215353,
       0.0020766 , 0.00037115, 0.00269313, 0.00025934, 0.00304593])

 34.8337619294			array([  13.11078883,    8.97421126,    2.67816268,    5.74395172,
        -13.41406309, -145.9075552 ,    1.38560298,  -74.98862729,
        145.93669941,    4.36154524])
						array([0.00134237, 0.000705  , 0.00160023, 0.00138476, 0.00097366,
       0.00093887, 0.0001678 , 0.00121762, 0.00011725, 0.00137713])

 34.8343326169			array([  13.11186426,    8.97397136,    2.67798861,    5.74620583,
        -13.41309891, -145.90767742,    1.38581646,  -74.98953275,
        145.93673822,    4.36071763])
						array([0.00163703, 0.00085976, 0.0019515 , 0.00168873, 0.00118738,
       0.00114497, 0.00020464, 0.00148491, 0.00014299, 0.00167943])

 34.8295255012			array([  13.11081168,    8.97198166,    2.67658426,    5.74598564,
        -13.41216805, -145.90727077,    1.38551519,  -74.98801235,
        145.93669415,    4.36187002])
						array([0.00362077, 0.00190161, 0.00431632, 0.00373512, 0.00262625,
       0.00253243, 0.00045262, 0.00328431, 0.00031627, 0.00371455])

 34.8322429638			array([  13.11109121,    8.97089978,    2.67699227,    5.74268055,
        -13.41663323, -145.90904468,    1.38597209,  -74.98009982,
        145.93646415,    4.36049394])
						array([0.00538485, 0.00282809, 0.00641928, 0.00555491, 0.00390579,
       0.00376626, 0.00067314, 0.00488445, 0.00047036, 0.00552432])

 34.8317150091			array([  13.11211549,    8.96753119,    2.67108694,    5.7436457 ,
        -13.4143646 , -145.91286013,    1.38704945,  -74.98054533,
        145.93687588,    4.36179265])
						array([0.00441558, 0.00231904, 0.00526381, 0.00455503, 0.00320274,
       0.00308833, 0.00055197, 0.00400525, 0.00038569, 0.00452994])

 34.8326239189			array([  13.11258598,    8.96777909,    2.67389907,    5.74632291,
        -13.41652158, -145.91403249,    1.38683294,  -74.98082515,
        145.93693215,    4.36054167])
						array([0.00243461, 0.00127864, 0.0029023 , 0.0025115 , 0.00176589,
       0.00170281, 0.00030434, 0.00220837, 0.00021266, 0.00249766])

 34.8330490377			array([  13.11112724,    8.96899161,    2.67660565,    5.74732961,
        -13.41559172, -145.91494233,    1.38674635,  -74.97972915,
        145.93690627,    4.36064272])
						array([0.00296904, 0.00155932, 0.00353939, 0.0030628 , 0.00215353,
       0.0020766 , 0.00037115, 0.00269313, 0.00025934, 0.00304593])

 34.8314385657			array([  13.11134962,    8.96810795,    2.67391117,    5.74790542,
        -13.41316112, -145.91570725,    1.38670028,  -74.98021852,
        145.93676387,    4.36685509])
						array([0.00362077, 0.00190161, 0.00431632, 0.00373512, 0.00262625,
       0.00253243, 0.00045262, 0.00328431, 0.00031627, 0.00371455])

 34.8303059684			array([  13.11030441,    8.9707572 ,    2.67273063,    5.75040343,
        -13.4071764 , -145.91873664,    1.38657932,  -74.98609362,
        145.93786341,    4.37115994])
						array([0.00800841, 0.00420597, 0.00954682, 0.00826132, 0.00580872,
       0.00560122, 0.0010011 , 0.00726421, 0.00069952, 0.00821582])

 34.8348804437			array([  13.11170386,    8.97140389,    2.66803414,    5.75086304,
        -13.40981231, -145.91644157,    1.38642026,  -74.98336425,
        145.93761091,    4.37315591])
						array([0.00362077, 0.00190161, 0.00431632, 0.00373512, 0.00262625,
       0.00253243, 0.00045262, 0.00328431, 0.00031627, 0.00371455])

 34.8306025999			array([  13.11204232,    8.97336562,    2.67247848,    5.74982481,
        -13.40673772, -145.91882269,    1.3857631 ,  -74.9801814 ,
        145.93762761,    4.37402983])
						array([0.00441558, 0.00231904, 0.00526381, 0.00455503, 0.00320274,
       0.00308833, 0.00055197, 0.00400525, 0.00038569, 0.00452994])

------------------------------------ 


------------------------------------ 
TOTAL GENERATIONS: 1000
------------------------------------ 
