------------------------------------ 
PARAMETERS used: 
 - DNA SIZE: '10'
 - c: '0.82'
 - s: '15'
 - num rotors in robot: '4'
 - num total generations: '1000'
------------------------------------ 


------------------------------------ 
Fitness_value		Individual
------------------------------------ 
 40064.647493			array([ -97.89254726,  -58.87582009,  -96.36533213, -117.30905339,
        172.16780332,  167.80183156,   47.61984018,  103.74755098,
         72.35829615,   72.39305709])
						array([5.09135143, 9.44779111, 7.47200712, 8.60671733, 1.73115663,
       7.18525415, 7.83634362, 6.34791102, 7.61202063, 2.10932524])

 38916.136367			array([ -96.91359539,  -61.31782967,  -89.2477737 , -117.65862456,
        171.54337102,  178.65271783,   49.35394034,  111.38463625,
         75.05189975,   72.28022331])
						array([3.4234247 , 6.35269474, 5.02417759, 5.78715673, 1.16402972,
       4.83136489, 5.26915745, 4.26833537, 5.11832267, 1.41831029])

 37707.0998039			array([ -95.21812447,  -60.26357553,  -89.97194451, -114.00123478,
        174.04162781,  180.        ,   44.28247185,  114.41279215,
         85.46913078,   70.18541721])
						array([3.4234247 , 6.35269474, 5.02417759, 5.78715673, 1.16402972,
       4.83136489, 5.26915745, 4.26833537, 5.11832267, 1.41831029])

 35079.9161732			array([ -91.69427515,  -64.5794097 ,  -85.18628394, -106.82080441,
        173.96616709,  176.46652092,   48.6456467 ,  111.68502743,
         80.82138288,   67.98370904])
						array([4.17490817, 7.74718871, 6.12704584, 7.05750821, 1.41954844,
       5.8919084 , 6.42580177, 5.20528704, 6.24185691, 1.72964669])

 30500.9215906			array([-81.02294531, -70.66765396, -93.66086856, -80.6470496 ,
       171.5271937 , 175.61446571,  51.61230755, 107.47266234,
        84.485257  ,  68.33354132])
						array([ 7.57190872, 14.05084935, 11.11244366, 12.79999602,  2.57459344,
       10.68598178, 11.65428855,  9.44067671, 11.32067315,  3.13700957])

 25977.1044979			array([ -78.2640032 ,  -43.36125426, -103.70255602,  -62.55317913,
        171.29306612,  172.87178765,   28.96183851,  103.55064419,
         82.7535763 ,   73.79299919])
						array([13.73294918, 25.48361413, 20.15431375, 23.21497806,  4.66946475,
       19.38085231, 21.13704196, 17.12227897, 20.53197348,  5.68950242])

 21727.3278831			array([-74.89063002, -10.56864306, -85.45624909, -77.34448744,
       175.84508703, 112.25342731,  70.60599784, 120.12256548,
        51.64289063,  84.74434533])
						array([24.90704789, 46.21888489, 36.55328882, 42.10432607,  8.46887151,
       35.15048445, 38.33563421, 31.05417611, 37.23823921, 10.31888398])

 15624.6462107			array([-78.09693845,  -0.23512636, -68.22762951, -49.3528875 ,
       179.37038101,  51.20410096,  82.23261855,  96.85939069,
        34.61956922,  81.48495184])
						array([11.26101833, 20.89656358, 16.52653727, 19.03628201,  3.82896109,
       15.89229889, 17.33237441, 14.04026876, 16.83621825,  4.66539199])

 15585.0249735			array([-84.68238703, -21.42111188, -66.78291571, -27.1686393 ,
       180.        ,  29.49343125,  60.24348724, 132.44951883,
        31.82215592,  83.21337056])
						array([ 9.23403503, 17.13518214, 13.55176056, 15.60975125,  3.1397481 ,
       13.03168509, 14.21254702, 11.51302038, 13.80569897,  3.82562143])

 13536.0114477			array([-82.37785855, -19.77028326, -61.53013483,  -3.04976067,
       180.        ,  19.94234917,  69.37596651, 122.46052375,
        26.17157777,  81.07069537])
						array([ 7.57190872, 14.05084935, 11.11244366, 12.79999602,  2.57459344,
       10.68598178, 11.65428855,  9.44067671, 11.32067315,  3.13700957])

 13284.4980576			array([-71.91859297, -21.07414177, -71.4396686 , -10.7984661 ,
       180.        ,   9.53955007,  57.77230045, 109.37045899,
        18.97739293,  85.66400545])
						array([ 9.23403503, 17.13518214, 13.55176056, 15.60975125,  3.1397481 ,
       13.03168509, 14.21254702, 11.51302038, 13.80569897,  3.82562143])

 10862.5768143			array([-68.30947495, -22.81623654, -57.99752908,  -4.30407838,
       178.43926395,  18.39495925,  40.60584927, 121.28459418,
        22.97258204,  85.50100198])
						array([11.26101833, 20.89656358, 16.52653727, 19.03628201,  3.82896109,
       15.89229889, 17.33237441, 14.04026876, 16.83621825,  4.66539199])

 8426.93526213			array([-52.20238372, -10.10049887, -56.28810762,  27.56686337,
       174.49663237,  11.44280874,  61.61688461, 120.93325477,
        51.42972629,  92.54945987])
						array([13.73294918, 25.48361413, 20.15431375, 23.21497806,  4.66946475,
       19.38085231, 21.13704196, 17.12227897, 20.53197348,  5.68950242])

 8167.1379402			array([-77.28322335,  -2.85369436, -16.42548486,   5.57579828,
       177.82819856,   3.02524173,  67.07450711, 117.09618212,
        38.03032812,  91.58654826])
						array([20.42377927, 37.89948561, 29.97369683, 34.52554738,  6.94447464,
       28.82339725, 31.43522005, 25.46442441, 30.53535615,  8.46148486])

 8068.06616096			array([-70.40412607,  -2.91259526, -29.84049344, -16.45043593,
       178.68384063,  -7.23177804,  93.38872055, 110.14015534,
        44.36599666,  97.8252717 ])
						array([ 9.23403503, 17.13518214, 13.55176056, 15.60975125,  3.1397481 ,
       13.03168509, 14.21254702, 11.51302038, 13.80569897,  3.82562143])

 6526.80747032			array([-65.62554334,   0.94718133,  -9.50524174, -22.19214547,
       180.        ,  -4.66759437, 111.79271317, 110.29230596,
        43.92811704,  94.08409909])
						array([5.09135143, 9.44779111, 7.47200712, 8.60671733, 1.73115663,
       7.18525415, 7.83634362, 6.34791102, 7.61202063, 2.10932524])

 6224.83602333			array([-63.41002738,  -1.1444646 ,  -5.59998389, -23.47827015,
       180.        ,  -1.77510412, 109.87774255, 110.67940215,
        44.53773922,  93.66724839])
						array([1.5478048 , 2.87219153, 2.27154001, 2.61649949, 0.52628316,
       2.1843652 , 2.38230074, 1.9298073 , 2.31410505, 0.64124894])

 6031.81558362			array([-63.71248486,   2.91761625,  -7.06908014, -19.1186499 ,
       179.88564684,  -0.4506827 , 109.39634599, 114.51478622,
        41.6403862 ,  92.99114629])
						array([1.88756683, 3.50267259, 2.77017075, 3.19085303, 0.64180874,
       2.66386   , 2.90524481, 2.35342354, 2.82207933, 0.78201091])

 6027.37471929			array([-64.50122036,   4.92963521,  -7.68904445, -15.33783465,
       179.41750809,   0.92415664, 109.36992856, 112.33190314,
        39.46406774,  92.13237611])
						array([2.30191077, 4.27155194, 3.37825701, 3.89128419, 0.78269358,
       3.24860975, 3.54298147, 2.8700287 , 3.44156016, 0.95367184])

 4912.83176743			array([-57.67487654,   3.33998886,  -0.66670806, -13.59606202,
       178.78203412,  -3.12359452, 107.68001363,  99.94141063,
        32.4944663 ,  92.0347196 ])
						array([4.17490817, 7.74718871, 6.12704584, 7.05750821, 1.41954844,
       5.8919084 , 6.42580177, 5.20528704, 6.24185691, 1.72964669])

 4637.06879524			array([-55.40601956,   2.87452427,  11.49447334, -13.50467366,
       177.18253905,  -2.29256363, 103.7924841 ,  94.52677652,
        27.89496778,  92.70236502])
						array([ 6.20896515, 11.52169647,  9.1122038 , 10.49599674,  2.11116662,
        8.76250506,  9.55651661,  7.7413549 ,  9.28295198,  2.57234785])

 3722.5526536			array([-45.48873744,  12.96143607,  -2.38387904, -21.13694289,
       178.18219174, -12.45571309,  96.82780083, 105.66755398,
        29.79559051,  95.04008905])
						array([ 9.23403503, 17.13518214, 13.55176056, 15.60975125,  3.1397481 ,
       13.03168509, 14.21254702, 11.51302038, 13.80569897,  3.82562143])

 3590.01636908			array([-38.13914168,  -5.46333798,  -0.37737824, -30.98271807,
       180.        , -60.51444735,  79.00745448, 102.99565012,
       -15.52520641,  97.89790117])
						array([16.747499  , 31.0775782 , 24.5784314 , 28.31094885,  5.69446921,
       23.63518575, 25.77688044, 20.88082802, 25.03899204,  6.93841759])

 3351.51649325			array([-41.42338138,  30.24363024,   8.5819908 ,  -5.29599774,
       174.6275774 , -84.83205301,  19.00030869,  89.41838382,
       -25.51768159,  95.35518276])
						array([30.37444864, 56.36449377, 44.57718148, 51.34673912, 10.32789209,
       42.86644445, 46.75077343, 37.87094648, 45.41248684, 12.58400485])

 2532.15613428			array([-35.77696492,  25.27738185,  -0.19059595,   1.27712274,
       172.97853094, -85.95136986,   8.00663746,  93.15064109,
       -20.11144111,  98.05302917])
						array([5.09135143, 9.44779111, 7.47200712, 8.60671733, 1.73115663,
       7.18525415, 7.83634362, 6.34791102, 7.61202063, 2.10932524])

 1877.93462961			array([-31.14998423,  15.62746351,  -3.22717035,  -0.23242366,
       174.30146389, -87.42684617,   2.32224764,  90.7500174 ,
       -14.88024983, 100.20174811])
						array([3.4234247 , 6.35269474, 5.02417759, 5.78715673, 1.16402972,
       4.83136489, 5.26915745, 4.26833537, 5.11832267, 1.41831029])

 1873.32572224			array([-31.31189626,  11.85899303,  -5.58405664,  -0.20387248,
       173.69896856, -88.61226767,   2.73716986,  93.49574295,
       -14.81164119, 102.01872804])
						array([1.88756683, 3.50267259, 2.77017075, 3.19085303, 0.64180874,
       2.66386   , 2.90524481, 2.35342354, 2.82207933, 0.78201091])

 1696.30278121			array([-29.36491465,   8.78896052,  -4.86766825,   1.00160487,
       174.69669194, -89.66345059,   1.50462494,  92.10853434,
       -14.69865505, 101.34462919])
						array([2.30191077, 4.27155194, 3.37825701, 3.89128419, 0.78269358,
       3.24860975, 3.54298147, 2.8700287 , 3.44156016, 0.95367184])

 1462.57336541			array([-2.56626068e+01,  1.16757744e+01, -3.49446460e-03, -8.14540586e+00,
        1.74293554e+02, -9.13387754e+01, -4.84146866e+00,  8.84486861e+01,
       -1.95419369e+01,  1.00948332e+02])
						array([3.4234247 , 6.35269474, 5.02417759, 5.78715673, 1.16402972,
       4.83136489, 5.26915745, 4.26833537, 5.11832267, 1.41831029])

 1384.44420946			array([-23.76309498,   2.64201614,  -6.58465659,  -6.85072056,
       177.43323093, -88.98818648,   8.5397382 ,  92.37516674,
       -13.89909138,  99.41869046])
						array([ 6.20896515, 11.52169647,  9.1122038 , 10.49599674,  2.11116662,
        8.76250506,  9.55651661,  7.7413549 ,  9.28295198,  2.57234785])

 1054.69236571			array([-15.89340688,   4.97038921,  -8.878615  , -11.66969605,
       179.38290572, -92.94049144,  18.54777138,  92.14635012,
        -5.34927267,  99.49258485])
						array([ 7.57190872, 14.05084935, 11.11244366, 12.79999602,  2.57459344,
       10.68598178, 11.65428855,  9.44067671, 11.32067315,  3.13700957])

 951.727505261			array([  -8.89950898,   25.19731874,   12.67056799,   -9.43241407,
        180.        , -102.4756483 ,   35.62924511,   79.76280598,
         19.84346801,  100.9410661 ])
						array([11.26101833, 20.89656358, 16.52653727, 19.03628201,  3.82896109,
       15.89229889, 17.33237441, 14.04026876, 16.83621825,  4.66539199])

 464.22586697			array([  -0.65237977,    9.52734573,   16.27381228,   12.33982742,
        179.16519511, -129.58006935,   24.85340979,   79.82848113,
         49.06415204,  101.59970422])
						array([ 7.57190872, 14.05084935, 11.11244366, 12.79999602,  2.57459344,
       10.68598178, 11.65428855,  9.44067671, 11.32067315,  3.13700957])

 89.7127765244			array([ 1.02438969e+01,  1.94496044e+00,  1.40930716e-01,  6.17723941e+00,
        1.78830626e+02, -1.31739755e+02,  3.26181662e+01,  6.38800118e+01,
        5.42147585e+01,  1.00010984e+02])
						array([ 6.20896515, 11.52169647,  9.1122038 , 10.49599674,  2.11116662,
        8.76250506,  9.55651661,  7.7413549 ,  9.28295198,  2.57234785])

 87.8596648375			array([   8.06769852,    3.63670504,   -1.00054905,    5.96938385,
        178.81673208, -131.56293661,   37.08183928,   62.84282953,
         58.82846754,  100.37202246])
						array([1.5478048 , 2.87219153, 2.27154001, 2.61649949, 0.52628316,
       2.1843652 , 2.38230074, 1.9298073 , 2.31410505, 0.64124894])

 55.1517461455			array([   7.72650866,    7.79583508,    0.52081278,    3.90005742,
        178.84500006, -133.23210421,   35.77070583,   65.13456659,
         57.84603352,  100.78349348])
						array([1.26919994, 2.35519705, 1.86266281, 2.14552958, 0.43155219,
       1.79117946, 1.95348661, 1.58244199, 1.89756614, 0.52582413])

 37.5275307326			array([   8.7963621 ,    4.84735848,    3.57647597,    4.92493699,
        178.70332096, -134.17908263,   36.16637753,   61.97488347,
         55.0874483 ,  100.26639132])
						array([1.26919994, 2.35519705, 1.86266281, 2.14552958, 0.43155219,
       1.79117946, 1.95348661, 1.58244199, 1.89756614, 0.52582413])

 18.6488268824			array([   9.46522964,    5.92769596,    3.74390296,    1.83322423,
        178.31470439, -134.00442363,   37.86374144,   60.70953767,
         55.13399522,  101.1850243 ])
						array([1.5478048 , 2.87219153, 2.27154001, 2.61649949, 0.52628316,
       2.1843652 , 2.38230074, 1.9298073 , 2.31410505, 0.64124894])

 14.8478081374			array([   9.39940827,    6.06639358,    3.622404  ,    1.84089092,
        178.29895851, -133.76062132,   37.78229182,   60.76723507,
         55.05626853,  101.23749109])
						array([0.14304821, 0.2654481 , 0.20993586, 0.24181703, 0.04863912,
       0.20187915, 0.22017237, 0.1783529 , 0.21386972, 0.05926426])

 13.9440584079			array([   9.35066959,    6.03317842,    3.59639784,    1.90035598,
        178.26169954, -133.7288235 ,   37.76444445,   60.58781691,
         54.98814069,  101.2158232 ])
						array([0.05303367, 0.09841219, 0.07783159, 0.08965121, 0.01803246,
       0.07484465, 0.08162667, 0.06612253, 0.07929003, 0.02197162])

 12.5636008065			array([   9.37075644,    5.95858926,    3.66051188,    1.86736127,
        178.25924853, -133.7789537 ,   37.81232581,   60.58945627,
         55.01271026,  101.20771787])
						array([0.02924107, 0.05426133, 0.04291385, 0.04943081, 0.00994252,
       0.04126694, 0.04500633, 0.03645784, 0.04371798, 0.01211445])

 7.7746566288			array([   9.31668224,    6.03257319,    3.68237017,    1.7361796 ,
        178.27482887, -133.79231254,   37.79460979,   60.55811539,
         54.98367603,  101.18638208])
						array([0.03565984, 0.06617236, 0.05233396, 0.06028147, 0.01212503,
       0.05032554, 0.05488577, 0.04446079, 0.05331461, 0.01477372])

 5.82868979919			array([   9.19647119,    6.09522141,    3.7516972 ,    1.80599522,
        178.27385358, -133.74629787,   37.81678737,   60.61830094,
         55.04551597,  101.16278175])
						array([0.05303367, 0.09841219, 0.07783159, 0.08965121, 0.01803246,
       0.07484465, 0.08162667, 0.06612253, 0.07929003, 0.02197162])

 4.71102619984			array([   9.18874681,    6.08742164,    3.71516648,    1.82223219,
        178.27536502, -133.7912385 ,   37.8576196 ,   60.56989324,
         55.02516253,  101.17393115])
						array([0.02397768, 0.04449429, 0.03518935, 0.04053326, 0.00815287,
       0.03383889, 0.03690519, 0.02989543, 0.03584875, 0.00993385])

 5.47090791035			array([   9.15775291,    6.11226134,    3.75104218,    1.76443983,
        178.26823242, -133.80431216,   37.8964218 ,   60.58328045,
         54.99215375,  101.17511145])
						array([0.01966169, 0.03648532, 0.02885527, 0.03323727, 0.00668535,
       0.02774789, 0.03026226, 0.02451425, 0.02939597, 0.00814576])

 4.90345538607			array([   9.16558282,    6.10669353,    3.73652992,    1.7680898 ,
        178.26411174, -133.83968984,   37.8890581 ,   60.5897795 ,
         55.01238778,  101.16979223])
						array([0.00888948, 0.01649581, 0.0130461 , 0.0150273 , 0.00302259,
       0.01254543, 0.01368223, 0.01108343, 0.01329056, 0.00368287])

 3.91920249421			array([   9.16698265,    6.08448009,    3.73164651,    1.76927587,
        178.26544279, -133.84651028,   37.89819038,   60.58329201,
         55.00799433,  101.16667045])
						array([0.01084083, 0.02011684, 0.01590987, 0.01832597, 0.00368609,
       0.0152993 , 0.01668564, 0.01351638, 0.016208  , 0.00449131])

 3.98503882051			array([   9.18646541,    6.0914376 ,    3.70310191,    1.77207671,
        178.2660343 , -133.83824559,   37.87285076,   60.59343642,
         54.99437123,  101.17335059])
						array([0.01322052, 0.02453273, 0.01940228, 0.02234874, 0.00449523,
       0.01865768, 0.02034834, 0.01648338, 0.01976585, 0.00547721])

 4.20222073983			array([   9.19180559,    6.07141019,    3.73851229,    1.7827199 ,
        178.26252862, -133.84451768,   37.85142616,   60.6012337 ,
         54.99353642,  101.17372982])
						array([0.01612259, 0.02991796, 0.02366132, 0.02725457, 0.00548199,
       0.02275327, 0.02481505, 0.02010169, 0.0241047 , 0.00667952])

 4.15819723328			array([   9.20049679,    6.05261474,    3.73874801,    1.80559897,
        178.25493982, -133.81220779,   37.78728909,   60.58121557,
         54.87459986,  101.17888716])
						array([0.03565984, 0.06617236, 0.05233396, 0.06028147, 0.01212503,
       0.05032554, 0.05488577, 0.04446079, 0.05331461, 0.01477372])

 2.44200046506			array([   9.14247202,    5.9584059 ,    3.6899915 ,    1.84167224,
        178.26570188, -133.71882355,   37.90230131,   60.49977482,
         54.94910914,  101.16291698])
						array([0.05303367, 0.09841219, 0.07783159, 0.08965121, 0.01803246,
       0.07484465, 0.08162667, 0.06612253, 0.07929003, 0.02197162])

 2.08188337533			array([   9.15975585,    6.03183109,    3.65234132,    1.81423282,
        178.28159089, -133.71281874,   37.99474336,   60.51461986,
         55.0506158 ,  101.16859063])
						array([0.02924107, 0.05426133, 0.04291385, 0.04943081, 0.00994252,
       0.04126694, 0.04500633, 0.03645784, 0.04371798, 0.01211445])

 1.54814615504			array([   9.14025307,    5.98132816,    3.70148469,    1.80297346,
        178.27018633, -133.76233596,   38.00664081,   60.53407904,
         55.11670362,  101.18637179])
						array([0.01966169, 0.03648532, 0.02885527, 0.03323727, 0.00668535,
       0.02774789, 0.03026226, 0.02451425, 0.02939597, 0.00814576])

 2.39283734246			array([   9.15992117,    5.9737597 ,    3.73381819,    1.80331221,
        178.2728131 , -133.78095985,   38.00311646,   60.5535848 ,
         55.10910377,  101.2023167 ])
						array([0.01966169, 0.03648532, 0.02885527, 0.03323727, 0.00668535,
       0.02774789, 0.03026226, 0.02451425, 0.02939597, 0.00814576])

 2.40749171091			array([   9.15852012,    5.9929119 ,    3.70882517,    1.832473  ,
        178.28406731, -133.76982719,   37.98089002,   60.56746963,
         55.10359503,  101.20753244])
						array([0.02397768, 0.04449429, 0.03518935, 0.04053326, 0.00815287,
       0.03383889, 0.03690519, 0.02989543, 0.03584875, 0.00993385])

 2.30498623296			array([   9.14090113,    5.94176582,    3.62891181,    1.81991519,
        178.26733406, -133.81949652,   37.96253917,   60.49864894,
         55.14028347,  101.21229431])
						array([0.03565984, 0.06617236, 0.05233396, 0.06028147, 0.01212503,
       0.05032554, 0.05488577, 0.04446079, 0.05331461, 0.01477372])

 1.78702458923			array([   9.1330087 ,    5.97807522,    3.65640242,    1.82725976,
        178.25721075, -133.9110962 ,   37.95087976,   60.54130406,
         55.10593804,  101.20018899])
						array([0.03565984, 0.06617236, 0.05233396, 0.06028147, 0.01212503,
       0.05032554, 0.05488577, 0.04446079, 0.05331461, 0.01477372])

 1.72187849371			array([   9.12829612,    5.94542765,    3.71015071,    1.7689087 ,
        178.25629507, -133.95488011,   37.92520596,   60.57617094,
         55.08629881,  101.18965133])
						array([0.02924107, 0.05426133, 0.04291385, 0.04943081, 0.00994252,
       0.04126694, 0.04500633, 0.03645784, 0.04371798, 0.01211445])

 1.13722792433			array([   9.13339903,    6.00435895,    3.64707961,    1.77101513,
        178.26073329, -134.00394272,   37.93961355,   60.53078503,
         55.09053027,  101.19514288])
						array([0.02924107, 0.05426133, 0.04291385, 0.04943081, 0.00994252,
       0.04126694, 0.04500633, 0.03645784, 0.04371798, 0.01211445])

 1.40360709337			array([   9.15887684,    6.00421964,    3.66470943,    1.73599609,
        178.2737248 , -134.03640106,   37.94652733,   60.542758  ,
         55.0801238 ,  101.19686768])
						array([0.01612259, 0.02991796, 0.02366132, 0.02725457, 0.00548199,
       0.02275327, 0.02481505, 0.02010169, 0.0241047 , 0.00667952])

 1.39202859039			array([   9.14643698,    6.00482241,    3.63691743,    1.74297186,
        178.2719872 , -134.0339433 ,   37.9165339 ,   60.54512788,
         55.06779895,  101.19778154])
						array([0.00888948, 0.01649581, 0.0130461 , 0.0150273 , 0.00302259,
       0.01254543, 0.01368223, 0.01108343, 0.01329056, 0.00368287])

 1.4885972018			array([   9.12819675,    6.02374509,    3.63883945,    1.74495528,
        178.27051298, -134.02494303,   37.92561363,   60.55755597,
         55.07942769,  101.20431181])
						array([0.00888948, 0.01649581, 0.0130461 , 0.0150273 , 0.00302259,
       0.01254543, 0.01368223, 0.01108343, 0.01329056, 0.00368287])

 1.14784725639			array([   9.13726863,    6.01251286,    3.65806763,    1.76364619,
        178.27149808, -134.00806065,   37.93621673,   60.55761473,
         55.08373137,  101.20165258])
						array([0.01084083, 0.02011684, 0.01590987, 0.01832597, 0.00368609,
       0.0152993 , 0.01668564, 0.01351638, 0.016208  , 0.00449131])

 1.17684499067			array([   9.13526602,    6.00879887,    3.64677385,    1.76000879,
        178.27432249, -134.01057251,   37.92493513,   60.58073085,
         55.08725418,  101.20793645])
						array([0.01322052, 0.02453273, 0.01940228, 0.02234874, 0.00449523,
       0.01865768, 0.02034834, 0.01648338, 0.01976585, 0.00547721])

 1.26789173877			array([   9.11821836,    5.95522979,    3.6603865 ,    1.77896107,
        178.27094646, -133.97269218,   37.90914205,   60.6064302 ,
         55.08176161,  101.20318134])
						array([0.01612259, 0.02991796, 0.02366132, 0.02725457, 0.00548199,
       0.02275327, 0.02481505, 0.02010169, 0.0241047 , 0.00667952])

 1.15705448089			array([   9.10794504,    5.97884501,    3.65696926,    1.75048473,
        178.29267048, -134.0061453 ,   37.92247732,   60.58412168,
         55.10762095,  101.19745663])
						array([0.02924107, 0.05426133, 0.04291385, 0.04943081, 0.00994252,
       0.04126694, 0.04500633, 0.03645784, 0.04371798, 0.01211445])

 1.36681704723			array([   9.14551107,    6.00136433,    3.6346423 ,    1.74603651,
        178.29017408, -133.97108018,   37.90730469,   60.62405451,
         55.1784558 ,  101.20731515])
						array([0.01966169, 0.03648532, 0.02885527, 0.03323727, 0.00668535,
       0.02774789, 0.03026226, 0.02451425, 0.02939597, 0.00814576])

 1.37017994692			array([   9.12901587,    6.0249394 ,    3.67809022,    1.78485281,
        178.29147869, -133.98153681,   37.92199468,   60.61604567,
         55.15075328,  101.20855705])
						array([0.01612259, 0.02991796, 0.02366132, 0.02725457, 0.00548199,
       0.02275327, 0.02481505, 0.02010169, 0.0241047 , 0.00667952])

 1.37272932575			array([   9.12107085,    6.02599622,    3.66094837,    1.784238  ,
        178.2971677 , -133.98381807,   37.91164235,   60.62786258,
         55.17338668,  101.21059949])
						array([0.00728937, 0.01352656, 0.0106978 , 0.01232238, 0.00247853,
       0.01028725, 0.01121943, 0.00908841, 0.01089826, 0.00301996])

 1.35295580851			array([   9.13353485,    6.02574482,    3.68497613,    1.76590091,
        178.29664384, -133.98421673,   37.92549962,   60.61313315,
         55.18684719,  101.21499128])
						array([0.00888948, 0.01649581, 0.0130461 , 0.0150273 , 0.00302259,
       0.01254543, 0.01368223, 0.01108343, 0.01329056, 0.00368287])

 1.20101435141			array([   9.1241066 ,    6.01486341,    3.6834171 ,    1.76609917,
        178.29201853, -134.01838257,   37.94944735,   60.59510095,
         55.20310863,  101.21904658])
						array([0.01322052, 0.02453273, 0.01940228, 0.02234874, 0.00449523,
       0.01865768, 0.02034834, 0.01648338, 0.01976585, 0.00547721])

 1.25249342199			array([   9.12323713,    6.02155435,    3.67473589,    1.75765894,
        178.29498462, -134.00272933,   37.89905999,   60.58014554,
         55.17822885,  101.22672221])
						array([0.01612259, 0.02991796, 0.02366132, 0.02725457, 0.00548199,
       0.02275327, 0.02481505, 0.02010169, 0.0241047 , 0.00667952])

 1.35114361266			array([   9.10744182,    5.98964948,    3.70275398,    1.77260588,
        178.29083925, -133.99471856,   37.89539818,   60.59784378,
         55.17844105,  101.23855288])
						array([0.01966169, 0.03648532, 0.02885527, 0.03323727, 0.00668535,
       0.02774789, 0.03026226, 0.02451425, 0.02939597, 0.00814576])

 1.39150797544			array([   9.1108986 ,    5.98016107,    3.67177848,    1.72523964,
        178.29225267, -133.93767208,   37.89631306,   60.57496462,
         55.16745061,  101.24864587])
						array([0.01612259, 0.02991796, 0.02366132, 0.02725457, 0.00548199,
       0.02275327, 0.02481505, 0.02010169, 0.0241047 , 0.00667952])

 1.3574194257			array([   9.12669286,    5.98193489,    3.67637878,    1.72412561,
        178.28805493, -133.93559434,   37.88623038,   60.5729566 ,
         55.17794425,  101.24661495])
						array([0.00597729, 0.01109178, 0.00877219, 0.01010435, 0.00203239,
       0.00843554, 0.00919993, 0.0074525 , 0.00893657, 0.00247636])

 1.20000409289			array([   9.1249284 ,    5.96962383,    3.66738696,    1.73902901,
        178.28851166, -133.92633237,   37.8882053 ,   60.5764266 ,
         55.18715006,  101.24643539])
						array([0.00597729, 0.01109178, 0.00877219, 0.01010435, 0.00203239,
       0.00843554, 0.00919993, 0.0074525 , 0.00893657, 0.00247636])

 1.06189921444			array([   9.12476585,    5.9859676 ,    3.66860659,    1.74762179,
        178.29218486, -133.91718687,   37.89688977,   60.57607867,
         55.17785668,  101.24799428])
						array([0.00728937, 0.01352656, 0.0106978 , 0.01232238, 0.00247853,
       0.01028725, 0.01121943, 0.00908841, 0.01089826, 0.00301996])

 1.14102600418			array([   9.11915443,    5.99254856,    3.68167069,    1.74541814,
        178.29473599, -133.92554771,   37.89148304,   60.58519875,
         55.17932969,  101.24723812])
						array([0.00888948, 0.01649581, 0.0130461 , 0.0150273 , 0.00302259,
       0.01254543, 0.01368223, 0.01108343, 0.01329056, 0.00368287])

 1.39299396934			array([   9.12003481,    6.00456819,    3.70735668,    1.76687741,
        178.29691372, -133.91972008,   37.88157004,   60.57885657,
         55.16891663,  101.2551672 ])
						array([0.01084083, 0.02011684, 0.01590987, 0.01832597, 0.00368609,
       0.0152993 , 0.01668564, 0.01351638, 0.016208  , 0.00449131])

 1.4798170564			array([   9.12142988,    5.97693498,    3.71418595,    1.75929741,
        178.29742555, -133.92297603,   37.85916877,   60.60498806,
         55.17374315,  101.26063882])
						array([0.01322052, 0.02453273, 0.01940228, 0.02234874, 0.00449523,
       0.01865768, 0.02034834, 0.01648338, 0.01976585, 0.00547721])

 1.4299095422			array([   9.16522003,    5.97321592,    3.68365673,    1.78433826,
        178.29208134, -133.95704427,   37.87580538,   60.64563423,
         55.19174768,  101.26101358])
						array([0.02924107, 0.05426133, 0.04291385, 0.04943081, 0.00994252,
       0.04126694, 0.04500633, 0.03645784, 0.04371798, 0.01211445])

 1.48560738341			array([   9.14321806,    6.02074511,    3.69501244,    1.784533  ,
        178.29218507, -133.98569427,   37.88887678,   60.6432212 ,
         55.19083849,  101.25116198])
						array([0.01084083, 0.02011684, 0.01590987, 0.01832597, 0.00368609,
       0.0152993 , 0.01668564, 0.01351638, 0.016208  , 0.00449131])

 1.14893076919			array([   9.13232165,    5.99491841,    3.66090086,    1.7914512 ,
        178.29069389, -133.97359266,   37.88837062,   60.65833887,
         55.17407865,  101.25038518])
						array([0.00888948, 0.01649581, 0.0130461 , 0.0150273 , 0.00302259,
       0.01254543, 0.01368223, 0.01108343, 0.01329056, 0.00368287])

 1.24010632259			array([   9.12961656,    6.00486299,    3.66430774,    1.79602393,
        178.29265701, -133.98116093,   37.89984355,   60.65673642,
         55.15627792,  101.24951499])
						array([0.00888948, 0.01649581, 0.0130461 , 0.0150273 , 0.00302259,
       0.01254543, 0.01368223, 0.01108343, 0.01329056, 0.00368287])

 1.4643315979			array([   9.14197901,    6.01373853,    3.66755661,    1.8043204 ,
        178.29342016, -133.96462748,   37.89784615,   60.65269421,
         55.14943962,  101.25406364])
						array([0.01084083, 0.02011684, 0.01590987, 0.01832597, 0.00368609,
       0.0152993 , 0.01668564, 0.01351638, 0.016208  , 0.00449131])

 1.47040776257			array([   9.13424248,    6.01117063,    3.68215646,    1.80518007,
        178.30375663, -133.96068358,   37.87867313,   60.62473981,
         55.1553325 ,  101.25061685])
						array([0.01612259, 0.02991796, 0.02366132, 0.02725457, 0.00548199,
       0.02275327, 0.02481505, 0.02010169, 0.0241047 , 0.00667952])

 1.42443365521			array([   9.13440468,    5.99765838,    3.6528829 ,    1.80845772,
        178.30803313, -133.99117638,   37.9389747 ,   60.62690155,
         55.15671436,  101.25163964])
						array([0.02397768, 0.04449429, 0.03518935, 0.04053326, 0.00815287,
       0.03383889, 0.03690519, 0.02989543, 0.03584875, 0.00993385])

 1.43892153699			array([   9.11828831,    6.0192247 ,    3.64558323,    1.7918494 ,
        178.31588932, -133.99998701,   37.92445545,   60.6129132 ,
         55.13895861,  101.24939244])
						array([0.01084083, 0.02011684, 0.01590987, 0.01832597, 0.00368609,
       0.0152993 , 0.01668564, 0.01351638, 0.016208  , 0.00449131])

 1.31000872062			array([   9.12130475,    6.01640089,    3.65103922,    1.78708499,
        178.31663405, -134.00044043,   37.92232042,   60.61746997,
         55.1381394 ,  101.24905205])
						array([0.00270246, 0.00501484, 0.0039661 , 0.0045684 , 0.00091889,
       0.00381389, 0.00415949, 0.00336944, 0.00404042, 0.00111962])

 1.33855134519			array([   9.11822175,    6.01606651,    3.65226677,    1.79023531,
        178.31660924, -133.99742182,   37.91203625,   60.61411188,
         55.13907615,  101.25031799])
						array([0.00270246, 0.00501484, 0.0039661 , 0.0045684 , 0.00091889,
       0.00381389, 0.00415949, 0.00336944, 0.00404042, 0.00111962])

 1.3055779351			array([   9.11464021,    6.010112  ,    3.64963638,    1.78954691,
        178.31751002, -133.99577163,   37.91262965,   60.61443611,
         55.13540671,  101.25201981])
						array([0.00329568, 0.00611565, 0.00483671, 0.00557122, 0.0011206 ,
       0.00465109, 0.00507255, 0.00410907, 0.00492734, 0.00136539])

 1.48750203036			array([   9.1171938 ,    6.02141995,    3.64749489,    1.79466076,
        178.31761473, -133.99283393,   37.91600472,   60.62444856,
         55.13402212,  101.25094883])
						array([0.00401913, 0.00745811, 0.00589842, 0.00679417, 0.00136658,
       0.00567206, 0.00618603, 0.00501106, 0.00600895, 0.00166511])

 1.48730169497			array([   9.11681196,    6.01981733,    3.64262781,    1.79262003,
        178.31481397, -133.99196702,   37.91023129,   60.63952273,
         55.14422641,  101.25044228])
						array([0.00490137, 0.00909526, 0.0071932 , 0.00828557, 0.00166656,
       0.00691715, 0.00754394, 0.00611105, 0.00732799, 0.00203062])

 1.1627622365			array([   9.12604159,    6.00445625,    3.65199736,    1.78395496,
        178.31971375, -133.98525436,   37.89624218,   60.63843288,
         55.14245373,  101.25247926])
						array([0.01084083, 0.02011684, 0.01590987, 0.01832597, 0.00368609,
       0.0152993 , 0.01668564, 0.01351638, 0.016208  , 0.00449131])

 1.41236383388			array([   9.13951183,    5.9902626 ,    3.62862623,    1.78860081,
        178.31857076, -133.96675183,   37.86283446,   60.63926042,
         55.1535533 ,  101.2533047 ])
						array([0.01322052, 0.02453273, 0.01940228, 0.02234874, 0.00449523,
       0.01865768, 0.02034834, 0.01648338, 0.01976585, 0.00547721])

 1.40158649357			array([   9.14073084,    5.95112333,    3.65599341,    1.78684238,
        178.32334133, -133.99851129,   37.87079577,   60.62330712,
         55.12704459,  101.25552006])
						array([0.01322052, 0.02453273, 0.01940228, 0.02234874, 0.00449523,
       0.01865768, 0.02034834, 0.01648338, 0.01976585, 0.00547721])

 1.48659950755			array([   9.13652215,    5.94112994,    3.66577399,    1.74918229,
        178.32463764, -133.99454323,   37.87197369,   60.63398048,
         55.14273191,  101.24744809])
						array([0.01084083, 0.02011684, 0.01590987, 0.01832597, 0.00368609,
       0.0152993 , 0.01668564, 0.01351638, 0.016208  , 0.00449131])

 1.11057917209			array([   9.12116592,    5.97555121,    3.64728848,    1.76818897,
        178.32258865, -134.0037278 ,   37.86860418,   60.6156613 ,
         55.13108747,  101.2510379 ])
						array([0.01084083, 0.02011684, 0.01590987, 0.01832597, 0.00368609,
       0.0152993 , 0.01668564, 0.01351638, 0.016208  , 0.00449131])

 1.14269585985			array([   9.11491842,    5.98129952,    3.64422813,    1.76127305,
        178.31828243, -133.98050703,   37.87387319,   60.60031765,
         55.12825999,  101.25210362])
						array([0.01322052, 0.02453273, 0.01940228, 0.02234874, 0.00449523,
       0.01865768, 0.02034834, 0.01648338, 0.01976585, 0.00547721])

 1.25153796066			array([   9.14614444,    5.96710003,    3.66701178,    1.78913371,
        178.31981558, -133.99829137,   37.91990525,   60.61284381,
         55.12874797,  101.25145936])
						array([0.02397768, 0.04449429, 0.03518935, 0.04053326, 0.00815287,
       0.03383889, 0.03690519, 0.02989543, 0.03584875, 0.00993385])

 1.31770757959			array([   9.12679448,    5.95429976,    3.6838388 ,    1.78029814,
        178.29931797, -133.94442589,   37.97609966,   60.60024518,
         55.10825122,  101.25052099])
						array([0.01612259, 0.02991796, 0.02366132, 0.02725457, 0.00548199,
       0.02275327, 0.02481505, 0.02010169, 0.0241047 , 0.00667952])

 1.2954718016			array([   9.10676203,    5.96240134,    3.66372902,    1.78538447,
        178.29905499, -133.93996495,   37.95964533,   60.60086635,
         55.05567146,  101.26223676])
						array([0.01322052, 0.02453273, 0.01940228, 0.02234874, 0.00449523,
       0.01865768, 0.02034834, 0.01648338, 0.01976585, 0.00547721])

 1.20759412339			array([   9.13246183,    5.98190057,    3.67904182,    1.79496852,
        178.30074656, -133.93678588,   37.95382389,   60.57523009,
         55.08775759,  101.25792807])
						array([0.01322052, 0.02453273, 0.01940228, 0.02234874, 0.00449523,
       0.01865768, 0.02034834, 0.01648338, 0.01976585, 0.00547721])

 1.2295373262			array([   9.11968439,    5.95760804,    3.67367567,    1.77790546,
        178.30413193, -133.93146314,   37.95625547,   60.58439685,
         55.11011117,  101.26858476])
						array([0.01612259, 0.02991796, 0.02366132, 0.02725457, 0.00548199,
       0.02275327, 0.02481505, 0.02010169, 0.0241047 , 0.00667952])

 1.20379299738			array([   9.11873704,    5.98045269,    3.66359508,    1.73545329,
        178.30408477, -133.9515918 ,   37.96843258,   60.64020018,
         55.08495891,  101.27483401])
						array([0.02924107, 0.05426133, 0.04291385, 0.04943081, 0.00994252,
       0.04126694, 0.04500633, 0.03645784, 0.04371798, 0.01211445])

 1.17772299503			array([   9.15154277,    5.97953174,    3.66655521,    1.74736154,
        178.29141926, -134.03019325,   38.00316149,   60.60811803,
         54.99245657,  101.28817071])
						array([0.03565984, 0.06617236, 0.05233396, 0.06028147, 0.01212503,
       0.05032554, 0.05488577, 0.04446079, 0.05331461, 0.01477372])

 1.45769765166			array([   9.17195829,    5.99794562,    3.66882752,    1.7466839 ,
        178.2931355 , -134.00707082,   38.01705168,   60.63225965,
         54.96742716,  101.27152412])
						array([0.01084083, 0.02011684, 0.01590987, 0.01832597, 0.00368609,
       0.0152993 , 0.01668564, 0.01351638, 0.016208  , 0.00449131])

 1.20302849226			array([   9.15089872,    6.00420826,    3.67136734,    1.74952239,
        178.29131152, -133.99313969,   38.02925814,   60.62429437,
         54.96043053,  101.27302379])
						array([0.00728937, 0.01352656, 0.0106978 , 0.01232238, 0.00247853,
       0.01028725, 0.01121943, 0.00908841, 0.01089826, 0.00301996])

 1.33787125285			array([   9.14953522,    6.01767101,    3.6696049 ,    1.74591685,
        178.28898721, -134.00753401,   38.0301737 ,   60.63444119,
         54.96622334,  101.27443428])
						array([0.00728937, 0.01352656, 0.0106978 , 0.01232238, 0.00247853,
       0.01028725, 0.01121943, 0.00908841, 0.01089826, 0.00301996])

 1.44674459948			array([   9.15428666,    6.01070942,    3.6767059 ,    1.73401736,
        178.29073836, -134.01459965,   38.01926431,   60.63642491,
         54.97925794,  101.28051738])
						array([0.00888948, 0.01649581, 0.0130461 , 0.0150273 , 0.00302259,
       0.01254543, 0.01368223, 0.01108343, 0.01329056, 0.00368287])

 1.27910280937			array([   9.14639602,    6.01062964,    3.6739212 ,    1.74232131,
        178.28391143, -134.00706358,   38.02994862,   60.61813198,
         54.98933435,  101.27719034])
						array([0.00888948, 0.01649581, 0.0130461 , 0.0150273 , 0.00302259,
       0.01254543, 0.01368223, 0.01108343, 0.01329056, 0.00368287])

 1.38737645184			array([   9.14417823,    6.02308737,    3.67612464,    1.74559795,
        178.28547151, -134.02450944,   38.03646156,   60.62032358,
         55.02759178,  101.27092233])
						array([0.00728937, 0.01352656, 0.0106978 , 0.01232238, 0.00247853,
       0.01028725, 0.01121943, 0.00908841, 0.01089826, 0.00301996])

 1.25525730935			array([   9.1347497 ,    6.01917984,    3.67187128,    1.74944868,
        178.28481226, -134.02834594,   38.03755983,   60.62528236,
         55.03431685,  101.26990298])
						array([0.00597729, 0.01109178, 0.00877219, 0.01010435, 0.00203239,
       0.00843554, 0.00919993, 0.0074525 , 0.00893657, 0.00247636])

 1.2439551489			array([   9.12689477,    6.00515654,    3.67225537,    1.73513381,
        178.28449331, -134.03074509,   38.02508559,   60.62564309,
         55.03542156,  101.26946568])
						array([0.00728937, 0.01352656, 0.0106978 , 0.01232238, 0.00247853,
       0.01028725, 0.01121943, 0.00908841, 0.01089826, 0.00301996])

 1.19330443152			array([   9.1188436 ,    5.99970294,    3.67116987,    1.73817438,
        178.28429997, -134.04732644,   38.03076612,   60.62040991,
         55.0415267 ,  101.27279825])
						array([0.00888948, 0.01649581, 0.0130461 , 0.0150273 , 0.00302259,
       0.01254543, 0.01368223, 0.01108343, 0.01329056, 0.00368287])

 1.40379079322			array([   9.12556742,    6.00495314,    3.67797004,    1.72500727,
        178.28192859, -134.04839367,   38.02260249,   60.60605499,
         55.05231605,  101.2738903 ])
						array([0.01084083, 0.02011684, 0.01590987, 0.01832597, 0.00368609,
       0.0152993 , 0.01668564, 0.01351638, 0.016208  , 0.00449131])

 1.24830277437			array([   9.10811377,    6.01551599,    3.66057483,    1.77252194,
        178.27383375, -134.06176503,   38.03314568,   60.60024934,
         55.04878653,  101.28438745])
						array([0.01322052, 0.02453273, 0.01940228, 0.02234874, 0.00449523,
       0.01865768, 0.02034834, 0.01648338, 0.01976585, 0.00547721])

 1.41832719353			array([   9.12880296,    5.97734536,    3.63086661,    1.73798579,
        178.28116607, -134.01883024,   38.01283764,   60.61014369,
         55.00577705,  101.30157652])
						array([0.02924107, 0.05426133, 0.04291385, 0.04943081, 0.00994252,
       0.04126694, 0.04500633, 0.03645784, 0.04371798, 0.01211445])

 1.40845907061			array([   9.13009171,    5.94917158,    3.68363054,    1.78334296,
        178.27372886, -134.03831028,   38.09000368,   60.59748858,
         54.98451086,  101.31205149])
						array([0.01966169, 0.03648532, 0.02885527, 0.03323727, 0.00668535,
       0.02774789, 0.03026226, 0.02451425, 0.02939597, 0.00814576])

 1.48485613929			array([   9.14184585,    5.94561435,    3.68753542,    1.77540779,
        178.27068628, -134.05634154,   38.10019547,   60.59661058,
         54.98381844,  101.31001902])
						array([0.01084083, 0.02011684, 0.01590987, 0.01832597, 0.00368609,
       0.0152993 , 0.01668564, 0.01351638, 0.016208  , 0.00449131])

 1.33340957102			array([   9.14607306,    5.95547479,    3.68465521,    1.75890103,
        178.2656645 , -134.04668571,   38.11616745,   60.59346746,
         54.98642527,  101.31568987])
						array([0.00888948, 0.01649581, 0.0130461 , 0.0150273 , 0.00302259,
       0.01254543, 0.01368223, 0.01108343, 0.01329056, 0.00368287])

 1.37482293631			array([   9.14992836,    5.95134541,    3.67306962,    1.75526224,
        178.26294409, -134.05137235,   38.13818438,   60.58712953,
         54.98234124,  101.31807139])
						array([0.01084083, 0.02011684, 0.01590987, 0.01832597, 0.00368609,
       0.0152993 , 0.01668564, 0.01351638, 0.016208  , 0.00449131])

 1.25176885952			array([   9.13177409,    5.95423708,    3.67219489,    1.75357393,
        178.25908615, -134.05280809,   38.13882773,   60.56953465,
         54.98204504,  101.31987272])
						array([0.01322052, 0.02453273, 0.01940228, 0.02234874, 0.00449523,
       0.01865768, 0.02034834, 0.01648338, 0.01976585, 0.00547721])

 1.10306219136			array([   9.12282601,    5.96561877,    3.66912837,    1.76075355,
        178.25225617, -134.07523102,   38.170778  ,   60.58293672,
         54.96412621,  101.32156891])
						array([0.01612259, 0.02991796, 0.02366132, 0.02725457, 0.00548199,
       0.02275327, 0.02481505, 0.02010169, 0.0241047 , 0.00667952])

 1.20615131111			array([   9.12232269,    5.96125983,    3.6486905 ,    1.76250812,
        178.25169089, -134.09001588,   38.16243403,   60.57709106,
         54.93075988,  101.32256019])
						array([0.02397768, 0.04449429, 0.03518935, 0.04053326, 0.00815287,
       0.03383889, 0.03690519, 0.02989543, 0.03584875, 0.00993385])

 1.38063594369			array([   9.11391687,    5.98607985,    3.62822465,    1.74935146,
        178.25954942, -134.07619879,   38.14283609,   60.57007879,
         54.89961741,  101.32384552])
						array([0.01322052, 0.02453273, 0.01940228, 0.02234874, 0.00449523,
       0.01865768, 0.02034834, 0.01648338, 0.01976585, 0.00547721])

 1.45808738446			array([   9.11955434,    5.97021034,    3.65056856,    1.72418899,
        178.26630621, -134.07538409,   38.15904774,   60.579719  ,
         54.92279203,  101.3198104 ])
						array([0.01084083, 0.02011684, 0.01590987, 0.01832597, 0.00368609,
       0.0152993 , 0.01668564, 0.01351638, 0.016208  , 0.00449131])

 1.2826716573			array([   9.12367815,    5.97214169,    3.64011217,    1.74343576,
        178.26899793, -134.08292183,   38.17452552,   60.57864551,
         54.92755769,  101.31835757])
						array([0.00888948, 0.01649581, 0.0130461 , 0.0150273 , 0.00302259,
       0.01254543, 0.01368223, 0.01108343, 0.01329056, 0.00368287])

 1.23134837526			array([   9.12361563,    5.99792477,    3.6367998 ,    1.77858314,
        178.26229209, -134.09371175,   38.17148298,   60.56272982,
         54.92204623,  101.31599222])
						array([0.01084083, 0.02011684, 0.01590987, 0.01832597, 0.00368609,
       0.0152993 , 0.01668564, 0.01351638, 0.016208  , 0.00449131])

 1.10694727999			array([   9.11825635,    5.98348248,    3.6475732 ,    1.77427074,
        178.25592224, -134.07122452,   38.15926018,   60.56764135,
         54.91329325,  101.31540133])
						array([0.01322052, 0.02453273, 0.01940228, 0.02234874, 0.00449523,
       0.01865768, 0.02034834, 0.01648338, 0.01976585, 0.00547721])

 1.26609531948			array([   9.1436199 ,    5.98115122,    3.64968482,    1.79389775,
        178.25538718, -134.11777553,   38.16752592,   60.59530375,
         54.9223535 ,  101.30697586])
						array([0.01612259, 0.02991796, 0.02366132, 0.02725457, 0.00548199,
       0.02275327, 0.02481505, 0.02010169, 0.0241047 , 0.00667952])

 1.40751208322			array([   9.14914514,    5.97152363,    3.64025534,    1.79189486,
        178.26584151, -134.1156571 ,   38.16146846,   60.58651211,
         54.89082021,  101.31408535])
						array([0.01966169, 0.03648532, 0.02885527, 0.03323727, 0.00668535,
       0.02774789, 0.03026226, 0.02451425, 0.02939597, 0.00814576])

 1.43235000815			array([   9.1434916 ,    5.96272978,    3.63009241,    1.770784  ,
        178.26426463, -134.11579391,   38.15995554,   60.58541412,
         54.90708128,  101.31016846])
						array([0.00597729, 0.01109178, 0.00877219, 0.01010435, 0.00203239,
       0.00843554, 0.00919993, 0.0074525 , 0.00893657, 0.00247636])

 1.44872179649			array([   9.13427181,    5.9689779 ,    3.62502089,    1.77889004,
        178.26433973, -134.11535375,   38.16257845,   60.58438908,
         54.9217098 ,  101.31131387])
						array([0.00490137, 0.00909526, 0.0071932 , 0.00828557, 0.00166656,
       0.00691715, 0.00754394, 0.00611105, 0.00732799, 0.00203062])

 1.40161641257			array([   9.13875062,    5.97048027,    3.62767158,    1.77714576,
        178.2643268 , -134.11211037,   38.16529257,   60.59245373,
         54.92760762,  101.31182359])
						array([0.00401913, 0.00745811, 0.00589842, 0.00679417, 0.00136658,
       0.00567206, 0.00618603, 0.00501106, 0.00600895, 0.00166511])

 1.32240743369			array([   9.13499468,    5.97354323,    3.62907623,    1.76713491,
        178.26163313, -134.10336474,   38.16446503,   60.60164466,
         54.93045921,  101.31541332])
						array([0.00490137, 0.00909526, 0.0071932 , 0.00828557, 0.00166656,
       0.00691715, 0.00754394, 0.00611105, 0.00732799, 0.00203062])

 1.30836113549			array([   9.12286256,    5.96420379,    3.64012389,    1.78265017,
        178.26084311, -134.10762189,   38.16623558,   60.60500503,
         54.92412148,  101.3141122 ])
						array([0.00597729, 0.01109178, 0.00877219, 0.01010435, 0.00203239,
       0.00843554, 0.00919993, 0.0074525 , 0.00893657, 0.00247636])

 1.43251098323			array([   9.11430901,    5.94710073,    3.64953879,    1.77411705,
        178.26267038, -134.10699945,   38.17889669,   60.60509182,
         54.91746178,  101.31370919])
						array([0.00728937, 0.01352656, 0.0106978 , 0.01232238, 0.00247853,
       0.01028725, 0.01121943, 0.00908841, 0.01089826, 0.00301996])

 1.44493475183			array([   9.12253819,    5.94318366,    3.65029651,    1.76561158,
        178.26913528, -134.07102007,   38.15942799,   60.6050664 ,
         54.91402775,  101.31103903])
						array([0.01322052, 0.02453273, 0.01940228, 0.02234874, 0.00449523,
       0.01865768, 0.02034834, 0.01648338, 0.01976585, 0.00547721])

 1.37847172577			array([   9.12343004,    5.9735258 ,    3.62629329,    1.77474317,
        178.27119196, -134.05689305,   38.11384616,   60.6019019 ,
         54.92404249,  101.30615496])
						array([0.01322052, 0.02453273, 0.01940228, 0.02234874, 0.00449523,
       0.01865768, 0.02034834, 0.01648338, 0.01976585, 0.00547721])

 1.33173337313			array([   9.11483362,    5.98101825,    3.63063534,    1.77863095,
        178.26814144, -134.03187507,   38.14095848,   60.59676954,
         54.94223388,  101.3084292 ])
						array([0.01084083, 0.02011684, 0.01590987, 0.01832597, 0.00368609,
       0.0152993 , 0.01668564, 0.01351638, 0.016208  , 0.00449131])

 1.29725191281			array([   9.12855662,    5.99519834,    3.62968954,    1.7551515 ,
        178.27125687, -134.05331975,   38.14839055,   60.60232679,
         54.92510297,  101.31287231])
						array([0.00888948, 0.01649581, 0.0130461 , 0.0150273 , 0.00302259,
       0.01254543, 0.01368223, 0.01108343, 0.01329056, 0.00368287])

 1.07684900836			array([   9.11784859,    5.99713864,    3.65718271,    1.75449671,
        178.27170532, -134.03557203,   38.14484438,   60.61203274,
         54.94058538,  101.30616846])
						array([0.01084083, 0.02011684, 0.01590987, 0.01832597, 0.00368609,
       0.0152993 , 0.01668564, 0.01351638, 0.016208  , 0.00449131])

 1.24627778282			array([   9.12097567,    5.9907569 ,    3.63644473,    1.74839535,
        178.27389061, -134.05309007,   38.17248648,   60.6333239 ,
         54.92977998,  101.30756951])
						array([0.01322052, 0.02453273, 0.01940228, 0.02234874, 0.00449523,
       0.01865768, 0.02034834, 0.01648338, 0.01976585, 0.00547721])

 1.49454693323			array([   9.13692148,    6.0358567 ,    3.66560459,    1.75358398,
        178.27833706, -134.04682469,   38.16578452,   60.61517008,
         54.95214398,  101.30615023])
						array([0.01966169, 0.03648532, 0.02885527, 0.03323727, 0.00668535,
       0.02774789, 0.03026226, 0.02451425, 0.02939597, 0.00814576])

 1.13088393024			array([   9.15306628,    5.98892322,    3.65890586,    1.77014295,
        178.25963793, -133.99207788,   38.1732477 ,   60.6229054 ,
         55.02143514,  101.30676918])
						array([0.02924107, 0.05426133, 0.04291385, 0.04943081, 0.00994252,
       0.04126694, 0.04500633, 0.03645784, 0.04371798, 0.01211445])

 1.34851170858			array([   9.1539358 ,    6.00233184,    3.6673543 ,    1.73502111,
        178.2597556 , -133.95111301,   38.23705413,   60.632483  ,
         55.02261223,  101.30702618])
						array([0.01322052, 0.02453273, 0.01940228, 0.02234874, 0.00449523,
       0.01865768, 0.02034834, 0.01648338, 0.01976585, 0.00547721])

 1.12370733041			array([   9.14784208,    5.98010804,    3.68135785,    1.76723883,
        178.26197293, -133.93631616,   38.23578411,   60.63007312,
         55.01427551,  101.30344884])
						array([0.01084083, 0.02011684, 0.01590987, 0.01832597, 0.00368609,
       0.0152993 , 0.01668564, 0.01351638, 0.016208  , 0.00449131])

 1.07251447293			array([   9.12844962,    5.98132809,    3.68473222,    1.76044533,
        178.26261755, -133.92560384,   38.25122078,   60.63909528,
         55.02760139,  101.30243836])
						array([0.01322052, 0.02453273, 0.01940228, 0.02234874, 0.00449523,
       0.01865768, 0.02034834, 0.01648338, 0.01976585, 0.00547721])

 1.15747655903			array([   9.13732297,    5.99633509,    3.65331417,    1.787538  ,
        178.26314901, -133.93585027,   38.23810898,   60.65116069,
         55.04352858,  101.28911783])
						array([0.01612259, 0.02991796, 0.02366132, 0.02725457, 0.00548199,
       0.02275327, 0.02481505, 0.02010169, 0.0241047 , 0.00667952])

 1.43286388451			array([   9.13388424,    6.01674756,    3.65436629,    1.79989362,
        178.25753299, -133.88659668,   38.21134298,   60.67993995,
         55.05211626,  101.28725158])
						array([0.01966169, 0.03648532, 0.02885527, 0.03323727, 0.00668535,
       0.02774789, 0.03026226, 0.02451425, 0.02939597, 0.00814576])

 1.24671369337			array([   9.13206263,    5.98652301,    3.63280289,    1.75481939,
        178.26721793, -133.93082398,   38.24441148,   60.59530405,
         54.9824048 ,  101.27112263])
						array([0.03565984, 0.06617236, 0.05233396, 0.06028147, 0.01212503,
       0.05032554, 0.05488577, 0.04446079, 0.05331461, 0.01477372])

 1.35566035674			array([   9.16539972,    5.97356499,    3.65596991,    1.75303117,
        178.26659954, -133.97804174,   38.13362824,   60.58147191,
         54.93211997,  101.26926215])
						array([0.02397768, 0.04449429, 0.03518935, 0.04053326, 0.00815287,
       0.03383889, 0.03690519, 0.02989543, 0.03584875, 0.00993385])

 1.49005782856			array([   9.15394282,    6.00892503,    3.63767003,    1.74173199,
        178.26723343, -133.99317734,   38.13806339,   60.59651947,
         54.90807562,  101.27229925])
						array([0.00888948, 0.01649581, 0.0130461 , 0.0150273 , 0.00302259,
       0.01254543, 0.01368223, 0.01108343, 0.01329056, 0.00368287])

 1.43178762685			array([   9.16203473,    5.99342619,    3.63805743,    1.7501048 ,
        178.26163174, -133.993118  ,   38.1708514 ,   60.61577711,
         54.92862649,  101.27197974])
						array([0.00888948, 0.01649581, 0.0130461 , 0.0150273 , 0.00302259,
       0.01254543, 0.01368223, 0.01108343, 0.01329056, 0.00368287])

 1.44776792219			array([   9.15326474,    6.00124492,    3.64659775,    1.73243793,
        178.26303994, -134.00119801,   38.19295892,   60.6188005 ,
         54.96161632,  101.27282952])
						array([0.01084083, 0.02011684, 0.01590987, 0.01832597, 0.00368609,
       0.0152993 , 0.01668564, 0.01351638, 0.016208  , 0.00449131])

 1.45185633098			array([   9.14288843,    5.96694511,    3.64803371,    1.72900282,
        178.27614986, -134.02859793,   38.1514342 ,   60.61072416,
         54.9208743 ,  101.27899635])
						array([0.02397768, 0.04449429, 0.03518935, 0.04053326, 0.00815287,
       0.03383889, 0.03690519, 0.02989543, 0.03584875, 0.00993385])

 1.47637722109			array([   9.13433202,    5.98782191,    3.64407659,    1.72190205,
        178.28703793, -134.05598949,   38.18612121,   60.58953206,
         54.88043242,  101.27961943])
						array([0.01322052, 0.02453273, 0.01940228, 0.02234874, 0.00449523,
       0.01865768, 0.02034834, 0.01648338, 0.01976585, 0.00547721])

 1.18353046771			array([   9.13998385,    5.99184212,    3.66106276,    1.73765053,
        178.28465754, -134.07155295,   38.18794831,   60.59684588,
         54.872173  ,  101.27961119])
						array([0.00728937, 0.01352656, 0.0106978 , 0.01232238, 0.00247853,
       0.01028725, 0.01121943, 0.00908841, 0.01089826, 0.00301996])

 1.15401898162			array([   9.13916299,    5.98570377,    3.65752216,    1.74089681,
        178.28400714, -134.09989231,   38.19782663,   60.60188403,
         54.86411136,  101.27261499])
						array([0.00888948, 0.01649581, 0.0130461 , 0.0150273 , 0.00302259,
       0.01254543, 0.01368223, 0.01108343, 0.01329056, 0.00368287])

 1.16215809924			array([   9.13800839,    6.00232957,    3.67127058,    1.7426965 ,
        178.28005458, -134.09891102,   38.19067458,   60.59822204,
         54.85814822,  101.27025769])
						array([0.01084083, 0.02011684, 0.01590987, 0.01832597, 0.00368609,
       0.0152993 , 0.01668564, 0.01351638, 0.016208  , 0.00449131])

 1.19941087717			array([   9.13201188,    6.01305242,    3.68410844,    1.75703156,
        178.28084654, -134.10466614,   38.19285251,   60.59378898,
         54.88720104,  101.27089094])
						array([0.01322052, 0.02453273, 0.01940228, 0.02234874, 0.00449523,
       0.01865768, 0.02034834, 0.01648338, 0.01976585, 0.00547721])

 1.36534926101			array([   9.12399581,    6.0213038 ,    3.65040419,    1.74410052,
        178.27570214, -134.12887862,   38.15546678,   60.55108601,
         54.87375945,  101.27116246])
						array([0.01966169, 0.03648532, 0.02885527, 0.03323727, 0.00668535,
       0.02774789, 0.03026226, 0.02451425, 0.02939597, 0.00814576])

 1.32714281063			array([   9.1366743 ,    6.02449818,    3.67282834,    1.78020803,
        178.30360053, -134.1364458 ,   38.22447371,   60.6152838 ,
         54.78678042,  101.25010521])
						array([0.05303367, 0.09841219, 0.07783159, 0.08965121, 0.01803246,
       0.07484465, 0.08162667, 0.06612253, 0.07929003, 0.02197162])

 1.07444609363			array([   9.13916001,    5.99529762,    3.65253265,    1.77082912,
        178.30088466, -134.15168507,   38.21744317,   60.60870505,
         54.79389285,  101.2497098 ])
						array([0.00888948, 0.01649581, 0.0130461 , 0.0150273 , 0.00302259,
       0.01254543, 0.01368223, 0.01108343, 0.01329056, 0.00368287])

 1.05360674952			array([   9.14179002,    5.99231966,    3.65764098,    1.7614207 ,
        178.29736394, -134.1749888 ,   38.22865649,   60.60651351,
         54.79454802,  101.24928852])
						array([0.00597729, 0.01109178, 0.00877219, 0.01010435, 0.00203239,
       0.00843554, 0.00919993, 0.0074525 , 0.00893657, 0.00247636])

 1.04121227967			array([   9.13229354,    5.9992023 ,    3.6578056 ,    1.76279473,
        178.29883234, -134.1755266 ,   38.22775904,   60.60619204,
         54.80342046,  101.24741325])
						array([0.00401913, 0.00745811, 0.00589842, 0.00679417, 0.00136658,
       0.00567206, 0.00618603, 0.00501106, 0.00600895, 0.00166511])

 1.01993310166			array([   9.12802171,    5.99805073,    3.66606477,    1.76958434,
        178.29755594, -134.17238642,   38.22784506,   60.60635849,
         54.79418966,  101.24800799])
						array([0.00490137, 0.00909526, 0.0071932 , 0.00828557, 0.00166656,
       0.00691715, 0.00754394, 0.00611105, 0.00732799, 0.00203062])

 1.01549783567			array([   9.11984906,    5.99261338,    3.66465931,    1.76576705,
        178.29550749, -134.15795861,   38.23483758,   60.59988132,
         54.8055898 ,  101.24751424])
						array([0.00597729, 0.01109178, 0.00877219, 0.01010435, 0.00203239,
       0.00843554, 0.00919993, 0.0074525 , 0.00893657, 0.00247636])

 1.02803258456			array([   9.12696542,    5.99846028,    3.66032656,    1.76816073,
        178.29649161, -134.15450077,   38.23524602,   60.6018956 ,
         54.79255742,  101.25046668])
						array([0.00728937, 0.01352656, 0.0106978 , 0.01232238, 0.00247853,
       0.01028725, 0.01121943, 0.00908841, 0.01089826, 0.00301996])

 1.04936910798			array([   9.11930128,    5.99076206,    3.65485609,    1.75905852,
        178.29551744, -134.15004408,   38.22602858,   60.60326962,
         54.78243551,  101.25326566])
						array([0.00888948, 0.01649581, 0.0130461 , 0.0150273 , 0.00302259,
       0.01254543, 0.01368223, 0.01108343, 0.01329056, 0.00368287])

 1.03988452319			array([   9.12574677,    6.00215038,    3.66531595,    1.76277553,
        178.29833719, -134.12610589,   38.20066909,   60.61243677,
         54.75316165,  101.25639438])
						array([0.01084083, 0.02011684, 0.01590987, 0.01832597, 0.00368609,
       0.0152993 , 0.01668564, 0.01351638, 0.016208  , 0.00449131])

 1.02828900506			array([   9.12292944,    5.99719491,    3.66558027,    1.75873709,
        178.30152632, -134.11305317,   38.19047817,   60.61360843,
         54.75159417,  101.25643458])
						array([0.00490137, 0.00909526, 0.0071932 , 0.00828557, 0.00166656,
       0.00691715, 0.00754394, 0.00611105, 0.00732799, 0.00203062])

 1.03650389441			array([   9.13016082,    5.99633412,    3.66816185,    1.75406829,
        178.3030096 , -134.11099427,   38.18792371,   60.61851133,
         54.76232038,  101.25879793])
						array([0.00401913, 0.00745811, 0.00589842, 0.00679417, 0.00136658,
       0.00567206, 0.00618603, 0.00501106, 0.00600895, 0.00166511])

 1.04511724824			array([   9.12580395,    5.99610778,    3.66909748,    1.75245911,
        178.30357034, -134.10844761,   38.18255877,   60.6257836 ,
         54.75185294,  101.2580723 ])
						array([0.00490137, 0.00909526, 0.0071932 , 0.00828557, 0.00166656,
       0.00691715, 0.00754394, 0.00611105, 0.00732799, 0.00203062])

 1.01109270314			array([   9.12776887,    5.98903974,    3.65801875,    1.76340392,
        178.30508409, -134.11385167,   38.1889097 ,   60.62499609,
         54.77385846,  101.25609423])
						array([0.00597729, 0.01109178, 0.00877219, 0.01010435, 0.00203239,
       0.00843554, 0.00919993, 0.0074525 , 0.00893657, 0.00247636])

 1.042457124			array([   9.13031915,    5.98448666,    3.65944195,    1.75224155,
        178.30668453, -134.09817489,   38.19306147,   60.62878876,
         54.77598206,  101.25815573])
						array([0.00490137, 0.00909526, 0.0071932 , 0.00828557, 0.00166656,
       0.00691715, 0.00754394, 0.00611105, 0.00732799, 0.00203062])

 1.0240922118			array([   9.13280733,    5.9924184 ,    3.66414317,    1.75546902,
        178.30546124, -134.09188065,   38.19787614,   60.62879031,
         54.78073868,  101.25793106])
						array([0.00490137, 0.00909526, 0.0071932 , 0.00828557, 0.00166656,
       0.00691715, 0.00754394, 0.00611105, 0.00732799, 0.00203062])

 1.00468380657			array([   9.13145641,    5.98935894,    3.66885895,    1.75972591,
        178.30339529, -134.09747015,   38.2125165 ,   60.62847057,
         54.78463378,  101.25789614])
						array([0.00597729, 0.01109178, 0.00877219, 0.01010435, 0.00203239,
       0.00843554, 0.00919993, 0.0074525 , 0.00893657, 0.00247636])

 1.04072284993			array([   9.13751026,    5.98173791,    3.66298529,    1.75537943,
        178.30195769, -134.09907974,   38.20609897,   60.62884087,
         54.78183713,  101.26276142])
						array([0.00728937, 0.01352656, 0.0106978 , 0.01232238, 0.00247853,
       0.01028725, 0.01121943, 0.00908841, 0.01089826, 0.00301996])

 1.04301625421			array([   9.13550925,    5.97684841,    3.66191341,    1.75809445,
        178.30096011, -134.09848718,   38.20954323,   60.63402903,
         54.770746  ,  101.26114273])
						array([0.00270246, 0.00501484, 0.0039661 , 0.0045684 , 0.00091889,
       0.00381389, 0.00415949, 0.00336944, 0.00404042, 0.00111962])

 1.0197380254			array([   9.13624262,    5.98192229,    3.66244292,    1.76164886,
        178.29946412, -134.09753259,   38.21022243,   60.63685349,
         54.77166163,  101.26118838])
						array([0.00149005, 0.00276502, 0.00218678, 0.00251887, 0.00050665,
       0.00210286, 0.00229341, 0.0018578 , 0.00222776, 0.00061732])

 1.02394764431			array([   9.13820354,    5.98066224,    3.665205  ,    1.76440838,
        178.30003616, -134.09602934,   38.21040419,   60.63696745,
         54.77147   ,  101.26103426])
						array([0.00149005, 0.00276502, 0.00218678, 0.00251887, 0.00050665,
       0.00210286, 0.00229341, 0.0018578 , 0.00222776, 0.00061732])

 1.02860447733			array([   9.13912879,    5.98203303,    3.66325859,    1.76175024,
        178.29978958, -134.09710392,   38.20876225,   60.63777014,
         54.76767417,  101.26171908])
						array([0.00181713, 0.00337198, 0.00266681, 0.00307179, 0.00061786,
       0.00256446, 0.00279684, 0.00226561, 0.00271678, 0.00075283])

 1.02632410447			array([   9.13859129,    5.98445185,    3.66061286,    1.7623518 ,
        178.30018782, -134.09879131,   38.20399431,   60.63976617,
         54.77003977,  101.26262052])
						array([0.00401913, 0.00745811, 0.00589842, 0.00679417, 0.00136658,
       0.00567206, 0.00618603, 0.00501106, 0.00600895, 0.00166511])

 1.01987468659			array([   9.13929057,    5.98936594,    3.66851819,    1.7637187 ,
        178.30013331, -134.09184229,   38.2039948 ,   60.63604916,
         54.76658196,  101.26076674])
						array([0.00728937, 0.01352656, 0.0106978 , 0.01232238, 0.00247853,
       0.01028725, 0.01121943, 0.00908841, 0.01089826, 0.00301996])

 1.01804619298			array([   9.13918072,    5.98865987,    3.66782133,    1.7651365 ,
        178.30032641, -134.09414161,   38.20364789,   60.63679816,
         54.7640496 ,  101.26037671])
						array([0.00122184, 0.00226732, 0.00179316, 0.00206547, 0.00041545,
       0.00172434, 0.00188059, 0.0015234 , 0.00182676, 0.0005062 ])

 1.01957106262			array([   9.13938548,    5.98940465,    3.66789128,    1.7643608 ,
        178.3000047 , -134.09183334,   38.20268848,   60.6378774 ,
         54.76284779,  101.26079673])
						array([0.00082157, 0.00152454, 0.00120572, 0.00138882, 0.00027935,
       0.00115945, 0.00126451, 0.00102433, 0.00122831, 0.00034037])

 1.01911074391			array([   9.13925829,    5.98857063,    3.66846728,    1.76399832,
        178.29969811, -134.09182106,   38.20059579,   60.63767498,
         54.76257935,  101.26100788])
						array([0.00067368, 0.00125013, 0.00098869, 0.00113884, 0.00022907,
       0.00095075, 0.0010369 , 0.00083995, 0.00100722, 0.0002791 ])

 1.02241588834			array([   9.13996892,    5.98823495,    3.66807035,    1.76325711,
        178.29938182, -134.09209757,   38.2006791 ,   60.63541097,
         54.76360779,  101.26101802])
						array([0.00082157, 0.00152454, 0.00120572, 0.00138882, 0.00027935,
       0.00115945, 0.00126451, 0.00102433, 0.00122831, 0.00034037])

 1.02151399128			array([   9.13981193,    5.98913502,    3.66829904,    1.76433578,
        178.29952972, -134.09286491,   38.19880841,   60.63522084,
         54.76468521,  101.26108008])
						array([0.00100191, 0.0018592 , 0.00147039, 0.00169369, 0.00034067,
       0.00141396, 0.00154209, 0.00124918, 0.00149794, 0.00041509])

 1.02431997744			array([   9.14040599,    5.98661197,    3.66819899,    1.76369722,
        178.29992122, -134.09302079,   38.1975544 ,   60.63568138,
         54.76414128,  101.26126542])
						array([0.00122184, 0.00226732, 0.00179316, 0.00206547, 0.00041545,
       0.00172434, 0.00188059, 0.0015234 , 0.00182676, 0.0005062 ])

 1.02169017371			array([   9.13946161,    5.98968112,    3.66897682,    1.76313282,
        178.29964244, -134.09375552,   38.19435446,   60.63563511,
         54.76470653,  101.26192397])
						array([0.00149005, 0.00276502, 0.00218678, 0.00251887, 0.00050665,
       0.00210286, 0.00229341, 0.0018578 , 0.00222776, 0.00061732])

 1.01537428395			array([   9.12810223,    5.9890418 ,    3.67669374,    1.76597829,
        178.30165249, -134.09930494,   38.19616222,   60.64659566,
         54.75930399,  101.26502265])
						array([0.00597729, 0.01109178, 0.00877219, 0.01010435, 0.00203239,
       0.00843554, 0.00919993, 0.0074525 , 0.00893657, 0.00247636])

 1.01814900434			array([   9.1282941 ,    5.98781803,    3.67624033,    1.77045035,
        178.30098785, -134.10015655,   38.19591837,   60.64632372,
         54.75700081,  101.26456886])
						array([0.00181713, 0.00337198, 0.00266681, 0.00307179, 0.00061786,
       0.00256446, 0.00279684, 0.00226561, 0.00271678, 0.00075283])

 1.01348885176			array([   9.12865486,    5.9828139 ,    3.67166978,    1.77213444,
        178.30138505, -134.10208522,   38.1984301 ,   60.64957522,
         54.76098107,  101.26494699])
						array([0.00181713, 0.00337198, 0.00266681, 0.00307179, 0.00061786,
       0.00256446, 0.00279684, 0.00226561, 0.00271678, 0.00075283])

 1.00973263725			array([   9.12803503,    5.97959635,    3.66877062,    1.76764819,
        178.30080146, -134.10286705,   38.19305788,   60.64870108,
         54.75970464,  101.26377827])
						array([0.00221602, 0.00411216, 0.0032522 , 0.00374609, 0.00075349,
       0.00312739, 0.00341078, 0.00276294, 0.00331314, 0.00091809])

 0.998155038987			array([   9.13109229,    5.98567914,    3.66799113,    1.76736305,
        178.30122941, -134.10454023,   38.19374378,   60.65016594,
         54.762059  ,  101.26491528])
						array([0.00270246, 0.00501484, 0.0039661 , 0.0045684 , 0.00091889,
       0.00381389, 0.00415949, 0.00336944, 0.00404042, 0.00111962])

 0.997876947972			array([   9.12664876,    5.98871442,    3.6698314 ,    1.76581269,
        178.30033176, -134.1131145 ,   38.184117  ,   60.6623621 ,
         54.75293753,  101.26471551])
						array([0.00490137, 0.00909526, 0.0071932 , 0.00828557, 0.00166656,
       0.00691715, 0.00754394, 0.00611105, 0.00732799, 0.00203062])

 1.00414577775			array([   9.12666636,    5.99376779,    3.66434579,    1.76499092,
        178.30029044, -134.11467471,   38.18472589,   60.66160857,
         54.7483004 ,  101.266036  ])
						array([0.00181713, 0.00337198, 0.00266681, 0.00307179, 0.00061786,
       0.00256446, 0.00279684, 0.00226561, 0.00271678, 0.00075283])

 1.00416543765			array([   9.12544437,    5.99367916,    3.6659067 ,    1.76588786,
        178.30039872, -134.11468033,   38.18432208,   60.65949019,
         54.7511976 ,  101.26543893])
						array([0.00122184, 0.00226732, 0.00179316, 0.00206547, 0.00041545,
       0.00172434, 0.00188059, 0.0015234 , 0.00182676, 0.0005062 ])

 1.00233997125			array([   9.12507308,    5.99227819,    3.66775857,    1.76713528,
        178.30056556, -134.11604079,   38.18528965,   60.65750778,
         54.75071923,  101.26580824])
						array([0.00100191, 0.0018592 , 0.00147039, 0.00169369, 0.00034067,
       0.00141396, 0.00154209, 0.00124918, 0.00149794, 0.00041509])

 0.998988571546			array([   9.12723057,    5.99109695,    3.66777991,    1.76780078,
        178.3006071 , -134.11775176,   38.18725063,   60.65504125,
         54.75095505,  101.26655717])
						array([0.00122184, 0.00226732, 0.00179316, 0.00206547, 0.00041545,
       0.00172434, 0.00188059, 0.0015234 , 0.00182676, 0.0005062 ])

 0.999535960834			array([   9.12897937,    5.98947819,    3.66910365,    1.76911578,
        178.30041853, -134.11744744,   38.18552902,   60.65230192,
         54.75256551,  101.26593279])
						array([0.00181713, 0.00337198, 0.00266681, 0.00307179, 0.00061786,
       0.00256446, 0.00279684, 0.00226561, 0.00271678, 0.00075283])

 1.0003476576			array([   9.12958902,    5.99022936,    3.66980788,    1.76850926,
        178.29992883, -134.11670182,   38.18411847,   60.65579999,
         54.75076352,  101.2649222 ])
						array([0.00221602, 0.00411216, 0.0032522 , 0.00374609, 0.00075349,
       0.00312739, 0.00341078, 0.00276294, 0.00331314, 0.00091809])

 1.00458955488			array([   9.12958375,    5.98153585,    3.66978005,    1.76592271,
        178.30060244, -134.1195708 ,   38.18327368,   60.65658342,
         54.74992043,  101.26382309])
						array([0.00270246, 0.00501484, 0.0039661 , 0.0045684 , 0.00091889,
       0.00381389, 0.00415949, 0.00336944, 0.00404042, 0.00111962])

------------------------------------ 


------------------------------------ 
TOTAL GENERATIONS: 1000
------------------------------------ 
