------------------------------------ 
PARAMETERS used: 
 - DNA SIZE: '10'
 - c: '0.82'
 - s: '15'
 - num rotors in robot: '4'
 - num total generations: '1000'
------------------------------------ 


------------------------------------ 
Fitness_value		Individual
------------------------------------ 
 17832.9690629			array([ 14.0679908 , -10.0579271 , 135.68271725,  12.35021592,
       -81.78195002, -26.5079354 , -21.26950038, 134.18269159,
       -19.80622237, -73.39229918])
						array([2.78307575, 4.02324936, 3.89366043, 1.54101036, 4.84722266,
       5.83881059, 2.428758  , 1.8267957 , 0.65039967, 3.77908521])

 16559.5077023			array([ 14.77596904,  -7.51452486, 130.8738312 ,  12.31062748,
       -80.45983556, -30.3952759 , -22.69289113, 133.85803226,
       -20.22462228, -71.38432785])
						array([1.53449891, 2.21829095, 2.14683976, 0.8496638 , 2.67260346,
       3.21933332, 1.33913944, 1.00723669, 0.35860956, 2.08366665])

 16196.2984061			array([ 14.21999774,  -6.59883255, 129.65220685,  12.9142158 ,
       -83.82509514, -32.58395101, -22.6688796 , 133.64792765,
       -20.17769601, -70.89566948])
						array([1.2582891 , 1.81899858, 1.7604086 , 0.69672432, 2.19153484,
       2.63985332, 1.09809434, 0.82593408, 0.29405984, 1.70860666])

 15921.4231789			array([ 14.47467123,  -4.58010977, 128.59645957,  13.15413192,
       -83.10565353, -32.38886301, -23.41642176, 134.65341093,
       -19.61302204, -69.85419424])
						array([1.53449891, 2.21829095, 2.14683976, 0.8496638 , 2.67260346,
       3.21933332, 1.33913944, 1.00723669, 0.35860956, 2.08366665])

 15687.3751663			array([ 11.50709067,  -4.73097189, 127.6524975 ,  14.74985767,
       -84.92334659, -29.04871285, -26.47843648, 138.38698235,
       -19.25340187, -70.60782584])
						array([1.87134013, 2.70523287, 2.61809727, 1.03617537, 3.25927252,
       3.92601624, 1.63309688, 1.22833743, 0.43732874, 2.5410569 ])

 13032.6052483			array([  7.18791968,   1.37120947, 116.71884481,  15.31363629,
       -75.62707689, -55.35687312, -23.13421916, 140.14873992,
       -18.86221509, -61.74594984])
						array([ 6.15558903,  8.89859705,  8.61197308,  3.40839681, 10.7210559 ,
       12.9142437 ,  5.37191131,  4.04049497,  1.4385498 ,  8.35855636])

 9096.28824484			array([ 1.53644939e+01, -5.90651611e-02,  9.64816183e+01,  2.13171025e+01,
       -7.97045938e+01, -6.62292028e+01, -3.07428552e+01,  1.44666475e+02,
       -1.81781264e+01, -3.79629712e+01])
						array([11.16421162, 16.13912495, 15.61928346,  6.18170951, 19.44446522,
       23.42218573,  9.74287828,  7.32812743,  2.60905565, 15.15966896])

 8479.01855652			array([ 22.40555646,  26.9089697 ,  88.81641713,  26.5068394 ,
       -56.64557589, -77.47875671, -35.1512437 , 140.72068987,
       -20.51103731, -31.9209321 ])
						array([13.61489222, 19.6818597 , 19.04790665,  7.53867013, 23.71276246,
       28.56364114, 11.88155888,  8.93674077,  3.18177519, 18.48740117])

 949.664744356			array([  19.66016239,   14.53809641,   30.78167498,   -0.38276774,
         -1.15258516, -153.13578798,  -26.52478505,  114.6164665 ,
        -21.75457976,  -29.0860582 ])
						array([30.11333101, 43.53221065, 42.13003739, 16.6739821 , 52.44773545,
       63.1768777 , 26.27955548, 19.76622574,  7.03742988, 40.89031497])

 411.216535318			array([  25.69139931,    3.37523422,   14.68561631,    1.62161596,
         14.00775619, -109.60298975,  -42.66407375,  102.00915191,
        -12.86185282,  -13.63407296])
						array([16.60352709, 24.00226792, 23.22915446,  9.19350016, 28.918003  ,
       34.8337087 , 14.48970595, 10.89846435,  3.88021364, 22.54561118])

 375.851213102			array([  23.35973925,    7.70859904,   16.18365086,    1.74104649,
         14.45909674, -107.80105671,  -38.97322393,  104.27445522,
        -12.38133309,  -21.91920758])
						array([2.78307575, 4.02324936, 3.89366043, 1.54101036, 4.84722266,
       5.83881059, 2.428758  , 1.8267957 , 0.65039967, 3.77908521])

 261.22756419			array([  23.34109184,    4.04096788,   11.84128314,    0.70131944,
          6.8565738 , -104.05981343,  -40.07152274,  104.10209207,
        -12.55797099,  -20.55119264])
						array([2.78307575, 4.02324936, 3.89366043, 1.54101036, 4.84722266,
       5.83881059, 2.428758  , 1.8267957 , 0.65039967, 3.77908521])

 175.871244991			array([ 18.30002086,   6.7535818 ,  11.09473254,   3.39053204,
         0.85603269, -98.84924903, -40.48288853, 102.23949922,
       -13.54731083, -23.10523551])
						array([3.39399481, 4.90640166, 4.74836637, 1.87928093, 5.91124715,
       7.12050072, 2.9619    , 2.22779963, 0.79317032, 4.6086405 ])

 75.6888896021			array([  12.35033647,    8.50520268,    7.84329249,    4.60130636,
         -5.07338281, -100.01689488,  -39.56102304,  101.29535341,
        -13.03212285,  -31.68276029])
						array([4.13901806, 5.98341665, 5.7906907 , 2.29180601, 7.20883799,
       8.68353747, 3.61207317, 2.71682881, 0.96728088, 5.62029329])

 57.9814582236			array([ 10.15811121,   1.39719751,   6.68785561,   4.76952584,
        -1.53746357, -97.94588526, -45.30366845,  98.84521686,
       -13.34301161, -37.30349872])
						array([2.78307575, 4.02324936, 3.89366043, 1.54101036, 4.84722266,
       5.83881059, 2.428758  , 1.8267957 , 0.65039967, 3.77908521])

 49.5484020804			array([  8.3200861 ,   3.02348097,   4.38086474,   5.64421304,
         2.59544933, -94.70325333, -43.64915382,  97.56691712,
       -11.99385258, -35.22453463])
						array([2.28212211, 3.29906447, 3.19280155, 1.2636285 , 3.97472258,
       4.78782469, 1.99158156, 1.49797247, 0.53332773, 3.09884987])

 45.8500952692			array([  7.26382906,   4.68925009,   3.80003625,   5.72248694,
         6.4721627 , -96.98067632, -43.37950998,  96.98954375,
       -11.89737417, -35.59641477])
						array([1.03179707, 1.49157884, 1.44353506, 0.57131394, 1.79705857,
       2.16467972, 0.90043736, 0.67726595, 0.24112907, 1.40105746])

 39.4691172108			array([  7.2496329 ,   4.7542426 ,   3.59127623,   5.6837647 ,
         6.76359129, -97.08112542, -43.33535875,  97.05421144,
       -11.85253056, -35.49307687])
						array([0.06411922, 0.09269155, 0.08970595, 0.0355033 , 0.11167505,
       0.13452022, 0.0559561 , 0.0420875 , 0.01498454, 0.08706626])

 38.0519958116			array([  7.18061331,   4.74626696,   3.6854253 ,   5.64774842,
         6.64781142, -97.11676686, -43.28238228,  97.05806016,
       -11.85286265, -35.37661392])
						array([0.04311376, 0.0623258 , 0.06031828, 0.02387242, 0.07509031,
       0.0904514 , 0.03762488, 0.02829964, 0.01007561, 0.05854335])

 36.5365269344			array([  7.1637591 ,   4.77827477,   3.70592161,   5.63323567,
         6.64198868, -97.08096793, -43.28376641,  97.05388339,
       -11.85005521, -35.40874306])
						array([0.02377155, 0.03436445, 0.03325757, 0.01316249, 0.04140239,
       0.04987201, 0.02074516, 0.01560351, 0.00555537, 0.03227893])

 36.794911752			array([  7.15034456,   4.77686279,   3.70626114,   5.62663958,
         6.68428512, -97.16641484, -43.30527469,  97.04832433,
       -11.85739178, -35.42896698])
						array([0.02898969, 0.04190787, 0.04055801, 0.01605182, 0.05049072,
       0.06081952, 0.02529897, 0.01902868, 0.00677484, 0.03936455])

 33.742404928			array([  7.13865917,   4.82575536,   3.7202527 ,   5.63545376,
         6.71678519, -97.21321245, -43.26995468,  97.04807118,
       -11.86150663, -35.43089462])
						array([0.03535329, 0.05110715, 0.04946099, 0.01957538, 0.06157405,
       0.07417015, 0.0308524 , 0.0232057 , 0.008262  , 0.04800555])

 32.7993693249			array([  7.14878937,   4.85188913,   3.64400558,   5.61393123,
         6.88469872, -97.29664734, -43.2795857 ,  97.11963523,
       -11.85367931, -35.4865141 ])
						array([0.04311376, 0.0623258 , 0.06031828, 0.02387242, 0.07509031,
       0.0904514 , 0.03762488, 0.02829964, 0.01007561, 0.05854335])

 28.6244142567			array([  7.09290873,   5.07477298,   3.66155973,   5.67121019,
         6.91271023, -97.35493631, -43.27302483,  97.09019775,
       -11.8679685 , -35.41880685])
						array([0.09535874, 0.1378518 , 0.13341159, 0.05280087, 0.16608425,
       0.20005982, 0.08321847, 0.06259296, 0.02228516, 0.12948581])

 27.9225704941			array([  7.10784613,   4.99321374,   3.58457569,   5.69129321,
         6.90332892, -97.36857418, -43.33658801,  97.14660886,
       -11.8632551 , -35.44346527])
						array([0.04311376, 0.0623258 , 0.06031828, 0.02387242, 0.07509031,
       0.0904514 , 0.03762488, 0.02829964, 0.01007561, 0.05854335])

 26.0037825937			array([  7.14186047,   5.00402457,   3.66296853,   5.72205355,
         6.74125439, -97.44516202, -43.31884901,  97.14355291,
       -11.87790917, -35.43637046])
						array([0.03535329, 0.05110715, 0.04946099, 0.01957538, 0.06157405,
       0.07417015, 0.0308524 , 0.0232057 , 0.008262  , 0.04800555])

 26.2270022508			array([  7.14159505,   4.96215767,   3.63941328,   5.73399116,
         6.73022562, -97.38939269, -43.34207487,  97.13933791,
       -11.87254527, -35.43479419])
						array([0.02377155, 0.03436445, 0.03325757, 0.01316249, 0.04140239,
       0.04987201, 0.02074516, 0.01560351, 0.00555537, 0.03227893])

 26.0943419266			array([  7.12007031,   4.99963295,   3.64072533,   5.73653314,
         6.77332898, -97.33312316, -43.35205541,  97.1246864 ,
       -11.85900775, -35.41597816])
						array([0.02898969, 0.04190787, 0.04055801, 0.01605182, 0.05049072,
       0.06081952, 0.02529897, 0.01902868, 0.00677484, 0.03936455])

 26.4342475399			array([  7.17906696,   4.96904393,   3.68930923,   5.73206001,
         6.69886923, -97.201691  , -43.33141695,  97.12548386,
       -11.86936777, -35.39703125])
						array([0.03535329, 0.05110715, 0.04946099, 0.01957538, 0.06157405,
       0.07417015, 0.0308524 , 0.0232057 , 0.008262  , 0.04800555])

 26.3302660857			array([  7.16689865,   4.98737848,   3.7015692 ,   5.72795868,
         6.77689054, -97.05980255, -43.36914211,  97.16764348,
       -11.87122105, -35.50033709])
						array([0.04311376, 0.0623258 , 0.06031828, 0.02387242, 0.07509031,
       0.0904514 , 0.03762488, 0.02829964, 0.01007561, 0.05854335])

 26.4978608067			array([  7.18226997,   5.01510771,   3.69495678,   5.7465864 ,
         6.74683077, -97.05971549, -43.3816444 ,  97.16072691,
       -11.86442918, -35.44521377])
						array([0.01949267, 0.02817885, 0.02727121, 0.01079324, 0.03394996,
       0.04089505, 0.01701103, 0.01279488, 0.0045554 , 0.02646872])

 26.3181747044			array([  7.17963872,   4.99017723,   3.69044774,   5.73881646,
         6.77476293, -97.04822914, -43.3766365 ,  97.16600669,
       -11.86513079, -35.4339279 ])
						array([0.00722671, 0.01044702, 0.01011052, 0.00400148, 0.0125866 ,
       0.01516142, 0.00630667, 0.00474357, 0.00168887, 0.00981301])

 26.3777470698			array([  7.18009695,   4.99517629,   3.69582148,   5.74060205,
         6.76424642, -97.06776894, -43.36984862,  97.15739294,
       -11.86414149, -35.41664291])
						array([0.00881306, 0.01274027, 0.01232991, 0.00487986, 0.01534952,
       0.01848954, 0.00769106, 0.00578484, 0.0020596 , 0.01196709])

 26.4100998382			array([  7.17362019,   4.99467754,   3.70533354,   5.73978917,
         6.7445966 , -97.05072437, -43.38321423,  97.1589717 ,
       -11.8652507 , -35.43339908])
						array([0.01074763, 0.01553692, 0.01503647, 0.00595105, 0.01871892,
       0.02254822, 0.00937934, 0.00705469, 0.0025117 , 0.01459401])

 26.3010666424			array([  7.17543764,   5.01764951,   3.67213746,   5.75917271,
         6.76380693, -97.00120047, -43.37642507,  97.19073389,
       -11.86153907, -35.46699229])
						array([0.02898969, 0.04190787, 0.04055801, 0.01605182, 0.05049072,
       0.06081952, 0.02529897, 0.01902868, 0.00677484, 0.03936455])

 26.1339024117			array([  7.13448376,   5.01734507,   3.67592584,   5.77032939,
         6.71655292, -96.92625142, -43.39607306,  97.21061884,
       -11.86705239, -35.46711073])
						array([0.01949267, 0.02817885, 0.02727121, 0.01079324, 0.03394996,
       0.04089505, 0.01701103, 0.01279488, 0.0045554 , 0.02646872])

 25.9921943566			array([  7.14436282,   4.99118077,   3.68479374,   5.76132764,
         6.69290148, -96.97045516, -43.39728793,  97.21407819,
       -11.86490169, -35.46369009])
						array([0.01598399, 0.02310666, 0.02236239, 0.00885046, 0.02783897,
       0.03353394, 0.01394904, 0.0104918 , 0.00373543, 0.02170435])

 26.173260202			array([  7.12941004,   4.98476844,   3.70202941,   5.75716874,
         6.70063724, -96.98379228, -43.40686663,  97.20838971,
       -11.86970888, -35.45939742])
						array([0.01598399, 0.02310666, 0.02236239, 0.00885046, 0.02783897,
       0.03353394, 0.01394904, 0.0104918 , 0.00373543, 0.02170435])

 26.3849838617			array([  7.15650089,   4.98366993,   3.71112608,   5.7607101 ,
         6.69825427, -97.0197812 , -43.40935808,  97.21484121,
       -11.85948006, -35.43382144])
						array([0.01949267, 0.02817885, 0.02727121, 0.01079324, 0.03394996,
       0.04089505, 0.01701103, 0.01279488, 0.0045554 , 0.02646872])

 26.3814283793			array([  7.18253669,   5.00526471,   3.65619128,   5.76584095,
         6.72991964, -97.04119615, -43.43881104,  97.22214091,
       -11.85381522, -35.39691215])
						array([0.04311376, 0.0623258 , 0.06031828, 0.02387242, 0.07509031,
       0.0904514 , 0.03762488, 0.02829964, 0.01007561, 0.05854335])

 26.4867123889			array([  7.16042627,   5.03298028,   3.6838931 ,   5.77241767,
         6.74124014, -96.98853135, -43.48494414,  97.22429925,
       -11.84556086, -35.50248732])
						array([0.02898969, 0.04190787, 0.04055801, 0.01605182, 0.05049072,
       0.06081952, 0.02529897, 0.01902868, 0.00677484, 0.03936455])

 26.2809130591			array([  7.17198792,   5.00102257,   3.63890071,   5.75711175,
         6.78193798, -97.03664465, -43.45742221,  97.19952666,
       -11.84651283, -35.51378072])
						array([0.01949267, 0.02817885, 0.02727121, 0.01079324, 0.03394996,
       0.04089505, 0.01701103, 0.01279488, 0.0045554 , 0.02646872])

 26.0483676839			array([  7.14893521,   5.00111476,   3.64035557,   5.75136544,
         6.77503172, -97.0220748 , -43.4493897 ,  97.20113127,
       -11.84064757, -35.52561206])
						array([0.01949267, 0.02817885, 0.02727121, 0.01079324, 0.03394996,
       0.04089505, 0.01701103, 0.01279488, 0.0045554 , 0.02646872])

 25.9896988132			array([  7.11905522,   4.98948451,   3.65242401,   5.74131965,
         6.71433275, -96.97139982, -43.46860245,  97.19924199,
       -11.84022604, -35.52274598])
						array([0.02377155, 0.03436445, 0.03325757, 0.01316249, 0.04140239,
       0.04987201, 0.02074516, 0.01560351, 0.00555537, 0.03227893])

 25.9852616901			array([  7.14779904,   4.97554241,   3.65276685,   5.7412263 ,
         6.64839444, -96.96027973, -43.47754712,  97.1845602 ,
       -11.83912514, -35.53588599])
						array([0.02898969, 0.04190787, 0.04055801, 0.01605182, 0.05049072,
       0.06081952, 0.02529897, 0.01902868, 0.00677484, 0.03936455])

 26.1247162749			array([  7.14099248,   4.95749168,   3.66364436,   5.75144708,
         6.64533298, -96.88114433, -43.48599537,  97.187252  ,
       -11.83249045, -35.52358101])
						array([0.04311376, 0.0623258 , 0.06031828, 0.02387242, 0.07509031,
       0.0904514 , 0.03762488, 0.02829964, 0.01007561, 0.05854335])

 26.0897541869			array([  7.13990096,   4.96654022,   3.64673398,   5.73954468,
         6.61777874, -96.90048305, -43.46117201,  97.16992005,
       -11.82538241, -35.53432556])
						array([0.02377155, 0.03436445, 0.03325757, 0.01316249, 0.04140239,
       0.04987201, 0.02074516, 0.01560351, 0.00555537, 0.03227893])

 26.0753707587			array([  7.16644537,   4.97882902,   3.67461626,   5.74070212,
         6.6630953 , -96.88111309, -43.48450595,  97.16385073,
       -11.82902851, -35.54990098])
						array([0.01598399, 0.02310666, 0.02236239, 0.00885046, 0.02783897,
       0.03353394, 0.01394904, 0.0104918 , 0.00373543, 0.02170435])

 26.0043753552			array([  7.15927156,   5.00741499,   3.66284396,   5.73975438,
         6.65392568, -96.87224381, -43.47154137,  97.16417247,
       -11.82918085, -35.55226178])
						array([0.01598399, 0.02310666, 0.02236239, 0.00885046, 0.02783897,
       0.03353394, 0.01394904, 0.0104918 , 0.00373543, 0.02170435])

 26.1179742588			array([  7.1603568 ,   5.00331891,   3.67714609,   5.7212501 ,
         6.664712  , -96.85683919, -43.44617051,  97.15392301,
       -11.82086757, -35.55658039])
						array([0.01949267, 0.02817885, 0.02727121, 0.01079324, 0.03394996,
       0.04089505, 0.01701103, 0.01279488, 0.0045554 , 0.02646872])

 26.3999712578			array([  7.16242142,   4.97382578,   3.70434031,   5.72644048,
         6.65347238, -96.86545319, -43.47223483,  97.13164494,
       -11.82201408, -35.55785165])
						array([0.02377155, 0.03436445, 0.03325757, 0.01316249, 0.04140239,
       0.04987201, 0.02074516, 0.01560351, 0.00555537, 0.03227893])

 26.0561908959			array([  7.11764517,   4.98006188,   3.68314846,   5.73650052,
         6.644934  , -96.86808576, -43.43647837,  97.11754216,
       -11.83043221, -35.52762383])
						array([0.02898969, 0.04190787, 0.04055801, 0.01605182, 0.05049072,
       0.06081952, 0.02529897, 0.01902868, 0.00677484, 0.03936455])

 26.4384505924			array([  7.1179934 ,   4.9519084 ,   3.69463714,   5.74222797,
         6.68179718, -96.88066199, -43.40656673,  97.12559443,
       -11.82587414, -35.52766523])
						array([0.02377155, 0.03436445, 0.03325757, 0.01316249, 0.04140239,
       0.04987201, 0.02074516, 0.01560351, 0.00555537, 0.03227893])

 26.4595170065			array([  7.10997742,   4.94652565,   3.66259537,   5.74977416,
         6.65407624, -96.8671462 , -43.38612964,  97.14493155,
       -11.82320627, -35.49482975])
						array([0.01598399, 0.02310666, 0.02236239, 0.00885046, 0.02783897,
       0.03353394, 0.01394904, 0.0104918 , 0.00373543, 0.02170435])

 26.2172681316			array([  7.10229503,   4.9805173 ,   3.66191081,   5.76167165,
         6.69768412, -96.84337444, -43.3756168 ,  97.1541063 ,
       -11.82437819, -35.49418605])
						array([0.01074763, 0.01553692, 0.01503647, 0.00595105, 0.01871892,
       0.02254822, 0.00937934, 0.00705469, 0.0025117 , 0.01459401])

 26.2692372615			array([  7.09600039,   4.99027451,   3.67799371,   5.75379005,
         6.71196536, -96.85950411, -43.37928139,  97.15852156,
       -11.82538547, -35.47885131])
						array([0.01310687, 0.01894746, 0.01833716, 0.00725738, 0.02282795,
       0.02749783, 0.01143822, 0.00860328, 0.00306305, 0.01779757])

 26.4123553464			array([  7.11220647,   4.95853553,   3.69443815,   5.73465198,
         6.69921298, -96.85086929, -43.36214642,  97.14411218,
       -11.82067103, -35.5333935 ])
						array([0.02377155, 0.03436445, 0.03325757, 0.01316249, 0.04140239,
       0.04987201, 0.02074516, 0.01560351, 0.00555537, 0.03227893])

 26.4107905712			array([  7.13693222,   4.97166111,   3.71097824,   5.72675762,
         6.72598262, -96.87976074, -43.3505652 ,  97.123981  ,
       -11.83264464, -35.60046106])
						array([0.02898969, 0.04190787, 0.04055801, 0.01605182, 0.05049072,
       0.06081952, 0.02529897, 0.01902868, 0.00677484, 0.03936455])

 25.9548090821			array([  7.15478806,   4.98194059,   3.65920028,   5.74675869,
         6.66918075, -96.85888564, -43.39593665,  97.10435369,
       -11.83248208, -35.62070258])
						array([0.02377155, 0.03436445, 0.03325757, 0.01316249, 0.04140239,
       0.04987201, 0.02074516, 0.01560351, 0.00555537, 0.03227893])

 26.0554678696			array([  7.1657879 ,   4.98454267,   3.65497482,   5.74801202,
         6.65063999, -96.85510809, -43.40010837,  97.10716044,
       -11.83685123, -35.6343888 ])
						array([0.01074763, 0.01553692, 0.01503647, 0.00595105, 0.01871892,
       0.02254822, 0.00937934, 0.00705469, 0.0025117 , 0.01459401])

 26.4700106382			array([  7.18205303,   4.96446043,   3.65226856,   5.73189779,
         6.6187736 , -96.84800246, -43.3938056 ,  97.10138322,
       -11.83587773, -35.63928833])
						array([0.01074763, 0.01553692, 0.01503647, 0.00595105, 0.01871892,
       0.02254822, 0.00937934, 0.00705469, 0.0025117 , 0.01459401])

 26.2767431649			array([  7.18235482,   4.9806815 ,   3.66594674,   5.73935121,
         6.58591913, -96.82018586, -43.39256006,  97.09346991,
       -11.83938186, -35.6308134 ])
						array([0.01310687, 0.01894746, 0.01833716, 0.00725738, 0.02282795,
       0.02749783, 0.01143822, 0.00860328, 0.00306305, 0.01779757])

 26.1015455698			array([  7.16854755,   5.00784301,   3.6709158 ,   5.75166447,
         6.59120103, -96.77268045, -43.38042472,  97.09644814,
       -11.84104791, -35.65735975])
						array([0.01949267, 0.02817885, 0.02727121, 0.01079324, 0.03394996,
       0.04089505, 0.01701103, 0.01279488, 0.0045554 , 0.02646872])

 26.0648345649			array([  7.1584051 ,   5.00827721,   3.68458124,   5.75130639,
         6.62566093, -96.77399603, -43.38832112,  97.09700934,
       -11.84171505, -35.66106547])
						array([0.02377155, 0.03436445, 0.03325757, 0.01316249, 0.04140239,
       0.04987201, 0.02074516, 0.01560351, 0.00555537, 0.03227893])

 26.4284905434			array([  7.16166735,   5.0275055 ,   3.68826341,   5.77026918,
         6.6385227 , -96.83224941, -43.41951237,  97.07459559,
       -11.84561097, -35.67828014])
						array([0.02898969, 0.04190787, 0.04055801, 0.01605182, 0.05049072,
       0.06081952, 0.02529897, 0.01902868, 0.00677484, 0.03936455])

 26.414485416			array([  7.16409303,   5.03794288,   3.6578905 ,   5.74303502,
         6.44914671, -96.82967811, -43.50772067,  97.12776321,
       -11.85302753, -35.88659495])
						array([0.09535874, 0.1378518 , 0.13341159, 0.05280087, 0.16608425,
       0.20005982, 0.08321847, 0.06259296, 0.02228516, 0.12948581])

 26.1149056301			array([  7.16292894,   4.9958996 ,   3.64256266,   5.73710151,
         6.45523123, -96.7619982 , -43.51869092,  97.14390195,
       -11.85493508, -35.93322034])
						array([0.01949267, 0.02817885, 0.02727121, 0.01079324, 0.03394996,
       0.04089505, 0.01701103, 0.01279488, 0.0045554 , 0.02646872])

 26.2649981432			array([  7.15253897,   5.03463634,   3.66176866,   5.73909535,
         6.44734715, -96.76998813, -43.48651749,  97.13832368,
       -11.85221741, -35.95070786])
						array([0.01598399, 0.02310666, 0.02236239, 0.00885046, 0.02783897,
       0.03353394, 0.01394904, 0.0104918 , 0.00373543, 0.02170435])

 26.1743676561			array([  7.14066313,   5.03056708,   3.66229875,   5.73548613,
         6.45017764, -96.78566019, -43.47903915,  97.13917917,
       -11.85312844, -35.93137508])
						array([0.01074763, 0.01553692, 0.01503647, 0.00595105, 0.01871892,
       0.02254822, 0.00937934, 0.00705469, 0.0025117 , 0.01459401])

 26.2943182977			array([  7.14000964,   5.03483127,   3.66351453,   5.72574754,
         6.47456942, -96.79958289, -43.4808424 ,  97.14482394,
       -11.8527477 , -35.96185115])
						array([0.01310687, 0.01894746, 0.01833716, 0.00725738, 0.02282795,
       0.02749783, 0.01143822, 0.00860328, 0.00306305, 0.01779757])

 26.3250188577			array([  7.13099799,   5.03834295,   3.65940753,   5.73388082,
         6.42968324, -96.81808502, -43.48697884,  97.15148857,
       -11.85297561, -35.99729393])
						array([0.01949267, 0.02817885, 0.02727121, 0.01079324, 0.03394996,
       0.04089505, 0.01701103, 0.01279488, 0.0045554 , 0.02646872])

 26.3727773989			array([  7.10131534,   5.02528676,   3.6650304 ,   5.73546767,
         6.44829394, -96.87154329, -43.45543143,  97.16514592,
       -11.85174849, -36.02405378])
						array([0.02898969, 0.04190787, 0.04055801, 0.01605182, 0.05049072,
       0.06081952, 0.02529897, 0.01902868, 0.00677484, 0.03936455])

 25.9858183199			array([  7.13674829,   5.00847237,   3.6769142 ,   5.72985017,
         6.50094639, -96.87089186, -43.42413169,  97.14292021,
       -11.85191376, -36.02867237])
						array([0.02377155, 0.03436445, 0.03325757, 0.01316249, 0.04140239,
       0.04987201, 0.02074516, 0.01560351, 0.00555537, 0.03227893])

 26.2217903828			array([  7.15407457,   4.95622541,   3.65695857,   5.73416268,
         6.4966285 , -96.81513692, -43.36940272,  97.13291547,
       -11.85235143, -36.03440071])
						array([0.01949267, 0.02817885, 0.02727121, 0.01079324, 0.03394996,
       0.04089505, 0.01701103, 0.01279488, 0.0045554 , 0.02646872])

 26.3894019158			array([  7.18334082,   4.97508074,   3.67965796,   5.73159483,
         6.53273797, -96.85498377, -43.36337863,  97.11334753,
       -11.8510737 , -36.03323188])
						array([0.01949267, 0.02817885, 0.02727121, 0.01079324, 0.03394996,
       0.04089505, 0.01701103, 0.01279488, 0.0045554 , 0.02646872])

 26.1945629666			array([  7.17570937,   4.99823686,   3.67916148,   5.73512583,
         6.56576277, -96.77182945, -43.33836483,  97.11760548,
       -11.84879455, -36.01195783])
						array([0.02377155, 0.03436445, 0.03325757, 0.01316249, 0.04140239,
       0.04987201, 0.02074516, 0.01560351, 0.00555537, 0.03227893])

 26.3670557719			array([  7.18028491,   4.96573327,   3.66458212,   5.7364901 ,
         6.61727777, -96.83380026, -43.30219309,  97.11358461,
       -11.84747127, -36.01552219])
						array([0.02377155, 0.03436445, 0.03325757, 0.01316249, 0.04140239,
       0.04987201, 0.02074516, 0.01560351, 0.00555537, 0.03227893])

 26.2016189159			array([  7.14269919,   4.95525523,   3.65055091,   5.7470339 ,
         6.62032405, -96.85415825, -43.29880569,  97.11390573,
       -11.8491197 , -36.01086775])
						array([0.01949267, 0.02817885, 0.02727121, 0.01079324, 0.03394996,
       0.04089505, 0.01701103, 0.01279488, 0.0045554 , 0.02646872])

 26.2650853109			array([  7.15002487,   4.96734686,   3.63751801,   5.72561364,
         6.61505344, -96.84710892, -43.28186017,  97.09718258,
       -11.84996353, -35.97356618])
						array([0.02377155, 0.03436445, 0.03325757, 0.01316249, 0.04140239,
       0.04987201, 0.02074516, 0.01560351, 0.00555537, 0.03227893])

 26.2830222101			array([  7.10933711,   4.9765932 ,   3.66179468,   5.71409363,
         6.62767862, -96.78355524, -43.2883515 ,  97.11613777,
       -11.84699524, -35.99583351])
						array([0.02377155, 0.03436445, 0.03325757, 0.01316249, 0.04140239,
       0.04987201, 0.02074516, 0.01560351, 0.00555537, 0.03227893])

 26.1775488701			array([  7.13681306,   4.9706525 ,   3.66852749,   5.71226202,
         6.59114269, -96.78911854, -43.3081131 ,  97.13249013,
       -11.84757993, -35.94569666])
						array([0.01598399, 0.02310666, 0.02236239, 0.00885046, 0.02783897,
       0.03353394, 0.01394904, 0.0104918 , 0.00373543, 0.02170435])

 26.2827719197			array([  7.16184084,   5.00066796,   3.6722645 ,   5.70659076,
         6.59711747, -96.74484599, -43.29352794,  97.13539191,
       -11.84539299, -35.93287231])
						array([0.01598399, 0.02310666, 0.02236239, 0.00885046, 0.02783897,
       0.03353394, 0.01394904, 0.0104918 , 0.00373543, 0.02170435])

 26.4777987266			array([  7.15305569,   5.02121848,   3.68850255,   5.7050249 ,
         6.56288324, -96.78979924, -43.30037616,  97.1506531 ,
       -11.85302453, -35.92607434])
						array([0.01949267, 0.02817885, 0.02727121, 0.01079324, 0.03394996,
       0.04089505, 0.01701103, 0.01279488, 0.0045554 , 0.02646872])

 26.3402369298			array([  7.15647159,   4.98253142,   3.69531808,   5.71112919,
         6.5339358 , -96.75118517, -43.30893856,  97.15706519,
       -11.85885192, -35.9637067 ])
						array([0.01310687, 0.01894746, 0.01833716, 0.00725738, 0.02282795,
       0.02749783, 0.01143822, 0.00860328, 0.00306305, 0.01779757])

 26.4022959381			array([  7.16206989,   4.9912132 ,   3.69978684,   5.71249609,
         6.53682076, -96.72952318, -43.3126747 ,  97.14834793,
       -11.85911292, -35.97510179])
						array([0.00881306, 0.01274027, 0.01232991, 0.00487986, 0.01534952,
       0.01848954, 0.00769106, 0.00578484, 0.0020596 , 0.01196709])

 26.3569332069			array([  7.16284558,   4.99195745,   3.69640384,   5.71332643,
         6.53427802, -96.72777499, -43.30991484,  97.14744626,
       -11.85852369, -35.95992125])
						array([0.00722671, 0.01044702, 0.01011052, 0.00400148, 0.0125866 ,
       0.01516142, 0.00630667, 0.00474357, 0.00168887, 0.00981301])

 26.3940776935			array([  7.16270347,   4.99890993,   3.69873701,   5.71312324,
         6.54904702, -96.69838078, -43.29991985,  97.14411832,
       -11.85712259, -35.94353974])
						array([0.00881306, 0.01274027, 0.01232991, 0.00487986, 0.01534952,
       0.01848954, 0.00769106, 0.00578484, 0.0020596 , 0.01196709])

 26.3240208477			array([  7.14943133,   4.98535963,   3.69905627,   5.71203302,
         6.54452904, -96.67743606, -43.3065149 ,  97.14348852,
       -11.85474986, -35.94314196])
						array([0.01074763, 0.01553692, 0.01503647, 0.00595105, 0.01871892,
       0.02254822, 0.00937934, 0.00705469, 0.0025117 , 0.01459401])

 26.4560899491			array([  7.15965437,   4.98114429,   3.70636924,   5.71631698,
         6.55374721, -96.64584543, -43.32103939,  97.14649061,
       -11.85539148, -35.93667801])
						array([0.01598399, 0.02310666, 0.02236239, 0.00885046, 0.02783897,
       0.03353394, 0.01394904, 0.0104918 , 0.00373543, 0.02170435])

 26.3373802903			array([  7.17235713,   5.00555847,   3.68659929,   5.71896297,
         6.54576298, -96.63436618, -43.29605168,  97.14716741,
       -11.85061518, -35.93109633])
						array([0.01949267, 0.02817885, 0.02727121, 0.01079324, 0.03394996,
       0.04089505, 0.01701103, 0.01279488, 0.0045554 , 0.02646872])

 26.4076007911			array([  7.1650186 ,   5.01373616,   3.69744843,   5.71969294,
         6.52930125, -96.67938335, -43.29927131,  97.15393863,
       -11.85206486, -35.95676924])
						array([0.02377155, 0.03436445, 0.03325757, 0.01316249, 0.04140239,
       0.04987201, 0.02074516, 0.01560351, 0.00555537, 0.03227893])

 26.2367320628			array([  7.10850441,   5.0072686 ,   3.64080589,   5.75366132,
         6.63756832, -96.6529067 , -43.37900573,  97.20745422,
       -11.85307222, -35.88996799])
						array([0.05257776, 0.07600707, 0.07355888, 0.02911271, 0.09157354,
       0.11030658, 0.045884  , 0.03451175, 0.01228733, 0.07139433])

 26.0439523543			array([  7.11425186,   4.97598645,   3.66391331,   5.74314948,
         6.55699987, -96.66537236, -43.32424912,  97.22405672,
       -11.85515764, -35.88544893])
						array([0.01949267, 0.02817885, 0.02727121, 0.01079324, 0.03394996,
       0.04089505, 0.01701103, 0.01279488, 0.0045554 , 0.02646872])

 25.9978235989			array([  7.11717494,   5.00462233,   3.66597592,   5.75227912,
         6.51026315, -96.60362551, -43.34310811,  97.22776615,
       -11.85956468, -35.89679915])
						array([0.01598399, 0.02310666, 0.02236239, 0.00885046, 0.02783897,
       0.03353394, 0.01394904, 0.0104918 , 0.00373543, 0.02170435])

 26.0506569342			array([  7.11354711,   4.99733371,   3.68277797,   5.74823678,
         6.48630668, -96.54370961, -43.34990677,  97.21549475,
       -11.86503347, -35.91418718])
						array([0.01598399, 0.02310666, 0.02236239, 0.00885046, 0.02783897,
       0.03353394, 0.01394904, 0.0104918 , 0.00373543, 0.02170435])

 26.3553376609			array([  7.09832872,   4.98359345,   3.6940687 ,   5.74395061,
         6.453362  , -96.51412076, -43.32891378,  97.22530181,
       -11.86881247, -35.91352019])
						array([0.01949267, 0.02817885, 0.02727121, 0.01079324, 0.03394996,
       0.04089505, 0.01701103, 0.01279488, 0.0045554 , 0.02646872])

 25.9929706795			array([  7.12724664,   4.98580547,   3.68753589,   5.74908875,
         6.46730744, -96.44967451, -43.34820799,  97.25170769,
       -11.86541349, -35.96310853])
						array([0.02377155, 0.03436445, 0.03325757, 0.01316249, 0.04140239,
       0.04987201, 0.02074516, 0.01560351, 0.00555537, 0.03227893])

 26.3874261667			array([  7.09666953,   4.98203678,   3.69256506,   5.75398351,
         6.46813794, -96.48352754, -43.33427038,  97.24789267,
       -11.85584517, -35.97365709])
						array([0.02898969, 0.04190787, 0.04055801, 0.01605182, 0.05049072,
       0.06081952, 0.02529897, 0.01902868, 0.00677484, 0.03936455])

 26.4899722714			array([  7.10580932,   4.99723164,   3.71126249,   5.75304103,
         6.45549592, -96.48515052, -43.35543159,  97.25393162,
       -11.86692655, -35.93872825])
						array([0.03535329, 0.05110715, 0.04946099, 0.01957538, 0.06157405,
       0.07417015, 0.0308524 , 0.0232057 , 0.008262  , 0.04800555])

 26.1496914132			array([  7.13580065,   5.0189639 ,   3.6909268 ,   5.75680641,
         6.45009006, -96.46990272, -43.35518555,  97.25602551,
       -11.86258669, -35.93712325])
						array([0.01074763, 0.01553692, 0.01503647, 0.00595105, 0.01871892,
       0.02254822, 0.00937934, 0.00705469, 0.0025117 , 0.01459401])

 26.0562284335			array([  7.13571408,   5.01212428,   3.68606239,   5.75882641,
         6.45459062, -96.47735729, -43.34679935,  97.25087924,
       -11.8636862 , -35.93794704])
						array([0.0059259 , 0.00856656, 0.00829063, 0.00328122, 0.01032101,
       0.01243237, 0.00517147, 0.00388973, 0.00138487, 0.00804667])

 26.2068297845			array([  7.13168132,   5.01530351,   3.69375562,   5.76562224,
         6.45119819, -96.48217428, -43.3534742 ,  97.24787103,
       -11.86194652, -35.93350246])
						array([0.0059259 , 0.00856656, 0.00829063, 0.00328122, 0.01032101,
       0.01243237, 0.00517147, 0.00388973, 0.00138487, 0.00804667])

 26.2569933173			array([  7.13260028,   5.01750494,   3.69782108,   5.76370165,
         6.44507878, -96.46897705, -43.3627546 ,  97.24749008,
       -11.86036173, -35.91209439])
						array([0.00722671, 0.01044702, 0.01011052, 0.00400148, 0.0125866 ,
       0.01516142, 0.00630667, 0.00474357, 0.00168887, 0.00981301])

 26.202667443			array([  7.1258085 ,   5.01116983,   3.69495364,   5.76477964,
         6.45520994, -96.46589583, -43.3539506 ,  97.2412006 ,
       -11.86119036, -35.90078802])
						array([0.00881306, 0.01274027, 0.01232991, 0.00487986, 0.01534952,
       0.01848954, 0.00769106, 0.00578484, 0.0020596 , 0.01196709])

 26.0455566888			array([  7.12264675,   5.01228832,   3.67787411,   5.75658944,
         6.44353019, -96.45458309, -43.35968257,  97.23755516,
       -11.86172213, -35.90444673])
						array([0.01310687, 0.01894746, 0.01833716, 0.00725738, 0.02282795,
       0.02749783, 0.01143822, 0.00860328, 0.00306305, 0.01779757])

 26.3056313761			array([  7.11001203,   5.00889703,   3.69988638,   5.75015906,
         6.45004765, -96.48082424, -43.35576577,  97.23868421,
       -11.86339026, -35.92248693])
						array([0.01598399, 0.02310666, 0.02236239, 0.00885046, 0.02783897,
       0.03353394, 0.01394904, 0.0104918 , 0.00373543, 0.02170435])

 26.4591947932			array([  7.10959695,   4.96452659,   3.70196308,   5.73503064,
         6.5863482 , -96.46287751, -43.4741542 ,  97.31339478,
       -11.86710039, -35.98622071])
						array([0.09535874, 0.1378518 , 0.13341159, 0.05280087, 0.16608425,
       0.20005982, 0.08321847, 0.06259296, 0.02228516, 0.12948581])

 26.2102602408			array([  7.11083899,   4.98167733,   3.64401455,   5.72726041,
         6.51578529, -96.38646817, -43.44814816,  97.2888876 ,
       -11.86095925, -36.01511835])
						array([0.02377155, 0.03436445, 0.03325757, 0.01316249, 0.04140239,
       0.04987201, 0.02074516, 0.01560351, 0.00555537, 0.03227893])

 26.4757549247			array([  7.1011045 ,   5.02274691,   3.67633199,   5.71922296,
         6.56015269, -96.3294915 , -43.45119866,  97.29148745,
       -11.85869601, -36.01393842])
						array([0.02377155, 0.03436445, 0.03325757, 0.01316249, 0.04140239,
       0.04987201, 0.02074516, 0.01560351, 0.00555537, 0.03227893])

 26.4062191427			array([  7.0995893 ,   5.00866607,   3.67170201,   5.71476192,
         6.5537539 , -96.35896678, -43.47136535,  97.27625586,
       -11.86259187, -36.00128362])
						array([0.01310687, 0.01894746, 0.01833716, 0.00725738, 0.02282795,
       0.02749783, 0.01143822, 0.00860328, 0.00306305, 0.01779757])

 26.3155808609			array([  7.11884009,   4.97279925,   3.68236861,   5.70990578,
         6.54633992, -96.33514472, -43.47300489,  97.28081004,
       -11.86426481, -35.97362105])
						array([0.01598399, 0.02310666, 0.02236239, 0.00885046, 0.02783897,
       0.03353394, 0.01394904, 0.0104918 , 0.00373543, 0.02170435])

 26.364406562			array([  7.13727967,   4.97440657,   3.68108942,   5.70041773,
         6.53824978, -96.40175073, -43.49499505,  97.2749819 ,
       -11.86163955, -35.97336166])
						array([0.02377155, 0.03436445, 0.03325757, 0.01316249, 0.04140239,
       0.04987201, 0.02074516, 0.01560351, 0.00555537, 0.03227893])

 26.4581640985			array([  7.14431461,   4.9731415 ,   3.64078564,   5.70119493,
         6.53965658, -96.31781857, -43.4718798 ,  97.25503814,
       -11.85785736, -36.0164338 ])
						array([0.02898969, 0.04190787, 0.04055801, 0.01605182, 0.05049072,
       0.06081952, 0.02529897, 0.01902868, 0.00677484, 0.03936455])

 26.3930255635			array([  7.14349046,   4.97939982,   3.64706766,   5.69922416,
         6.52527805, -96.32647986, -43.46669082,  97.25351133,
       -11.86114801, -36.01910399])
						array([0.0059259 , 0.00856656, 0.00829063, 0.00328122, 0.01032101,
       0.01243237, 0.00517147, 0.00388973, 0.00138487, 0.00804667])

 26.4268940699			array([  7.14847709,   4.98278838,   3.6387025 ,   5.7017845 ,
         6.53360302, -96.32303747, -43.46880163,  97.2534197 ,
       -11.85908763, -36.02152163])
						array([0.00485924, 0.00702458, 0.00679832, 0.0026906 , 0.00846323,
       0.01019454, 0.0042406 , 0.00318958, 0.0011356 , 0.00659827])

 26.4844767427			array([  7.1544518 ,   4.97888893,   3.64177256,   5.69937204,
         6.53184499, -96.32637597, -43.47192737,  97.2520468 ,
       -11.85976974, -36.01614637])
						array([0.00326735, 0.00472333, 0.00457119, 0.00180916, 0.00569068,
       0.00685481, 0.00285138, 0.00214467, 0.00076357, 0.00443668])

 26.4855277927			array([  7.15511471,   4.97062408,   3.64697698,   5.70029991,
         6.53450327, -96.32388026, -43.46773998,  97.25154508,
       -11.85911189, -36.0155277 ])
						array([0.00398458, 0.00576015, 0.00557462, 0.00220629, 0.00693985,
       0.00835952, 0.00347729, 0.00261545, 0.00093119, 0.00541058])

 26.3827001803			array([  7.15786491,   4.97730582,   3.65905498,   5.70072128,
         6.53399553, -96.30949622, -43.46692465,  97.25632068,
       -11.86077966, -36.02408367])
						array([0.00485924, 0.00702458, 0.00679832, 0.0026906 , 0.00846323,
       0.01019454, 0.0042406 , 0.00318958, 0.0011356 , 0.00659827])

 26.3503337454			array([  7.16260409,   4.98094707,   3.65940216,   5.70388315,
         6.52961934, -96.30273169, -43.46546824,  97.25376754,
       -11.86297011, -36.0253766 ])
						array([0.0059259 , 0.00856656, 0.00829063, 0.00328122, 0.01032101,
       0.01243237, 0.00517147, 0.00388973, 0.00138487, 0.00804667])

 26.3213371254			array([  7.16285743,   4.97941403,   3.66255335,   5.70594817,
         6.53189507, -96.3158856 , -43.46541718,  97.25639508,
       -11.85993222, -36.02051493])
						array([0.00722671, 0.01044702, 0.01011052, 0.00400148, 0.0125866 ,
       0.01516142, 0.00630667, 0.00474357, 0.00168887, 0.00981301])

 26.3781130124			array([  7.16141357,   4.96948735,   3.65328233,   5.70826492,
         6.5237424 , -96.33237728, -43.47064062,  97.25731054,
       -11.85662685, -36.02916672])
						array([0.01074763, 0.01553692, 0.01503647, 0.00595105, 0.01871892,
       0.02254822, 0.00937934, 0.00705469, 0.0025117 , 0.01459401])

 26.1386349449			array([  7.15077935,   4.97418701,   3.65330954,   5.71867646,
         6.52755193, -96.29280123, -43.49445456,  97.25944177,
       -11.8548507 , -36.0173552 ])
						array([0.01310687, 0.01894746, 0.01833716, 0.00725738, 0.02282795,
       0.02749783, 0.01143822, 0.00860328, 0.00306305, 0.01779757])

 26.2304476398			array([  7.15703388,   4.97491222,   3.67922044,   5.7130744 ,
         6.5151182 , -96.27886444, -43.49002978,  97.26673207,
       -11.8590571 , -36.03925389])
						array([0.01598399, 0.02310666, 0.02236239, 0.00885046, 0.02783897,
       0.03353394, 0.01394904, 0.0104918 , 0.00373543, 0.02170435])

 26.0851640367			array([  7.14530783,   4.9841219 ,   3.67614473,   5.71522451,
         6.48141118, -96.32768859, -43.50105526,  97.25301123,
       -11.85063937, -36.04669286])
						array([0.02377155, 0.03436445, 0.03325757, 0.01316249, 0.04140239,
       0.04987201, 0.02074516, 0.01560351, 0.00555537, 0.03227893])

 26.4004784203			array([  7.14230966,   5.03710905,   3.66645144,   5.7182765 ,
         6.42669253, -96.33462833, -43.48519686,  97.2455626 ,
       -11.85157722, -36.09391177])
						array([0.02898969, 0.04190787, 0.04055801, 0.01605182, 0.05049072,
       0.06081952, 0.02529897, 0.01902868, 0.00677484, 0.03936455])

 26.4885887029			array([  7.13543001,   5.03945076,   3.63787775,   5.73397879,
         6.46343422, -96.30816656, -43.46984851,  97.23628673,
       -11.86607891, -36.08004054])
						array([0.02377155, 0.03436445, 0.03325757, 0.01316249, 0.04140239,
       0.04987201, 0.02074516, 0.01560351, 0.00555537, 0.03227893])

 26.2729402426			array([  7.15687156,   5.02743144,   3.64469824,   5.74009052,
         6.50125127, -96.33103687, -43.46687356,  97.2189291 ,
       -11.86717571, -36.09805799])
						array([0.01310687, 0.01894746, 0.01833716, 0.00725738, 0.02282795,
       0.02749783, 0.01143822, 0.00860328, 0.00306305, 0.01779757])

 25.9851425412			array([  7.156645  ,   4.99941096,   3.65657665,   5.73433849,
         6.52634917, -96.35639707, -43.46561751,  97.21021066,
       -11.86298569, -36.10102335])
						array([0.01310687, 0.01894746, 0.01833716, 0.00725738, 0.02282795,
       0.02749783, 0.01143822, 0.00860328, 0.00306305, 0.01779757])

 26.1582215012			array([  7.1570727 ,   4.99006973,   3.63368802,   5.75073019,
         6.50522074, -96.32672013, -43.44262574,  97.21802122,
       -11.86249295, -36.08914476])
						array([0.01598399, 0.02310666, 0.02236239, 0.00885046, 0.02783897,
       0.03353394, 0.01394904, 0.0104918 , 0.00373543, 0.02170435])

 26.0511452666			array([  7.15950921,   4.98116185,   3.64798037,   5.74736657,
         6.52765894, -96.36876947, -43.45770321,  97.22145567,
       -11.8632356 , -36.10532855])
						array([0.01949267, 0.02817885, 0.02727121, 0.01079324, 0.03394996,
       0.04089505, 0.01701103, 0.01279488, 0.0045554 , 0.02646872])

 25.9263114666			array([  7.14370379,   4.99785127,   3.65155531,   5.7482691 ,
         6.54774238, -96.33677228, -43.47004595,  97.22268758,
       -11.86832371, -36.12943802])
						array([0.01310687, 0.01894746, 0.01833716, 0.00725738, 0.02282795,
       0.02749783, 0.01143822, 0.00860328, 0.00306305, 0.01779757])

 26.4080741738			array([  7.12185413,   5.0258214 ,   3.63138582,   5.75564936,
         6.55852527, -96.36117683, -43.45545301,  97.22246382,
       -11.86230996, -36.10204911])
						array([0.01074763, 0.01553692, 0.01503647, 0.00595105, 0.01871892,
       0.02254822, 0.00937934, 0.00705469, 0.0025117 , 0.01459401])

 26.2536319841			array([  7.1405188 ,   5.03111534,   3.64826394,   5.7567929 ,
         6.54274054, -96.36324818, -43.45540873,  97.23440863,
       -11.86189335, -36.12283745])
						array([0.01074763, 0.01553692, 0.01503647, 0.00595105, 0.01871892,
       0.02254822, 0.00937934, 0.00705469, 0.0025117 , 0.01459401])

 26.3734273727			array([  7.15148752,   5.03388467,   3.64464369,   5.75984029,
         6.51766646, -96.33424718, -43.45781008,  97.22888219,
       -11.86295894, -36.12148756])
						array([0.01310687, 0.01894746, 0.01833716, 0.00725738, 0.02282795,
       0.02749783, 0.01143822, 0.00860328, 0.00306305, 0.01779757])

 26.1248257042			array([  7.14010917,   5.01798313,   3.65005688,   5.76464299,
         6.51953517, -96.34835577, -43.45406758,  97.22505193,
       -11.86532488, -36.13097356])
						array([0.01598399, 0.02310666, 0.02236239, 0.00885046, 0.02783897,
       0.03353394, 0.01394904, 0.0104918 , 0.00373543, 0.02170435])

 26.330203549			array([  7.13144104,   5.01867312,   3.62793339,   5.75572732,
         6.54129268, -96.40400894, -43.43397887,  97.22592922,
       -11.85832695, -36.13531354])
						array([0.01949267, 0.02817885, 0.02727121, 0.01079324, 0.03394996,
       0.04089505, 0.01701103, 0.01279488, 0.0045554 , 0.02646872])

 26.0945166339			array([  7.12951927,   4.96672706,   3.6506559 ,   5.75645752,
         6.55816051, -96.36104439, -43.42927707,  97.21909467,
       -11.8607407 , -36.0721731 ])
						array([0.02377155, 0.03436445, 0.03325757, 0.01316249, 0.04140239,
       0.04987201, 0.02074516, 0.01560351, 0.00555537, 0.03227893])

 26.3712724631			array([  7.11537188,   5.00601444,   3.63886428,   5.77760422,
         6.57504077, -96.3602087 , -43.43391715,  97.22432119,
       -11.8581413 , -36.07811752])
						array([0.01598399, 0.02310666, 0.02236239, 0.00885046, 0.02783897,
       0.03353394, 0.01394904, 0.0104918 , 0.00373543, 0.02170435])

 26.4940497549			array([  7.10930913,   5.00727451,   3.62771085,   5.76919113,
         6.55736488, -96.31449699, -43.4417356 ,  97.23092695,
       -11.86094047, -36.13262173])
						array([0.01310687, 0.01894746, 0.01833716, 0.00725738, 0.02282795,
       0.02749783, 0.01143822, 0.00860328, 0.00306305, 0.01779757])

 26.2721517092			array([  7.12339582,   5.02626909,   3.65740392,   5.76968533,
         6.55390883, -96.3108229 , -43.44735037,  97.22613822,
       -11.86390693, -36.11495454])
						array([0.01310687, 0.01894746, 0.01833716, 0.00725738, 0.02282795,
       0.02749783, 0.01143822, 0.00860328, 0.00306305, 0.01779757])

 26.1470030904			array([  7.13309178,   5.02694645,   3.65509287,   5.75377005,
         6.55771202, -96.35451006, -43.44446299,  97.19818444,
       -11.86525942, -36.10767666])
						array([0.01598399, 0.02310666, 0.02236239, 0.00885046, 0.02783897,
       0.03353394, 0.01394904, 0.0104918 , 0.00373543, 0.02170435])

 26.2811549034			array([  7.15325092,   5.03013105,   3.68845314,   5.74610147,
         6.52227889, -96.42381564, -43.45249029,  97.19393354,
       -11.86358019, -36.09859834])
						array([0.02377155, 0.03436445, 0.03325757, 0.01316249, 0.04140239,
       0.04987201, 0.02074516, 0.01560351, 0.00555537, 0.03227893])

 26.3084383539			array([  7.15331798,   4.96386395,   3.69291568,   5.72305522,
         6.5284424 , -96.41842526, -43.43332223,  97.21822631,
       -11.87240274, -36.03423164])
						array([0.04311376, 0.0623258 , 0.06031828, 0.02387242, 0.07509031,
       0.0904514 , 0.03762488, 0.02829964, 0.01007561, 0.05854335])

 26.4843707604			array([  7.12745973,   4.96808615,   3.71506391,   5.73814934,
         6.52270421, -96.42482589, -43.44250286,  97.22771038,
       -11.86059819, -36.03012398])
						array([0.02898969, 0.04190787, 0.04055801, 0.01605182, 0.05049072,
       0.06081952, 0.02529897, 0.01902868, 0.00677484, 0.03936455])

 26.3818847912			array([  7.13027461,   5.02814857,   3.70223456,   5.7482231 ,
         6.49252854, -96.45596021, -43.41332376,  97.25190551,
       -11.87365998, -35.98107899])
						array([0.02377155, 0.03436445, 0.03325757, 0.01316249, 0.04140239,
       0.04987201, 0.02074516, 0.01560351, 0.00555537, 0.03227893])

 26.4455729261			array([  7.13979345,   5.01328072,   3.71611159,   5.7375573 ,
         6.48819281, -96.44584981, -43.40329127,  97.24784005,
       -11.873521  , -35.98919756])
						array([0.01310687, 0.01894746, 0.01833716, 0.00725738, 0.02282795,
       0.02749783, 0.01143822, 0.00860328, 0.00306305, 0.01779757])

 26.3085864646			array([  7.1600525 ,   5.00708851,   3.70508838,   5.75448442,
         6.49439424, -96.43427362, -43.36550571,  97.25360422,
       -11.87859853, -36.03191996])
						array([0.01598399, 0.02310666, 0.02236239, 0.00885046, 0.02783897,
       0.03353394, 0.01394904, 0.0104918 , 0.00373543, 0.02170435])

 26.3460311855			array([  7.15325451,   4.9800206 ,   3.71121814,   5.75297562,
         6.51531245, -96.45677964, -43.335783  ,  97.26271739,
       -11.87588659, -35.99872513])
						array([0.01949267, 0.02817885, 0.02727121, 0.01079324, 0.03394996,
       0.04089505, 0.01701103, 0.01279488, 0.0045554 , 0.02646872])

 26.2728332868			array([  7.17055932,   4.96780688,   3.67722586,   5.76255377,
         6.56822859, -96.44558019, -43.3425186 ,  97.23851909,
       -11.87495002, -36.00846914])
						array([0.02377155, 0.03436445, 0.03325757, 0.01316249, 0.04140239,
       0.04987201, 0.02074516, 0.01560351, 0.00555537, 0.03227893])

 26.3652166563			array([  7.16409018,   4.95422684,   3.65961775,   5.76355009,
         6.58939097, -96.34955708, -43.31858229,  97.23871502,
       -11.86879255, -36.03392783])
						array([0.02898969, 0.04190787, 0.04055801, 0.01605182, 0.05049072,
       0.06081952, 0.02529897, 0.01902868, 0.00677484, 0.03936455])

 26.2308227405			array([  7.17687024,   4.9861779 ,   3.66725799,   5.76374985,
         6.2576417 , -96.30017209, -43.29372686,  97.18330469,
       -11.86982053, -35.87395581])
						array([0.06411922, 0.09269155, 0.08970595, 0.0355033 , 0.11167505,
       0.13452022, 0.0559561 , 0.0420875 , 0.01498454, 0.08706626])

 26.2770792588			array([  7.16718177,   4.96909393,   3.64755563,   5.76342527,
         6.11563833, -96.23971056, -43.29838153,  97.16430213,
       -11.87111755, -35.86054485])
						array([0.02377155, 0.03436445, 0.03325757, 0.01316249, 0.04140239,
       0.04987201, 0.02074516, 0.01560351, 0.00555537, 0.03227893])

 26.1487140418			array([  7.14843544,   4.97104581,   3.65671316,   5.77259857,
         6.08839103, -96.25085122, -43.31448763,  97.16131675,
       -11.87083796, -35.8664588 ])
						array([0.01598399, 0.02310666, 0.02236239, 0.00885046, 0.02783897,
       0.03353394, 0.01394904, 0.0104918 , 0.00373543, 0.02170435])

 26.2854951672			array([  7.17006821,   4.9947645 ,   3.64982457,   5.77418008,
         6.07400076, -96.25349677, -43.3155031 ,  97.15425162,
       -11.86388238, -35.88199409])
						array([0.01949267, 0.02817885, 0.02727121, 0.01079324, 0.03394996,
       0.04089505, 0.01701103, 0.01279488, 0.0045554 , 0.02646872])

 26.2865303835			array([  7.15626016,   4.96031098,   3.6797017 ,   5.76933825,
         6.09284943, -96.15417297, -43.29628027,  97.133574  ,
       -11.8653122 , -35.94244921])
						array([0.03535329, 0.05110715, 0.04946099, 0.01957538, 0.06157405,
       0.07417015, 0.0308524 , 0.0232057 , 0.008262  , 0.04800555])

 26.2068888191			array([  7.14590092,   4.96171013,   3.68018067,   5.76784275,
         6.05120204, -96.12096442, -43.27785463,  97.12580459,
       -11.86486234, -35.94620815])
						array([0.01074763, 0.01553692, 0.01503647, 0.00595105, 0.01871892,
       0.02254822, 0.00937934, 0.00705469, 0.0025117 , 0.01459401])

 26.3819648669			array([  7.13032197,   4.94990418,   3.67621343,   5.76981012,
         6.04980956, -96.14852247, -43.27743602,  97.12488551,
       -11.86309949, -35.94356238])
						array([0.01074763, 0.01553692, 0.01503647, 0.00595105, 0.01871892,
       0.02254822, 0.00937934, 0.00705469, 0.0025117 , 0.01459401])

 25.9485079558			array([  7.12931062,   4.98673028,   3.68178886,   5.75242099,
         6.02940866, -96.15792205, -43.28888686,  97.12782415,
       -11.86239807, -35.94250078])
						array([0.01310687, 0.01894746, 0.01833716, 0.00725738, 0.02282795,
       0.02749783, 0.01143822, 0.00860328, 0.00306305, 0.01779757])

 26.1538016236			array([  7.12856255,   4.99262245,   3.70122303,   5.75735258,
         6.02950226, -96.11820801, -43.27828817,  97.13081287,
       -11.86141663, -35.93446669])
						array([0.01598399, 0.02310666, 0.02236239, 0.00885046, 0.02783897,
       0.03353394, 0.01394904, 0.0104918 , 0.00373543, 0.02170435])

 25.9556259072			array([  7.13752161,   5.01303208,   3.67048714,   5.74832643,
         6.04733065, -96.15230772, -43.29231917,  97.12860748,
       -11.86134551, -35.94638753])
						array([0.01949267, 0.02817885, 0.02727121, 0.01079324, 0.03394996,
       0.04089505, 0.01701103, 0.01279488, 0.0045554 , 0.02646872])

 26.1099236609			array([  7.14298912,   4.96015485,   3.67103149,   5.75620985,
         6.02763563, -96.20253723, -43.30326513,  97.11925667,
       -11.85728057, -35.95242861])
						array([0.02377155, 0.03436445, 0.03325757, 0.01316249, 0.04140239,
       0.04987201, 0.02074516, 0.01560351, 0.00555537, 0.03227893])

 26.4997903963			array([  7.19226787,   4.9755779 ,   3.66977097,   5.73691754,
         6.07021504, -96.33177994, -43.35112314,  97.14815265,
       -11.85698119, -35.94000521])
						array([0.05257776, 0.07600707, 0.07355888, 0.02911271, 0.09157354,
       0.11030658, 0.045884  , 0.03451175, 0.01228733, 0.07139433])

 25.9853203821			array([  7.14426626,   5.00352468,   3.68761183,   5.74475836,
         6.12222519, -96.26641214, -43.32037404,  97.15945956,
       -11.86547821, -35.93251   ])
						array([0.02377155, 0.03436445, 0.03325757, 0.01316249, 0.04140239,
       0.04987201, 0.02074516, 0.01560351, 0.00555537, 0.03227893])

 25.9737137745			array([  7.14713096,   4.98884853,   3.6876888 ,   5.74584738,
         6.14557806, -96.29671435, -43.30709987,  97.15950633,
       -11.86666647, -35.99123727])
						array([0.01949267, 0.02817885, 0.02727121, 0.01079324, 0.03394996,
       0.04089505, 0.01701103, 0.01279488, 0.0045554 , 0.02646872])

 25.9556961602			array([  7.14283554,   4.98171479,   3.68353493,   5.74914122,
         6.14231977, -96.29212448, -43.3093395 ,  97.15967002,
       -11.8640925 , -35.99518331])
						array([0.01074763, 0.01553692, 0.01503647, 0.00595105, 0.01871892,
       0.02254822, 0.00937934, 0.00705469, 0.0025117 , 0.01459401])

 25.9362307597			array([  7.15219891,   4.99700633,   3.67786477,   5.74876081,
         6.09947446, -96.28146336, -43.30531218,  97.17114203,
       -11.86368431, -35.99857564])
						array([0.01310687, 0.01894746, 0.01833716, 0.00725738, 0.02282795,
       0.02749783, 0.01143822, 0.00860328, 0.00306305, 0.01779757])

 25.9110860221			array([  7.13589975,   4.98098086,   3.67490489,   5.74610559,
         6.08587856, -96.33214101, -43.31217706,  97.17666032,
       -11.86845719, -35.95813556])
						array([0.02377155, 0.03436445, 0.03325757, 0.01316249, 0.04140239,
       0.04987201, 0.02074516, 0.01560351, 0.00555537, 0.03227893])

 25.9401460396			array([  7.14646869,   4.98210584,   3.67857328,   5.7518896 ,
         6.07439096, -96.3556383 , -43.33354942,  97.1869227 ,
       -11.86833419, -35.93643587])
						array([0.01310687, 0.01894746, 0.01833716, 0.00725738, 0.02282795,
       0.02749783, 0.01143822, 0.00860328, 0.00306305, 0.01779757])

 25.9454435846			array([  7.14067237,   4.97635177,   3.67695731,   5.74824779,
         6.07724541, -96.35999959, -43.33248713,  97.19008431,
       -11.86920105, -35.93630913])
						array([0.00485924, 0.00702458, 0.00679832, 0.0026906 , 0.00846323,
       0.01019454, 0.0042406 , 0.00318958, 0.0011356 , 0.00659827])

 25.9405755286			array([  7.14360356,   4.97734716,   3.67673364,   5.74499189,
         6.08814983, -96.35588278, -43.33008137,  97.18597377,
       -11.87162149, -35.93500945])
						array([0.00485924, 0.00702458, 0.00679832, 0.0026906 , 0.00846323,
       0.01019454, 0.0042406 , 0.00318958, 0.0011356 , 0.00659827])

 25.949071659			array([  7.14581832,   4.975658  ,   3.67456544,   5.74572174,
         6.10628597, -96.36155264, -43.33041272,  97.17978609,
       -11.87088206, -35.93290249])
						array([0.0059259 , 0.00856656, 0.00829063, 0.00328122, 0.01032101,
       0.01243237, 0.00517147, 0.00388973, 0.00138487, 0.00804667])

 25.9128038518			array([  7.14392968,   4.9796484 ,   3.66599563,   5.75001871,
         6.11045591, -96.33757568, -43.3396009 ,  97.17936224,
       -11.87186738, -35.93243069])
						array([0.00722671, 0.01044702, 0.01011052, 0.00400148, 0.0125866 ,
       0.01516142, 0.00630667, 0.00474357, 0.00168887, 0.00981301])

 25.9036993584			array([  7.12815608,   4.9969385 ,   3.67204855,   5.74971907,
         6.12165401, -96.25487304, -43.34717491,  97.18369924,
       -11.86861391, -35.9262995 ])
						array([0.01949267, 0.02817885, 0.02727121, 0.01079324, 0.03394996,
       0.04089505, 0.01701103, 0.01279488, 0.0045554 , 0.02646872])

 25.9179544214			array([  7.12494226,   4.99583304,   3.67385797,   5.74549131,
         6.11339525, -96.2775369 , -43.34182638,  97.18615642,
       -11.86767351, -35.92941307])
						array([0.0059259 , 0.00856656, 0.00829063, 0.00328122, 0.01032101,
       0.01243237, 0.00517147, 0.00388973, 0.00138487, 0.00804667])

 25.9246846807			array([  7.12645822,   4.99579065,   3.67774042,   5.74678111,
         6.11857632, -96.27745283, -43.34310574,  97.18656168,
       -11.86739644, -35.9237474 ])
						array([0.00180151, 0.00260429, 0.00252041, 0.00099751, 0.00313766,
       0.00377952, 0.00157216, 0.0011825 , 0.00042101, 0.00244624])

 25.9163537231			array([  7.12700916,   4.99487244,   3.6766394 ,   5.74643917,
         6.11379354, -96.2737873 , -43.3416319 ,  97.18631631,
       -11.86681407, -35.92623082])
						array([0.00147724, 0.00213552, 0.00206673, 0.00081796, 0.00257288,
       0.00309921, 0.00128917, 0.00096965, 0.00034523, 0.00200592])

 25.9215535127			array([  7.12733228,   4.99667488,   3.67777741,   5.74526529,
         6.11255207, -96.2747915 , -43.34049454,  97.18607342,
       -11.86708729, -35.92752279])
						array([0.00180151, 0.00260429, 0.00252041, 0.00099751, 0.00313766,
       0.00377952, 0.00157216, 0.0011825 , 0.00042101, 0.00244624])

 25.9212913184			array([  7.12870805,   4.99568663,   3.67921292,   5.74604724,
         6.10924885, -96.27296834, -43.3390869 ,  97.18542258,
       -11.86721172, -35.92892256])
						array([0.00219697, 0.00317596, 0.00307367, 0.00121648, 0.00382641,
       0.00460917, 0.00191727, 0.00144208, 0.00051343, 0.00298322])

 25.9327403292			array([  7.12363411,   4.99885711,   3.6743917 ,   5.74630049,
         6.10769807, -96.26716586, -43.34012728,  97.18366333,
       -11.86752279, -35.92475576])
						array([0.00267923, 0.00387313, 0.00374837, 0.00148351, 0.00466636,
       0.00562094, 0.00233813, 0.00175863, 0.00062613, 0.00363807])

 25.9454680502			array([  7.12432879,   5.0007549 ,   3.6775341 ,   5.74470467,
         6.11425568, -96.25795744, -43.34111517,  97.18174828,
       -11.86690505, -35.9194226 ])
						array([0.00326735, 0.00472333, 0.00457119, 0.00180916, 0.00569068,
       0.00685481, 0.00285138, 0.00214467, 0.00076357, 0.00443668])

 25.9033805497			array([  7.12678307,   4.99828874,   3.66859078,   5.74536826,
         6.11470797, -96.25859238, -43.34282111,  97.18275509,
       -11.86655811, -35.91880423])
						array([0.00398458, 0.00576015, 0.00557462, 0.00220629, 0.00693985,
       0.00835952, 0.00347729, 0.00261545, 0.00093119, 0.00541058])

 25.9374515651			array([  7.12464271,   5.0017925 ,   3.67351289,   5.74993618,
         6.10911826, -96.25710235, -43.34137478,  97.18594492,
       -11.86666607, -35.92249694])
						array([0.00485924, 0.00702458, 0.00679832, 0.0026906 , 0.00846323,
       0.01019454, 0.0042406 , 0.00318958, 0.0011356 , 0.00659827])

 25.920113144			array([  7.12504514,   5.00108677,   3.66876262,   5.74444883,
         6.10704092, -96.24357973, -43.34242379,  97.1893334 ,
       -11.86437553, -35.92050069])
						array([0.00881306, 0.01274027, 0.01232991, 0.00487986, 0.01534952,
       0.01848954, 0.00769106, 0.00578484, 0.0020596 , 0.01196709])

 25.8935862048			array([  7.12996137,   4.9981491 ,   3.66235159,   5.74373705,
         6.07443338, -96.23504397, -43.32153539,  97.18279532,
       -11.8592274 , -35.93470994])
						array([0.01074763, 0.01553692, 0.01503647, 0.00595105, 0.01871892,
       0.02254822, 0.00937934, 0.00705469, 0.0025117 , 0.01459401])

 25.8716001246			array([  7.1403401 ,   4.99598938,   3.66715124,   5.74529482,
         6.08077114, -96.23979147, -43.32348047,  97.18573563,
       -11.85998695, -35.93207359])
						array([0.00398458, 0.00576015, 0.00557462, 0.00220629, 0.00693985,
       0.00835952, 0.00347729, 0.00261545, 0.00093119, 0.00541058])

 25.8695853277			array([  7.13802717,   4.9938832 ,   3.66524419,   5.74479205,
         6.08885682, -96.24712463, -43.31979112,  97.18642457,
       -11.85910958, -35.92820678])
						array([0.00398458, 0.00576015, 0.00557462, 0.00220629, 0.00693985,
       0.00835952, 0.00347729, 0.00261545, 0.00093119, 0.00541058])

 25.8736767855			array([  7.14018702,   4.99696338,   3.66716742,   5.74330891,
         6.10130537, -96.25934758, -43.32056207,  97.18716234,
       -11.85845567, -35.93207171])
						array([0.00485924, 0.00702458, 0.00679832, 0.0026906 , 0.00846323,
       0.01019454, 0.0042406 , 0.00318958, 0.0011356 , 0.00659827])

 25.8702016462			array([  7.14016575,   4.993647  ,   3.66713568,   5.74334185,
         6.12146496, -96.27387167, -43.31289088,  97.18262514,
       -11.85820409, -35.93244007])
						array([0.00485924, 0.00702458, 0.00679832, 0.0026906 , 0.00846323,
       0.01019454, 0.0042406 , 0.00318958, 0.0011356 , 0.00659827])

 25.8741291356			array([  7.14303936,   4.99232543,   3.66908545,   5.74408893,
         6.11793789, -96.2736932 , -43.31661175,  97.18140018,
       -11.85768876, -35.93171468])
						array([0.00267923, 0.00387313, 0.00374837, 0.00148351, 0.00466636,
       0.00562094, 0.00233813, 0.00175863, 0.00062613, 0.00363807])

 25.8739470945			array([  7.14276859,   4.99063415,   3.66858528,   5.74436495,
         6.11863553, -96.26992587, -43.31594109,  97.18166345,
       -11.85739604, -35.93001565])
						array([0.00121134, 0.00175113, 0.00169472, 0.00067073, 0.00210976,
       0.00254135, 0.00105712, 0.00079512, 0.00028309, 0.00164485])

 25.8736798066			array([  7.14259707,   4.98995222,   3.66732336,   5.74435261,
         6.11580227, -96.27234146, -43.31635448,  97.18178388,
       -11.85743629, -35.9308962 ])
						array([0.00147724, 0.00213552, 0.00206673, 0.00081796, 0.00257288,
       0.00309921, 0.00128917, 0.00096965, 0.00034523, 0.00200592])

 25.870476555			array([  7.14020555,   4.99386125,   3.66492339,   5.74643436,
         6.11079657, -96.26280922, -43.31604541,  97.18404106,
       -11.85775715, -35.93498251])
						array([0.00326735, 0.00472333, 0.00457119, 0.00180916, 0.00569068,
       0.00685481, 0.00285138, 0.00214467, 0.00076357, 0.00443668])

 25.874615733			array([  7.14278391,   4.993095  ,   3.66534066,   5.74838587,
         6.10790041, -96.25249082, -43.31267743,  97.18574413,
       -11.85636102, -35.93801354])
						array([0.00398458, 0.00576015, 0.00557462, 0.00220629, 0.00693985,
       0.00835952, 0.00347729, 0.00261545, 0.00093119, 0.00541058])

 25.8722449617			array([  7.13944897,   4.99347508,   3.66390889,   5.74812814,
         6.11774936, -96.2551363 , -43.31454481,  97.18624079,
       -11.85608167, -35.94454036])
						array([0.00326735, 0.00472333, 0.00457119, 0.00180916, 0.00569068,
       0.00685481, 0.00285138, 0.00214467, 0.00076357, 0.00443668])

 25.8739182087			array([  7.13840929,   4.99611932,   3.66399861,   5.74785471,
         6.12580277, -96.26088454, -43.31281826,  97.1870184 ,
       -11.85586667, -35.94281886])
						array([0.00398458, 0.00576015, 0.00557462, 0.00220629, 0.00693985,
       0.00835952, 0.00347729, 0.00261545, 0.00093119, 0.00541058])

 25.8726570769			array([  7.13703046,   4.99614871,   3.66448753,   5.74576808,
         6.12309447, -96.25492718, -43.31328589,  97.18774271,
       -11.85644075, -35.94376393])
						array([0.00180151, 0.00260429, 0.00252041, 0.00099751, 0.00313766,
       0.00377952, 0.00157216, 0.0011825 , 0.00042101, 0.00244624])

 25.8713772281			array([  7.13849869,   4.9959448 ,   3.66815761,   5.74478563,
         6.12556773, -96.25018131, -43.31255163,  97.18769333,
       -11.8571651 , -35.94060684])
						array([0.00180151, 0.00260429, 0.00252041, 0.00099751, 0.00313766,
       0.00377952, 0.00157216, 0.0011825 , 0.00042101, 0.00244624])

 25.87449305			array([  7.13755281,   4.99790797,   3.6660095 ,   5.7452815 ,
         6.12438034, -96.25409889, -43.31381199,  97.18770736,
       -11.85742133, -35.93929077])
						array([0.00219697, 0.00317596, 0.00307367, 0.00121648, 0.00382641,
       0.00460917, 0.00191727, 0.00144208, 0.00051343, 0.00298322])

 25.8697079052			array([  7.13915661,   4.99425454,   3.66798643,   5.74494018,
         6.12339166, -96.2531231 , -43.31767797,  97.18940143,
       -11.85731674, -35.93631934])
						array([0.00267923, 0.00387313, 0.00374837, 0.00148351, 0.00466636,
       0.00562094, 0.00233813, 0.00175863, 0.00062613, 0.00363807])

 25.8701227122			array([  7.13985926,   4.99153674,   3.6647724 ,   5.74559635,
         6.12396149, -96.25057751, -43.3180044 ,  97.19260491,
       -11.85679657, -35.93587623])
						array([0.00326735, 0.00472333, 0.00457119, 0.00180916, 0.00569068,
       0.00685481, 0.00285138, 0.00214467, 0.00076357, 0.00443668])

 25.8721538523			array([  7.14000674,   4.99017862,   3.66398283,   5.74403326,
         6.12022348, -96.24667339, -43.32727177,  97.19197357,
       -11.85583785, -35.93426737])
						array([0.00485924, 0.00702458, 0.00679832, 0.0026906 , 0.00846323,
       0.01019454, 0.0042406 , 0.00318958, 0.0011356 , 0.00659827])

 25.8712976313			array([  7.13612984,   4.99177433,   3.66429156,   5.74523808,
         6.11786404, -96.25112173, -43.32857642,  97.19060553,
       -11.85560393, -35.93288278])
						array([0.00147724, 0.00213552, 0.00206673, 0.00081796, 0.00257288,
       0.00309921, 0.00128917, 0.00096965, 0.00034523, 0.00200592])

------------------------------------ 


------------------------------------ 
TOTAL GENERATIONS: 1000
------------------------------------ 
