------------------------------------ 
PARAMETERS used: 
 - DNA SIZE: '10'
 - c: '0.82'
 - s: '15'
 - num rotors in robot: '4'
 - num total generations: '1000'
------------------------------------ 


------------------------------------ 
Fitness_value		Individual
------------------------------------ 
 67947.2493249			array([  59.55172827, -139.88425053,  112.92279014, -177.77991393,
       -114.79617142,   22.67366   , -174.86817934, -127.76283136,
       -173.49372487, -102.77212759])
						array([5.34131729, 8.98092006, 8.36461423, 8.20618214, 7.89603696,
       6.38374509, 4.79772676, 0.05439498, 1.10243997, 9.87035269])

 67540.7223775			array([  60.58414417, -139.79694422,  106.8998975 , -180.        ,
       -113.63321327,   19.34979619, -180.        , -127.68095849,
       -172.72940032,  -94.36081294])
						array([3.59150174, 6.03877065, 5.62436661, 5.51783687, 5.30929525,
       4.2924302 , 3.22599148, 0.03657518, 0.74128063, 6.63682515])

 64743.5453438			array([  62.69900399, -133.58069399,  109.68150626, -174.89038908,
       -112.44439465,   26.27800939, -180.        , -127.73627275,
       -170.5580166 , -104.64373975])
						array([3.59150174, 6.03877065, 5.62436661, 5.51783687, 5.30929525,
       4.2924302 , 3.22599148, 0.03657518, 0.74128063, 6.63682515])

 61644.4160188			array([  62.29655805, -133.37256552,  103.87616995, -169.72787677,
       -116.44153296,   15.88558924, -180.        , -127.68235587,
       -170.56413883, -112.2666086 ])
						array([4.37988017, 7.36435445, 6.85898366, 6.72906936, 6.47475031,
       5.23467097, 3.93413595, 0.04460388, 0.90400077, 8.09368921])

 59259.0329455			array([  55.89307352, -141.88175549,  124.15230093, -142.28203148,
       -130.96811074,   24.44050062, -180.        , -127.67282514,
       -169.2648906 ,  -64.57914976])
						array([14.4071844 , 24.22431854, 22.56195113, 22.13461081, 21.29805336,
       17.21893453, 12.94095267,  0.14672008,  2.9736215 , 26.62339339])

 56944.3275312			array([  40.66031773, -154.0894848 ,  120.90040303, -127.11809286,
       -115.09746207,    9.53527697, -180.        , -127.80705909,
       -165.69641738,  -95.71331439])
						array([17.56973707, 29.54185188, 27.51457455, 26.99342782, 25.9732358 ,
       20.99870065, 15.7816496 ,  0.17892693,  3.62636768, 32.46755291])

 54524.3132779			array([  36.06428866, -142.63336821,  107.20661629, -143.16222688,
       -102.48979443,    4.40008687, -180.        , -127.68842261,
       -164.25316931, -103.79209012])
						array([21.42650862, 36.02664864, 33.55435921, 32.91881442, 31.6746778 ,
       25.60817153, 19.24591415,  0.21820357,  4.42239961, 39.59457672])

 46357.507276			array([  55.91025033, -115.72149864,  132.84733067, -111.05571099,
        -66.11940441,   26.98429303, -180.        , -127.74254331,
       -160.46864599,  -98.73817899])
						array([26.12988857, 43.93493736, 40.91995026, 40.14489563, 38.62765586,
       31.22947747, 23.47062701,  0.26610192,  5.39317025, 48.28606917])

 39595.5567107			array([ -18.809795  , -165.34122946,   65.06343376,  -73.03158686,
       -180.        ,   39.21728109, -180.        , -127.64825638,
       -170.64417287, -144.79016324])
						array([ 70.48038954, 118.50611194, 110.37375941, 108.28319741,
       104.19073258,  84.23555775,  63.3075388 ,   0.71775916,
        14.54704788, 130.24245992])

 15287.2532432			array([  26.68199426,  -49.35879983,  110.96628565,  -17.56529969,
       -180.        ,  -79.26236064, -180.        , -127.34725254,
       -180.        , -159.86843479])
						array([ 85.95169456, 144.51964871, 134.60214562, 132.05267977,
       127.061869  , 102.72628994,  77.20431561,   0.87531604,
        17.7403023 , 158.8322682 ])

 6148.59824233			array([  56.24526589,   57.18505906,   13.0510694 ,  -33.8252157 ,
       -180.        , -111.5179839 , -180.        , -127.11202256,
       -176.14918946, -135.35835514])
						array([31.86571776, 53.5791919 , 49.90237836, 48.95718979, 47.10689739,
       38.08472862, 28.62271586,  0.32451453,  6.57703689, 58.88545021])

 3350.29505747			array([  51.59636638,  -16.84173513,   22.23477283,  -24.69974718,
       -159.39150608, -123.58570485, -180.        , -127.41690417,
       -180.        ,  -74.27606574])
						array([26.12988857, 43.93493736, 40.91995026, 40.14489563, 38.62765586,
       31.22947747, 23.47062701,  0.26610192,  5.39317025, 48.28606917])

 2717.5286843			array([  42.50616432,  -27.30528291,   20.32360503,  -13.42873048,
       -166.14019878, -128.7184264 , -180.        , -127.4853561 ,
       -180.        , -110.49965927])
						array([ 7.94366045, 13.35651407, 12.43993787, 12.2043161 , 11.74306508,
        9.4939695 ,  7.13522719,  0.08089676,  1.63955974, 14.67928716])

 2471.68867468			array([  31.89715711,  -21.44907226,   25.78464044,  -25.01945349,
       -169.58433074, -132.40900626, -167.85868211, -127.53008065,
       -175.9230532 , -103.29430411])
						array([ 9.68739079, 16.28843179, 15.17065594, 14.88331231, 14.32081108,
       11.57801158,  8.70149658,  0.09865458,  1.99946309, 17.90156971])

 1508.74160671			array([  41.04471365,   18.52057471,    9.23320275,  -16.00783611,
       -180.        , -161.53667249, -160.18915988, -127.20857847,
       -177.64265435, -121.15991845])
						array([17.56973707, 29.54185188, 27.51457455, 26.99342782, 25.9732358 ,
       20.99870065, 15.7816496 ,  0.17892693,  3.62636768, 32.46755291])

 1438.75882687			array([  21.87318836,   34.99066104,   14.71164703,  -15.90070277,
       -158.52715605, -141.41134731, -157.00909177, -127.19892714,
       -177.94372101, -116.69631718])
						array([11.81389121, 19.8639412 , 18.50079993, 18.15038087, 17.46440375,
       14.11952632, 10.61158119,  0.12031047,  2.43836963, 21.83118258])

 812.236826102			array([  22.88242878,   20.9114438 ,   18.88416048,  -10.75170175,
       -177.3424709 , -131.00410141, -151.42339988, -127.17977803,
       -177.46380648, -131.34738937])
						array([5.34131729, 8.98092006, 8.36461423, 8.20618214, 7.89603696,
       6.38374509, 4.79772676, 0.05439498, 1.10243997, 9.87035269])

 758.814588004			array([  21.10261998,   26.26617426,   15.31988624,   -6.19342336,
       -180.        , -124.14183099, -149.14131524, -127.18448489,
       -177.96898236, -138.89590388])
						array([3.59150174, 6.03877065, 5.62436661, 5.51783687, 5.30929525,
       4.2924302 , 3.22599148, 0.03657518, 0.74128063, 6.63682515])

 726.969381065			array([  22.8041961 ,   27.18069792,    6.68829259,   -7.37340171,
       -180.        , -127.44590706, -146.41068789, -127.1507338 ,
       -177.58914047, -147.23175131])
						array([4.37988017, 7.36435445, 6.85898366, 6.72906936, 6.47475031,
       5.23467097, 3.93413595, 0.04460388, 0.90400077, 8.09368921])

 486.159699537			array([  16.00122128,   23.47216961,   -2.60598009,   -6.41078952,
       -180.        , -132.73656245, -145.75752864, -127.17527164,
       -177.35158129, -151.24040037])
						array([5.34131729, 8.98092006, 8.36461423, 8.20618214, 7.89603696,
       6.38374509, 4.79772676, 0.05439498, 1.10243997, 9.87035269])

 319.106158341			array([  15.11264923,   19.22131974,   -4.49410836,   -3.50152897,
       -180.        , -130.0531944 , -148.21645378, -127.11810754,
       -177.30947348, -154.25580937])
						array([2.41492577, 4.06046938, 3.78182411, 3.71019351, 3.56997013,
       2.88623007, 2.16915667, 0.02459315, 0.4984371 , 4.46260123])

 288.497205816			array([  12.87021165,   16.1215759 ,   -2.07685008,   -9.24761554,
       -180.        , -129.47953093, -149.46240202, -127.14489223,
       -177.45243411, -153.50395949])
						array([1.62379609, 2.73025961, 2.54289853, 2.49473412, 2.40044791,
       1.9407011 , 1.45854094, 0.01653644, 0.3351491 , 3.00065307])

 277.078975904			array([  12.58687318,   17.008886  ,   -4.34497283,   -6.09158243,
       -180.        , -130.60728605, -150.8965539 , -127.14441074,
       -177.11087156, -153.37317618])
						array([1.09184049, 1.83582656, 1.70984497, 1.67745922, 1.61406118,
       1.30492742, 0.98072293, 0.0111191 , 0.22535426, 2.01763912])

 275.603965374			array([  11.39981291,   15.13876801,   -5.89509064,   -6.1783829 ,
       -179.14244965, -131.7125865 , -151.44404965, -127.15019789,
       -177.43678652, -152.02452718])
						array([1.33151279, 2.23881288, 2.08517679, 2.04568198, 1.96836729,
       1.5913749 , 1.19600357, 0.01355988, 0.27482227, 2.46053551])

 190.556242173			array([  12.45907412,   10.66293882,   -3.13763166,   -7.20527574,
       -175.86747634, -132.29141371, -154.00763366, -127.1338928 ,
       -177.28409852, -149.35923843])
						array([1.98023913, 3.32958489, 3.10109577, 3.04235868, 2.92737551,
       2.36670865, 1.77870847, 0.02016639, 0.40871842, 3.65933301])

 163.430654393			array([  13.91188844,    8.645289  ,   -5.46690715,   -1.77843414,
       -174.77005686, -135.93234811, -152.5900395 , -127.16978194,
       -177.27952196, -154.15043804])
						array([2.41492577, 4.06046938, 3.78182411, 3.71019351, 3.56997013,
       2.88623007, 2.16915667, 0.02459315, 0.4984371 , 4.46260123])

 128.474095055			array([  13.03981083,    4.77800104,   -2.73091545,   -5.29952945,
       -174.75216605, -141.29103262, -151.14770811, -127.14016816,
       -176.8162218 , -160.74702602])
						array([2.94503143, 4.95179193, 4.61198062, 4.52462624, 4.35362211,
       3.51979276, 2.64531301, 0.02999165, 0.60785012, 5.44219662])

 111.361338475			array([  15.49497429,    7.55787233,    3.35486113,   -2.5147043 ,
       -170.2986524 , -136.21272285, -154.80674447, -127.16185204,
       -175.96679887, -157.46272106])
						array([5.34131729, 8.98092006, 8.36461423, 8.20618214, 7.89603696,
       6.38374509, 4.79772676, 0.05439498, 1.10243997, 9.87035269])

 101.993202228			array([ 1.51663718e+01,  8.04669162e+00, -2.94671536e-02, -4.41980542e+00,
       -1.69374198e+02, -1.33753975e+02, -1.54420495e+02, -1.27155401e+02,
       -1.75731652e+02, -1.56137296e+02])
						array([1.98023913, 3.32958489, 3.10109577, 3.04235868, 2.92737551,
       2.36670865, 1.77870847, 0.02016639, 0.40871842, 3.65933301])

 95.1154772165			array([  15.34222318,    7.14871618,   -1.16801112,   -3.26476875,
       -170.61331967, -133.98343202, -153.92617671, -127.15745065,
       -175.80190514, -157.39225582])
						array([0.40478877, 0.68061405, 0.63390766, 0.62190097, 0.59839679,
       0.48378859, 0.36359307, 0.00412229, 0.0835478 , 0.74801921])

 85.1930133048			array([  15.0159157 ,    6.82132241,   -1.16773134,   -3.17745241,
       -170.52106169, -133.99796855, -154.23881672, -127.15877621,
       -175.7983934 , -157.38508273])
						array([0.18301381, 0.30772042, 0.28660345, 0.28117496, 0.27054821,
       0.21873135, 0.16438834, 0.00186378, 0.03777378, 0.33819576])

 83.3469291523			array([  15.08519687,    6.98838601,   -1.08827862,   -3.17207097,
       -170.5359937 , -134.01101157, -154.23510486, -127.15831402,
       -175.81437739, -157.76873313])
						array([0.06785051, 0.11408422, 0.10625532, 0.10424276, 0.100303  ,
       0.08109243, 0.06094531, 0.00069098, 0.01400425, 0.12538264])

 79.2493158323			array([  15.13201414,    6.96503475,   -1.17046645,   -3.19753072,
       -170.51254726, -134.04910641, -154.23434479, -127.15836303,
       -175.82272042, -157.72095447])
						array([0.0374106 , 0.06290239, 0.05858578, 0.05747612, 0.05530386,
       0.04471177, 0.03360329, 0.00038098, 0.00772149, 0.06913198])

 77.8074573966			array([  15.10245294,    7.02279761,   -1.25611562,   -3.12387827,
       -170.49627119, -134.08397815, -154.23077899, -127.15857097,
       -175.82664725, -157.65893265])
						array([0.04562268, 0.07671023, 0.07144607, 0.07009283, 0.06744374,
       0.05452655, 0.04097962, 0.00046461, 0.00941645, 0.08430729])

 75.926948788			array([  15.07322487,    7.00251729,   -1.2845067 ,   -3.20445412,
       -170.4504903 , -134.05761162, -154.26667517, -127.15873316,
       -175.83827975, -157.64334796])
						array([0.05563742, 0.09354906, 0.08712936, 0.08547906, 0.08224846,
       0.06649579, 0.04997515, 0.0005666 , 0.01148348, 0.10281377])

 75.7453226195			array([  15.08105434,    6.98558044,   -1.2932683 ,   -3.22122886,
       -170.38800603, -134.09120596, -154.21818418, -127.15963919,
       -175.82903457, -157.58995303])
						array([0.02515489, 0.04229557, 0.03939308, 0.03864694, 0.03718632,
       0.03006419, 0.02259485, 0.00025617, 0.00519193, 0.04648434])

 76.120063729			array([  15.10160095,    6.9665962 ,   -1.28205615,   -3.24952174,
       -170.37333584, -134.0423598 , -154.27382925, -127.16009253,
       -175.83437806, -157.66490964])
						array([0.02062701, 0.03468236, 0.03230233, 0.03169049, 0.03049278,
       0.02465264, 0.01852778, 0.00021006, 0.00425738, 0.03811716])

 76.0952547655			array([  15.08494258,    6.95222181,   -1.28513411,   -3.2378483 ,
       -170.36634951, -134.04336371, -154.26841464, -127.16004862,
       -175.83179336, -157.68240078])
						array([0.01137307, 0.01912275, 0.01781047, 0.01747312, 0.01681274,
       0.01359268, 0.01021562, 0.00011582, 0.00234739, 0.02101658])

 76.0287067009			array([  15.09552765,    6.95771516,   -1.27636756,   -3.23123446,
       -170.36475761, -134.0412275 , -154.27243314, -127.16002256,
       -175.83086096, -157.70631315])
						array([0.0138696 , 0.02332042, 0.02172008, 0.02130869, 0.02050335,
       0.01657643, 0.01245808, 0.00014125, 0.00286266, 0.02562998])

 76.1360414193			array([  15.10822888,    6.95110385,   -1.2715719 ,   -3.22489339,
       -170.36366489, -134.05069943, -154.28232695, -127.15996684,
       -175.83412745, -157.68120051])
						array([0.01691415, 0.02843954, 0.02648791, 0.02598621, 0.02500408,
       0.02021516, 0.01519278, 0.00017225, 0.00349105, 0.03125607])

 76.2166312959			array([  15.1206253 ,    6.95926036,   -1.30441132,   -3.25372785,
       -170.33579151, -134.03957167, -154.28929135, -127.15979814,
       -175.84148367, -157.69412406])
						array([0.02062701, 0.03468236, 0.03230233, 0.03169049, 0.03049278,
       0.02465264, 0.01852778, 0.00021006, 0.00425738, 0.03811716])

 76.2432190852			array([  15.12346629,    6.9413191 ,   -1.29111836,   -3.18547112,
       -170.31881996, -134.04126295, -154.31099524, -127.15979068,
       -175.83717389, -157.70531141])
						array([0.02515489, 0.04229557, 0.03939308, 0.03864694, 0.03718632,
       0.03006419, 0.02259485, 0.00025617, 0.00519193, 0.04648434])

 76.3792898014			array([  15.09733365,    6.96727654,   -1.25431784,   -3.23833801,
       -170.35132173, -134.01379226, -154.3514445 , -127.16035131,
       -175.81859875, -157.66061502])
						array([0.04562268, 0.07671023, 0.07144607, 0.07009283, 0.06744374,
       0.05452655, 0.04097962, 0.00046461, 0.00941645, 0.08430729])

 76.1848897852			array([  15.11650291,    6.93639981,   -1.29528864,   -3.22544618,
       -170.35928397, -133.99086764, -154.35439637, -127.1602803 ,
       -175.82056778, -157.65711925])
						array([0.0138696 , 0.02332042, 0.02172008, 0.02130869, 0.02050335,
       0.01657643, 0.01245808, 0.00014125, 0.00286266, 0.02562998])

 76.0783785125			array([  15.12245763,    6.94807877,   -1.30001947,   -3.23158631,
       -170.37237396, -133.96088754, -154.35222522, -127.16028469,
       -175.81820273, -157.65909901])
						array([9.32591930e-03, 1.56806516e-02, 1.46045841e-02, 1.43279622e-02,
       1.37864500e-02, 1.11459942e-02, 8.37681235e-03, 9.49734245e-05,
       1.92485591e-03, 1.72335976e-02])

 76.2501004876			array([  15.13003769,    6.94165311,   -1.2897415 ,   -3.22321796,
       -170.35260537, -133.97978643, -154.34595236, -127.16036565,
       -175.81641741, -157.63559618])
						array([9.32591930e-03, 1.56806516e-02, 1.46045841e-02, 1.43279622e-02,
       1.37864500e-02, 1.11459942e-02, 8.37681235e-03, 9.49734245e-05,
       1.92485591e-03, 1.72335976e-02])

 75.867515535			array([  15.13224505,    6.97802057,   -1.30395282,   -3.21784683,
       -170.35452548, -133.98420579, -154.35452038, -127.1602087 ,
       -175.81572746, -157.60219334])
						array([0.01137307, 0.01912275, 0.01781047, 0.01747312, 0.01681274,
       0.01359268, 0.01021562, 0.00011582, 0.00234739, 0.02101658])

 76.0566831938			array([  15.13756118,    6.97057468,   -1.2961636 ,   -3.22911578,
       -170.38818904, -134.00878321, -154.34596429, -127.16026389,
       -175.81628328, -157.64610812])
						array([0.0138696 , 0.02332042, 0.02172008, 0.02130869, 0.02050335,
       0.01657643, 0.01245808, 0.00014125, 0.00286266, 0.02562998])

 75.9438338			array([  15.12589198,    6.95936386,   -1.30640266,   -3.2279194 ,
       -170.39323126, -133.9923292 , -154.34887909, -127.16013942,
       -175.82120137, -157.69536005])
						array([0.01691415, 0.02843954, 0.02648791, 0.02598621, 0.02500408,
       0.02021516, 0.01519278, 0.00017225, 0.00349105, 0.03125607])

 76.3457803304			array([  15.12714108,    6.92927979,   -1.3086041 ,   -3.20329354,
       -170.4322827 , -133.98428351, -154.38731629, -127.16028727,
       -175.81889531, -157.67155549])
						array([0.02062701, 0.03468236, 0.03230233, 0.03169049, 0.03049278,
       0.02465264, 0.01852778, 0.00021006, 0.00425738, 0.03811716])

 76.2760355798			array([  15.13589047,    6.94966527,   -1.28490986,   -3.22685269,
       -170.42611677, -134.00604796, -154.36387594, -127.16015936,
       -175.81842028, -157.67189866])
						array([0.03067669, 0.05157996, 0.04804034, 0.04713042, 0.04534917,
       0.03666365, 0.0275547 , 0.00031241, 0.00633162, 0.05668822])

 76.2877358823			array([  15.13172902,    6.97782445,   -1.29251959,   -3.25412712,
       -170.43764023, -134.00937316, -154.37063784, -127.16011373,
       -175.81239152, -157.6541114 ])
						array([0.01137307, 0.01912275, 0.01781047, 0.01747312, 0.01681274,
       0.01359268, 0.01021562, 0.00011582, 0.00234739, 0.02101658])

 76.4515300568			array([  15.13285111,    6.96461356,   -1.29034795,   -3.25817909,
       -170.42753112, -133.99167728, -154.35557922, -127.16019202,
       -175.81186223, -157.65358816])
						array([9.32591930e-03, 1.56806516e-02, 1.46045841e-02, 1.43279622e-02,
       1.37864500e-02, 1.11459942e-02, 8.37681235e-03, 9.49734245e-05,
       1.92485591e-03, 1.72335976e-02])

 76.4593972211			array([  15.13099459,    6.95351878,   -1.28366348,   -3.25124572,
       -170.41402552, -133.99846681, -154.34092417, -127.16023136,
       -175.81176363, -157.65126574])
						array([9.32591930e-03, 1.56806516e-02, 1.46045841e-02, 1.43279622e-02,
       1.37864500e-02, 1.11459942e-02, 8.37681235e-03, 9.49734245e-05,
       1.92485591e-03, 1.72335976e-02])

 76.2192908527			array([  15.12380754,    6.95710703,   -1.28805074,   -3.24605463,
       -170.43952777, -134.00886579, -154.33993109, -127.16021462,
       -175.81157634, -157.65247327])
						array([0.01137307, 0.01912275, 0.01781047, 0.01747312, 0.01681274,
       0.01359268, 0.01021562, 0.00011582, 0.00234739, 0.02101658])

 76.4783650796			array([  15.11712576,    6.97748339,   -1.25504747,   -3.24491551,
       -170.42935328, -134.00654676, -154.33541163, -127.16000742,
       -175.80860242, -157.69119052])
						array([0.0138696 , 0.02332042, 0.02172008, 0.02130869, 0.02050335,
       0.01657643, 0.01245808, 0.00014125, 0.00286266, 0.02562998])

 76.0511580944			array([  15.1002576 ,    6.97208513,   -1.26165412,   -3.20780398,
       -170.43835026, -134.03310674, -154.32306497, -127.16007198,
       -175.8076048 , -157.66073329])
						array([0.02062701, 0.03468236, 0.03230233, 0.03169049, 0.03049278,
       0.02465264, 0.01852778, 0.00021006, 0.00425738, 0.03811716])

 75.8806434867			array([  15.11145404,    6.96226099,   -1.32994247,   -3.22569218,
       -170.48715638, -134.00698249, -154.33663454, -127.16005093,
       -175.80996607, -157.60713621])
						array([0.02515489, 0.04229557, 0.03939308, 0.03864694, 0.03718632,
       0.03006419, 0.02259485, 0.00025617, 0.00519193, 0.04648434])

 75.981897707			array([  15.1048896 ,    6.97317678,   -1.28877432,   -3.24604446,
       -170.44573878, -134.01063786, -154.35815341, -127.16056737,
       -175.80843186, -157.60944953])
						array([0.03067669, 0.05157996, 0.04804034, 0.04713042, 0.04534917,
       0.03666365, 0.0275547 , 0.00031241, 0.00633162, 0.05668822])

 75.792834519			array([  15.09205704,    6.96229373,   -1.32891267,   -3.20617158,
       -170.47090051, -133.97033346, -154.3302092 , -127.16098128,
       -175.80291329, -157.64869349])
						array([0.01691415, 0.02843954, 0.02648791, 0.02598621, 0.02500408,
       0.02021516, 0.01519278, 0.00017225, 0.00349105, 0.03125607])

 76.112365761			array([  15.07196325,    6.96126476,   -1.34281431,   -3.22248152,
       -170.49353098, -133.97098107, -154.33290542, -127.16087716,
       -175.80095524, -157.62388105])
						array([0.0138696 , 0.02332042, 0.02172008, 0.02130869, 0.02050335,
       0.01657643, 0.01245808, 0.00014125, 0.00286266, 0.02562998])

 76.2817256046			array([  15.07171963,    6.93400933,   -1.31612505,   -3.19258949,
       -170.46941897, -133.96935993, -154.34016514, -127.16096938,
       -175.80432341, -157.6478091 ])
						array([0.0138696 , 0.02332042, 0.02172008, 0.02130869, 0.02050335,
       0.01657643, 0.01245808, 0.00014125, 0.00286266, 0.02562998])

 76.2100739423			array([  15.0872902 ,    6.93707294,   -1.32290828,   -3.18436517,
       -170.47906211, -133.9801531 , -154.35268497, -127.16112715,
       -175.80481776, -157.62686385])
						array([0.01691415, 0.02843954, 0.02648791, 0.02598621, 0.02500408,
       0.02021516, 0.01519278, 0.00017225, 0.00349105, 0.03125607])

 76.159647699			array([  15.07150792,    6.95368456,   -1.33437842,   -3.18611509,
       -170.44739881, -133.97150395, -154.37545029, -127.16122104,
       -175.80493344, -157.65696736])
						array([0.02062701, 0.03468236, 0.03230233, 0.03169049, 0.03049278,
       0.02465264, 0.01852778, 0.00021006, 0.00425738, 0.03811716])

 76.3087580217			array([  15.05121549,    7.01488082,   -1.29170588,   -3.20112871,
       -170.45684058, -133.97003652, -154.37726865, -127.16124506,
       -175.80106303, -157.71506466])
						array([0.03067669, 0.05157996, 0.04804034, 0.04713042, 0.04534917,
       0.03666365, 0.0275547 , 0.00031241, 0.00633162, 0.05668822])

 76.3952903538			array([  15.05726888,    6.95600658,   -1.27111946,   -3.19231452,
       -170.46574355, -133.98817064, -154.387659  , -127.16109821,
       -175.79960845, -157.74032582])
						array([0.0138696 , 0.02332042, 0.02172008, 0.02130869, 0.02050335,
       0.01657643, 0.01245808, 0.00014125, 0.00286266, 0.02562998])

 76.284472665			array([  15.05115678,    6.96168529,   -1.27953094,   -3.20613204,
       -170.46570796, -133.98752947, -154.3826064 , -127.16116077,
       -175.80244628, -157.71313336])
						array([9.32591930e-03, 1.56806516e-02, 1.46045841e-02, 1.43279622e-02,
       1.37864500e-02, 1.11459942e-02, 8.37681235e-03, 9.49734245e-05,
       1.92485591e-03, 1.72335976e-02])

 76.0795633583			array([  15.05651498,    6.95825549,   -1.30172446,   -3.20394598,
       -170.45733163, -133.98340974, -154.38013339, -127.16113877,
       -175.80105305, -157.68639858])
						array([9.32591930e-03, 1.56806516e-02, 1.46045841e-02, 1.43279622e-02,
       1.37864500e-02, 1.11459942e-02, 8.37681235e-03, 9.49734245e-05,
       1.92485591e-03, 1.72335976e-02])

 76.1406584599			array([  15.05002837,    6.96732196,   -1.29758364,   -3.21771675,
       -170.43549964, -133.98566568, -154.36631315, -127.16117422,
       -175.79782107, -157.69764056])
						array([0.01137307, 0.01912275, 0.01781047, 0.01747312, 0.01681274,
       0.01359268, 0.01021562, 0.00011582, 0.00234739, 0.02101658])

 76.2841536423			array([  15.05741581,    6.97547793,   -1.27478647,   -3.23452283,
       -170.45901512, -134.00926569, -154.36048884, -127.16096934,
       -175.79701572, -157.74171985])
						array([0.0138696 , 0.02332042, 0.02172008, 0.02130869, 0.02050335,
       0.01657643, 0.01245808, 0.00014125, 0.00286266, 0.02562998])

 76.1543932511			array([  15.05534901,    7.0108785 ,   -1.32002238,   -3.20987499,
       -170.40377471, -134.04255374, -154.35395106, -127.16081136,
       -175.79487079, -157.73552696])
						array([0.03067669, 0.05157996, 0.04804034, 0.04713042, 0.04534917,
       0.03666365, 0.0275547 , 0.00031241, 0.00633162, 0.05668822])

 76.1964448757			array([  15.04665621,    6.96624424,   -1.30235913,   -3.20050045,
       -170.42011429, -134.03014232, -154.36159178, -127.16088796,
       -175.79565737, -157.70969466])
						array([0.02062701, 0.03468236, 0.03230233, 0.03169049, 0.03049278,
       0.02465264, 0.01852778, 0.00021006, 0.00425738, 0.03811716])

 76.006762835			array([  15.06166553,    6.99148429,   -1.28520173,   -3.19979471,
       -170.41670123, -134.03825231, -154.35126426, -127.16083254,
       -175.79302287, -157.73481927])
						array([0.0138696 , 0.02332042, 0.02172008, 0.02130869, 0.02050335,
       0.01657643, 0.01245808, 0.00014125, 0.00286266, 0.02562998])

 75.9062234803			array([  15.06301333,    6.98237872,   -1.30023937,   -3.19489176,
       -170.41626237, -134.06006343, -154.35624663, -127.16090187,
       -175.78959186, -157.76964343])
						array([0.0138696 , 0.02332042, 0.02172008, 0.02130869, 0.02050335,
       0.01657643, 0.01245808, 0.00014125, 0.00286266, 0.02562998])

 75.807810686			array([  15.07294328,    6.98836131,   -1.31312825,   -3.22625733,
       -170.36436112, -134.08840948, -154.35708687, -127.16064084,
       -175.78964495, -157.78352467])
						array([0.01691415, 0.02843954, 0.02648791, 0.02598621, 0.02500408,
       0.02021516, 0.01519278, 0.00017225, 0.00349105, 0.03125607])

 76.301912937			array([  15.06909886,    6.94295072,   -1.31863044,   -3.17782526,
       -170.40210159, -134.07783734, -154.36431207, -127.16062621,
       -175.7845898 , -157.81855765])
						array([0.02062701, 0.03468236, 0.03230233, 0.03169049, 0.03049278,
       0.02465264, 0.01852778, 0.00021006, 0.00425738, 0.03811716])

 76.0206706547			array([  15.07192922,    7.00492839,   -1.28395508,   -3.22675372,
       -170.38994052, -134.0578355 , -154.3723801 , -127.16049309,
       -175.78596172, -157.81334842])
						array([0.03067669, 0.05157996, 0.04804034, 0.04713042, 0.04534917,
       0.03666365, 0.0275547 , 0.00031241, 0.00633162, 0.05668822])

 76.1057792718			array([  15.12214643,    7.02006252,   -1.28549022,   -3.20976009,
       -170.51149181, -134.08559226, -154.3587847 , -127.16078838,
       -175.77527798, -157.77998755])
						array([0.05563742, 0.09354906, 0.08712936, 0.08547906, 0.08224846,
       0.06649579, 0.04997515, 0.0005666 , 0.01148348, 0.10281377])

 75.9399082052			array([  15.10336245,    7.00981801,   -1.33723465,   -3.21346642,
       -170.53272057, -134.10656214, -154.32994839, -127.16084721,
       -175.77759795, -157.76833641])
						array([0.02062701, 0.03468236, 0.03230233, 0.03169049, 0.03049278,
       0.02465264, 0.01852778, 0.00021006, 0.00425738, 0.03811716])

 76.4103513722			array([  15.13129325,    7.00171063,   -1.28446798,   -3.16371711,
       -170.51104465, -134.1200489 , -154.33017345, -127.16110093,
       -175.77904018, -157.7776695 ])
						array([0.01691415, 0.02843954, 0.02648791, 0.02598621, 0.02500408,
       0.02021516, 0.01519278, 0.00017225, 0.00349105, 0.03125607])

 76.2245063094			array([  15.12731009,    6.9819349 ,   -1.29487058,   -3.16317413,
       -170.52844446, -134.12535036, -154.32458694, -127.1609814 ,
       -175.7778195 , -157.79364734])
						array([7.64725382e-03, 1.28581344e-02, 1.19757589e-02, 1.17489290e-02,
       1.13048890e-02, 9.13971525e-03, 6.86898613e-03, 7.78782081e-05,
       1.57838185e-03, 1.41315500e-02])

 76.4903635961			array([  15.13813429,    6.9958496 ,   -1.30737075,   -3.15686329,
       -170.51553722, -134.13186617, -154.31448917, -127.16092296,
       -175.7790379 , -157.8060244 ])
						array([9.32591930e-03, 1.56806516e-02, 1.46045841e-02, 1.43279622e-02,
       1.37864500e-02, 1.11459942e-02, 8.37681235e-03, 9.49734245e-05,
       1.92485591e-03, 1.72335976e-02])

 76.4225271843			array([  15.13209346,    6.98172862,   -1.33414191,   -3.16106254,
       -170.47533668, -134.13345884, -154.33041551, -127.16101369,
       -175.77990205, -157.81298711])
						array([0.0138696 , 0.02332042, 0.02172008, 0.02130869, 0.02050335,
       0.01657643, 0.01245808, 0.00014125, 0.00286266, 0.02562998])

 76.2732832075			array([  15.10454897,    6.95557829,   -1.34150024,   -3.17086983,
       -170.50375442, -134.11790769, -154.34208051, -127.16111745,
       -175.78072655, -157.83278218])
						array([0.01691415, 0.02843954, 0.02648791, 0.02598621, 0.02500408,
       0.02021516, 0.01519278, 0.00017225, 0.00349105, 0.03125607])

 76.0529589982			array([  15.11250706,    7.0023482 ,   -1.3469275 ,   -3.19908858,
       -170.48012298, -134.12016314, -154.34579819, -127.16092776,
       -175.78567194, -157.88601621])
						array([0.02062701, 0.03468236, 0.03230233, 0.03169049, 0.03049278,
       0.02465264, 0.01852778, 0.00021006, 0.00425738, 0.03811716])

 76.0260833069			array([  15.0955366 ,    6.96885573,   -1.34381614,   -3.18456271,
       -170.42096668, -134.12490496, -154.33168591, -127.16105845,
       -175.78027088, -157.89857778])
						array([0.02515489, 0.04229557, 0.03939308, 0.03864694, 0.03718632,
       0.03006419, 0.02259485, 0.00025617, 0.00519193, 0.04648434])

 76.0270722243			array([  15.09704113,    6.98125844,   -1.35055201,   -3.1927386 ,
       -170.43374512, -134.1229598 , -154.33890514, -127.16131174,
       -175.78104778, -157.92968203])
						array([9.32591930e-03, 1.56806516e-02, 1.46045841e-02, 1.43279622e-02,
       1.37864500e-02, 1.11459942e-02, 8.37681235e-03, 9.49734245e-05,
       1.92485591e-03, 1.72335976e-02])

 76.0138230563			array([  15.10340964,    6.9684018 ,   -1.33591223,   -3.17716857,
       -170.43956804, -134.11392848, -154.32597852, -127.16140053,
       -175.78225799, -157.90424345])
						array([7.64725382e-03, 1.28581344e-02, 1.19757589e-02, 1.17489290e-02,
       1.13048890e-02, 9.13971525e-03, 6.86898613e-03, 7.78782081e-05,
       1.57838185e-03, 1.41315500e-02])

 76.0601562892			array([  15.1097118 ,    6.96829815,   -1.35153755,   -3.20521772,
       -170.44062028, -134.12012381, -154.32014617, -127.1614448 ,
       -175.78439362, -157.8813194 ])
						array([7.64725382e-03, 1.28581344e-02, 1.19757589e-02, 1.17489290e-02,
       1.13048890e-02, 9.13971525e-03, 6.86898613e-03, 7.78782081e-05,
       1.57838185e-03, 1.41315500e-02])

 76.0081574062			array([  15.10258357,    6.96408753,   -1.34501595,   -3.19321422,
       -170.43814675, -134.13830245, -154.32551212, -127.16139248,
       -175.78475392, -157.88034942])
						array([9.32591930e-03, 1.56806516e-02, 1.46045841e-02, 1.43279622e-02,
       1.37864500e-02, 1.11459942e-02, 8.37681235e-03, 9.49734245e-05,
       1.92485591e-03, 1.72335976e-02])

 75.9038994758			array([  15.10396314,    6.97044057,   -1.34355377,   -3.20560986,
       -170.4427168 , -134.13402611, -154.30817739, -127.16154861,
       -175.78391757, -157.89469745])
						array([0.01137307, 0.01912275, 0.01781047, 0.01747312, 0.01681274,
       0.01359268, 0.01021562, 0.00011582, 0.00234739, 0.02101658])

 76.1892520906			array([  15.07418482,    6.97118375,   -1.3536063 ,   -3.22063733,
       -170.45652606, -134.12596181, -154.31718808, -127.16148505,
       -175.78422619, -157.91911648])
						array([0.0138696 , 0.02332042, 0.02172008, 0.02130869, 0.02050335,
       0.01657643, 0.01245808, 0.00014125, 0.00286266, 0.02562998])

 76.2109209644			array([  15.08142605,    6.96888835,   -1.35579844,   -3.19288339,
       -170.48337267, -134.1462436 , -154.31723562, -127.16171178,
       -175.78380076, -157.86707942])
						array([0.0138696 , 0.02332042, 0.02172008, 0.02130869, 0.02050335,
       0.01657643, 0.01245808, 0.00014125, 0.00286266, 0.02562998])

 76.2318979628			array([  15.10170906,    6.99658348,   -1.36162074,   -3.20323352,
       -170.51591711, -134.15556688, -154.29510335, -127.16170275,
       -175.78504816, -157.87477396])
						array([0.01137307, 0.01912275, 0.01781047, 0.01747312, 0.01681274,
       0.01359268, 0.01021562, 0.00011582, 0.00234739, 0.02101658])

 76.2324647662			array([  15.09393233,    7.01671578,   -1.35195514,   -3.20658787,
       -170.51439198, -134.13857202, -154.29739309, -127.16181009,
       -175.78601393, -157.87243477])
						array([9.32591930e-03, 1.56806516e-02, 1.46045841e-02, 1.43279622e-02,
       1.37864500e-02, 1.11459942e-02, 8.37681235e-03, 9.49734245e-05,
       1.92485591e-03, 1.72335976e-02])

 75.7138136232			array([  15.10091883,    7.00215057,   -1.31820494,   -3.21004461,
       -170.53534974, -134.1138157 , -154.29250582, -127.16197137,
       -175.78577179, -157.85591958])
						array([0.01137307, 0.01912275, 0.01781047, 0.01747312, 0.01681274,
       0.01359268, 0.01021562, 0.00011582, 0.00234739, 0.02101658])

 75.9428975359			array([  15.10534401,    6.99455255,   -1.32426007,   -3.17424147,
       -170.53421048, -134.11749732, -154.2799509 , -127.16224561,
       -175.78718594, -157.87245165])
						array([0.0138696 , 0.02332042, 0.02172008, 0.02130869, 0.02050335,
       0.01657643, 0.01245808, 0.00014125, 0.00286266, 0.02562998])

 75.6605797968			array([  15.10207849,    6.99368116,   -1.30169798,   -3.21614015,
       -170.48203067, -134.1085019 , -154.31078328, -127.16229771,
       -175.7940132 , -157.82794014])
						array([0.03067669, 0.05157996, 0.04804034, 0.04713042, 0.04534917,
       0.03666365, 0.0275547 , 0.00031241, 0.00633162, 0.05668822])

 76.3310737827			array([  15.10926471,    7.04173909,   -1.30807345,   -3.21293141,
       -170.52799684, -134.20480276, -154.35481876, -127.16211337,
       -175.78540104, -157.74305022])
						array([0.05563742, 0.09354906, 0.08712936, 0.08547906, 0.08224846,
       0.06649579, 0.04997515, 0.0005666 , 0.01148348, 0.10281377])

 76.3104195016			array([  15.09706388,    7.02704351,   -1.34710796,   -3.21272596,
       -170.53795479, -134.20048109, -154.36550683, -127.16188392,
       -175.78113205, -157.81130695])
						array([0.02062701, 0.03468236, 0.03230233, 0.03169049, 0.03049278,
       0.02465264, 0.01852778, 0.00021006, 0.00425738, 0.03811716])

 76.1541490504			array([  15.13969325,    7.00190432,   -1.33156053,   -3.20074581,
       -170.58207908, -134.22727392, -154.35911256, -127.16151512,
       -175.78326087, -157.82916339])
						array([0.02062701, 0.03468236, 0.03230233, 0.03169049, 0.03049278,
       0.02465264, 0.01852778, 0.00021006, 0.00425738, 0.03811716])

 76.3480625061			array([  15.1082332 ,    7.00920652,   -1.36175456,   -3.20650767,
       -170.65754814, -134.26143383, -154.3557648 , -127.16168382,
       -175.78736585, -157.79506965])
						array([0.02515489, 0.04229557, 0.03939308, 0.03864694, 0.03718632,
       0.03006419, 0.02259485, 0.00025617, 0.00519193, 0.04648434])

 76.4153596475			array([  15.09310738,    6.96456115,   -1.35143977,   -3.1660973 ,
       -170.66334969, -134.27975539, -154.35240709, -127.16195167,
       -175.78282767, -157.72297528])
						array([0.0374106 , 0.06290239, 0.05858578, 0.05747612, 0.05530386,
       0.04471177, 0.03360329, 0.00038098, 0.00772149, 0.06913198])

 76.4975430971			array([  15.08995738,    6.93069029,   -1.30962543,   -3.16719638,
       -170.66546204, -134.27599958, -154.35721985, -127.16193956,
       -175.77981041, -157.7343858 ])
						array([0.0138696 , 0.02332042, 0.02172008, 0.02130869, 0.02050335,
       0.01657643, 0.01245808, 0.00014125, 0.00286266, 0.02562998])

 76.2793584211			array([  15.0944431 ,    6.93673083,   -1.31081075,   -3.17355541,
       -170.6675441 , -134.27745892, -154.3529775 , -127.16189477,
       -175.77957205, -157.73107857])
						array([2.32481618e-03, 3.90895862e-03, 3.64071061e-03, 3.57175281e-03,
       3.43676167e-03, 2.77853441e-03, 2.08821761e-03, 2.36754948e-05,
       4.79838612e-04, 4.29608548e-03])

 76.171192427			array([  15.09835039,    6.93946366,   -1.31115685,   -3.17813214,
       -170.65906494, -134.27395425, -154.35374285, -127.16184785,
       -175.77961784, -157.73399913])
						array([2.32481618e-03, 3.90895862e-03, 3.64071061e-03, 3.57175281e-03,
       3.43676167e-03, 2.77853441e-03, 2.08821761e-03, 2.36754948e-05,
       4.79838612e-04, 4.29608548e-03])

 76.19776003			array([  15.09661359,    6.93755038,   -1.31430926,   -3.17920727,
       -170.66317955, -134.27646878, -154.35284921, -127.16185772,
       -175.7793398 , -157.73941902])
						array([2.83514168e-03, 4.76702271e-03, 4.43989098e-03, 4.35579611e-03,
       4.19117276e-03, 3.38845660e-03, 2.54660684e-03, 2.88725547e-05,
       5.85169039e-04, 5.23912864e-03])

 76.0898360262			array([  15.09474223,    6.94615665,   -1.31273929,   -3.17665074,
       -170.66450489, -134.27439816, -154.35567959, -127.16190621,
       -175.78008955, -157.73389645])
						array([3.45748986e-03, 5.81344233e-03, 5.41450120e-03, 5.31194648e-03,
       5.11118630e-03, 4.13226415e-03, 3.10561810e-03, 3.52104325e-05,
       7.13620780e-04, 6.38918126e-03])

 76.0976965873			array([  15.08977692,    6.951508  ,   -1.31703778,   -3.17244446,
       -170.66178662, -134.28133508, -154.35504689, -127.16198005,
       -175.77909243, -157.73438338])
						array([4.21645105e-03, 7.08956382e-03, 6.60305025e-03, 6.47798351e-03,
       6.23315402e-03, 5.03934652e-03, 3.78733914e-03, 4.29395519e-05,
       8.70269243e-04, 7.79168447e-03])

 76.0341535052			array([  15.09667993,    6.95529488,   -1.31784947,   -3.17314854,
       -170.65996548, -134.28746735, -154.35922397, -127.16198542,
       -175.779102  , -157.73264864])
						array([5.14201347e-03, 8.64580954e-03, 8.05250030e-03, 7.89997989e-03,
       7.60140734e-03, 6.14554453e-03, 4.61870627e-03, 5.23653071e-05,
       1.06130396e-03, 9.50205423e-03])

 75.7862856845			array([  15.09189757,    6.9755336 ,   -1.32260554,   -3.18536231,
       -170.66067258, -134.28816322, -154.35600397, -127.16196538,
       -175.77896277, -157.73565956])
						array([6.27074814e-03, 1.05436702e-02, 9.82012232e-03, 9.63412181e-03,
       9.27000895e-03, 7.49456651e-03, 5.63256863e-03, 6.38601307e-05,
       1.29427312e-03, 1.15878710e-02])

 75.8301860904			array([  15.08514219,    6.9818963 ,   -1.31145252,   -3.17885793,
       -170.6655679 , -134.27570791, -154.35734326, -127.16193877,
       -175.77713502, -157.74780721])
						array([7.64725382e-03, 1.28581344e-02, 1.19757589e-02, 1.17489290e-02,
       1.13048890e-02, 9.13971525e-03, 6.86898613e-03, 7.78782081e-05,
       1.57838185e-03, 1.41315500e-02])

 76.1139553402			array([  15.079664  ,    6.97454614,   -1.28363917,   -3.16955408,
       -170.66361604, -134.27682623, -154.35194833, -127.16193422,
       -175.77782903, -157.73976368])
						array([9.32591930e-03, 1.56806516e-02, 1.46045841e-02, 1.43279622e-02,
       1.37864500e-02, 1.11459942e-02, 8.37681235e-03, 9.49734245e-05,
       1.92485591e-03, 1.72335976e-02])

 75.8289883508			array([  15.08254313,    6.97347346,   -1.30193422,   -3.18221543,
       -170.66854831, -134.28905412, -154.3503735 , -127.16205417,
       -175.7767665 , -157.7245959 ])
						array([0.01137307, 0.01912275, 0.01781047, 0.01747312, 0.01681274,
       0.01359268, 0.01021562, 0.00011582, 0.00234739, 0.02101658])

 75.9722999786			array([  15.08708068,    6.95142653,   -1.30863137,   -3.18233909,
       -170.6668748 , -134.30380982, -154.36838039, -127.16201294,
       -175.77698023, -157.74508251])
						array([0.0138696 , 0.02332042, 0.02172008, 0.02130869, 0.02050335,
       0.01657643, 0.01245808, 0.00014125, 0.00286266, 0.02562998])

 76.1270963607			array([  15.10776223,    6.94860187,   -1.27947632,   -3.18576459,
       -170.64413923, -134.31497783, -154.39290475, -127.16205699,
       -175.7787966 , -157.70841097])
						array([0.02062701, 0.03468236, 0.03230233, 0.03169049, 0.03049278,
       0.02465264, 0.01852778, 0.00021006, 0.00425738, 0.03811716])

 75.7228272697			array([  15.11912527,    6.97590947,   -1.30750454,   -3.21676362,
       -170.63755408, -134.30193438, -154.40478373, -127.16218888,
       -175.78044099, -157.61782456])
						array([0.02515489, 0.04229557, 0.03939308, 0.03864694, 0.03718632,
       0.03006419, 0.02259485, 0.00025617, 0.00519193, 0.04648434])

 75.8650055272			array([  15.1256402 ,    6.99338993,   -1.28887234,   -3.20397375,
       -170.66725674, -134.29880434, -154.38569173, -127.16256288,
       -175.77194483, -157.6105267 ])
						array([0.03067669, 0.05157996, 0.04804034, 0.04713042, 0.04534917,
       0.03666365, 0.0275547 , 0.00031241, 0.00633162, 0.05668822])

 76.4621355608			array([  15.07352756,    6.93540543,   -1.28538253,   -3.24042413,
       -170.635798  , -134.32924578, -154.39995647, -127.16282612,
       -175.77550889, -157.55250327])
						array([0.04562268, 0.07671023, 0.07144607, 0.07009283, 0.06744374,
       0.05452655, 0.04097962, 0.00046461, 0.00941645, 0.08430729])

 76.3042961592			array([  15.06831864,    6.94689491,   -1.28162305,   -3.23491058,
       -170.63223005, -134.3235685 , -154.40829099, -127.16281692,
       -175.77518114, -157.55502002])
						array([6.27074814e-03, 1.05436702e-02, 9.82012232e-03, 9.63412181e-03,
       9.27000895e-03, 7.49456651e-03, 5.63256863e-03, 6.38601307e-05,
       1.29427312e-03, 1.15878710e-02])

 76.1431893432			array([  15.07765498,    6.96349823,   -1.28894118,   -3.24839049,
       -170.62891128, -134.31747696, -154.40971976, -127.16289179,
       -175.77543998, -157.55435977])
						array([5.14201347e-03, 8.64580954e-03, 8.05250030e-03, 7.89997989e-03,
       7.60140734e-03, 6.14554453e-03, 4.61870627e-03, 5.23653071e-05,
       1.06130396e-03, 9.50205423e-03])

 76.1467937098			array([  15.0899169 ,    6.96907786,   -1.29004946,   -3.25527552,
       -170.6384478 , -134.31791293, -154.4067416 , -127.16288915,
       -175.7756497 , -157.55149224])
						array([5.14201347e-03, 8.64580954e-03, 8.05250030e-03, 7.89997989e-03,
       7.60140734e-03, 6.14554453e-03, 4.61870627e-03, 5.23653071e-05,
       1.06130396e-03, 9.50205423e-03])

 76.3870369471			array([  15.09176487,    6.95583311,   -1.28493668,   -3.26045854,
       -170.63289703, -134.31897171, -154.40195782, -127.16294516,
       -175.77607985, -157.55576814])
						array([6.27074814e-03, 1.05436702e-02, 9.82012232e-03, 9.63412181e-03,
       9.27000895e-03, 7.49456651e-03, 5.63256863e-03, 6.38601307e-05,
       1.29427312e-03, 1.15878710e-02])

 76.3764348754			array([  15.09361157,    6.95993422,   -1.28572353,   -3.26240861,
       -170.62291587, -134.3326329 , -154.40025069, -127.1629183 ,
       -175.77624485, -157.55764596])
						array([7.64725382e-03, 1.28581344e-02, 1.19757589e-02, 1.17489290e-02,
       1.13048890e-02, 9.13971525e-03, 6.86898613e-03, 7.78782081e-05,
       1.57838185e-03, 1.41315500e-02])

 76.3576711418			array([  15.08399651,    6.96361037,   -1.28170053,   -3.25940752,
       -170.61274362, -134.338454  , -154.39378112, -127.16287388,
       -175.77592484, -157.58210065])
						array([0.01137307, 0.01912275, 0.01781047, 0.01747312, 0.01681274,
       0.01359268, 0.01021562, 0.00011582, 0.00234739, 0.02101658])

 76.4832628229			array([  15.11903906,    6.95436462,   -1.32003337,   -3.26415375,
       -170.64695047, -134.32386971, -154.38431732, -127.16314552,
       -175.77662083, -157.51945264])
						array([0.03067669, 0.05157996, 0.04804034, 0.04713042, 0.04534917,
       0.03666365, 0.0275547 , 0.00031241, 0.00633162, 0.05668822])

 76.2254510505			array([  15.13710019,    6.95572662,   -1.29618668,   -3.23586912,
       -170.63145752, -134.30078842, -154.36715032, -127.1630606 ,
       -175.78053463, -157.47473923])
						array([0.01691415, 0.02843954, 0.02648791, 0.02598621, 0.02500408,
       0.02021516, 0.01519278, 0.00017225, 0.00349105, 0.03125607])

 76.191243215			array([  15.12138616,    6.94095964,   -1.32137252,   -3.23092948,
       -170.62439533, -134.28698782, -154.36873678, -127.1630792 ,
       -175.77976767, -157.46303474])
						array([7.64725382e-03, 1.28581344e-02, 1.19757589e-02, 1.17489290e-02,
       1.13048890e-02, 9.13971525e-03, 6.86898613e-03, 7.78782081e-05,
       1.57838185e-03, 1.41315500e-02])

 76.0840657135			array([  15.12337528,    6.94902399,   -1.32112194,   -3.23019622,
       -170.61718708, -134.29624312, -154.36083604, -127.16305832,
       -175.78075395, -157.44660244])
						array([7.64725382e-03, 1.28581344e-02, 1.19757589e-02, 1.17489290e-02,
       1.13048890e-02, 9.13971525e-03, 6.86898613e-03, 7.78782081e-05,
       1.57838185e-03, 1.41315500e-02])

 76.3747152828			array([  15.14113273,    6.95034993,   -1.32926111,   -3.23173399,
       -170.61683092, -134.29198693, -154.36526531, -127.16308699,
       -175.78018298, -157.445393  ])
						array([9.32591930e-03, 1.56806516e-02, 1.46045841e-02, 1.43279622e-02,
       1.37864500e-02, 1.11459942e-02, 8.37681235e-03, 9.49734245e-05,
       1.92485591e-03, 1.72335976e-02])

 75.9464176418			array([  15.11702231,    6.95619889,   -1.33280224,   -3.21187301,
       -170.62127007, -134.28446712, -154.35986592, -127.16297872,
       -175.7808245 , -157.42958733])
						array([0.01137307, 0.01912275, 0.01781047, 0.01747312, 0.01681274,
       0.01359268, 0.01021562, 0.00011582, 0.00234739, 0.02101658])

 76.3807814825			array([  15.11742224,    6.93418607,   -1.34191726,   -3.20430946,
       -170.60970999, -134.27252662, -154.38316863, -127.16297731,
       -175.77700025, -157.44342365])
						array([0.0138696 , 0.02332042, 0.02172008, 0.02130869, 0.02050335,
       0.01657643, 0.01245808, 0.00014125, 0.00286266, 0.02562998])

 76.4368636064			array([  15.11090594,    6.92877571,   -1.27415779,   -3.20842203,
       -170.64242573, -134.28340998, -154.3896524 , -127.16315889,
       -175.78036272, -157.4503242 ])
						array([0.02062701, 0.03468236, 0.03230233, 0.03169049, 0.03049278,
       0.02465264, 0.01852778, 0.00021006, 0.00425738, 0.03811716])

 76.486326979			array([  15.13490135,    6.93057178,   -1.29942119,   -3.19190548,
       -170.69495755, -134.27699126, -154.40752223, -127.16286337,
       -175.78257623, -157.4790005 ])
						array([0.02515489, 0.04229557, 0.03939308, 0.03864694, 0.03718632,
       0.03006419, 0.02259485, 0.00025617, 0.00519193, 0.04648434])

 76.309644461			array([  15.12284642,    7.00485391,   -1.29596699,   -3.16092402,
       -170.51815776, -134.32967652, -154.39244525, -127.16227772,
       -175.78051752, -157.24663717])
						array([0.10090796, 0.16966719, 0.15802397, 0.15503088, 0.14917162,
       0.12060147, 0.09063847, 0.00102763, 0.02082725, 0.18647032])

 76.343824626			array([  15.14459049,    7.00919913,   -1.31269788,   -3.1807546 ,
       -170.52676027, -134.30651314, -154.40848005, -127.16205367,
       -175.78709092, -157.26522887])
						array([0.0138696 , 0.02332042, 0.02172008, 0.02130869, 0.02050335,
       0.01657643, 0.01245808, 0.00014125, 0.00286266, 0.02562998])

 76.2055293807			array([  15.14232335,    7.01112316,   -1.31971694,   -3.20020811,
       -170.51920019, -134.30884756, -154.41551014, -127.16197689,
       -175.79229504, -157.25251134])
						array([9.32591930e-03, 1.56806516e-02, 1.46045841e-02, 1.43279622e-02,
       1.37864500e-02, 1.11459942e-02, 8.37681235e-03, 9.49734245e-05,
       1.92485591e-03, 1.72335976e-02])

 75.8662182286			array([  15.12309123,    7.00216762,   -1.31065256,   -3.22524067,
       -170.53487847, -134.3080218 , -154.42253999, -127.16204644,
       -175.79138188, -157.24196381])
						array([9.32591930e-03, 1.56806516e-02, 1.46045841e-02, 1.43279622e-02,
       1.37864500e-02, 1.11459942e-02, 8.37681235e-03, 9.49734245e-05,
       1.92485591e-03, 1.72335976e-02])

 75.7908895753			array([  15.11087519,    7.00715555,   -1.31406983,   -3.21837965,
       -170.51662877, -134.3104675 , -154.42292276, -127.16186529,
       -175.79223105, -157.24834294])
						array([0.01137307, 0.01912275, 0.01781047, 0.01747312, 0.01681274,
       0.01359268, 0.01021562, 0.00011582, 0.00234739, 0.02101658])

 75.7862544546			array([  15.1051525 ,    7.00941722,   -1.29841667,   -3.20860743,
       -170.49924444, -134.28581654, -154.41572509, -127.16186665,
       -175.79316776, -157.25407756])
						array([0.0138696 , 0.02332042, 0.02172008, 0.02130869, 0.02050335,
       0.01657643, 0.01245808, 0.00014125, 0.00286266, 0.02562998])

 76.0374815974			array([  15.10239128,    7.02830138,   -1.31301112,   -3.20751971,
       -170.53412353, -134.28188593, -154.41378261, -127.16172411,
       -175.78985269, -157.20277932])
						array([0.01691415, 0.02843954, 0.02648791, 0.02598621, 0.02500408,
       0.02021516, 0.01519278, 0.00017225, 0.00349105, 0.03125607])

 75.8922248641			array([  15.12499651,    6.98373563,   -1.31125445,   -3.18319246,
       -170.48636499, -134.25855876, -154.43150548, -127.16189304,
       -175.79576138, -157.22407392])
						array([0.02515489, 0.04229557, 0.03939308, 0.03864694, 0.03718632,
       0.03006419, 0.02259485, 0.00025617, 0.00519193, 0.04648434])

 75.9112974495			array([  15.11927776,    6.98821335,   -1.30966539,   -3.17704143,
       -170.48504949, -134.25261539, -154.43954053, -127.16177844,
       -175.78473456, -157.18012955])
						array([0.01691415, 0.02843954, 0.02648791, 0.02598621, 0.02500408,
       0.02021516, 0.01519278, 0.00017225, 0.00349105, 0.03125607])

 75.9187673878			array([  15.12046343,    6.98425175,   -1.29103168,   -3.1816308 ,
       -170.49296834, -134.25732996, -154.44106315, -127.16158284,
       -175.7830293 , -157.17070216])
						array([0.01137307, 0.01912275, 0.01781047, 0.01747312, 0.01681274,
       0.01359268, 0.01021562, 0.00011582, 0.00234739, 0.02101658])

 76.1224233851			array([  15.11144992,    7.01579335,   -1.27541067,   -3.19354193,
       -170.50933777, -134.2547364 , -154.43943028, -127.16173708,
       -175.78527199, -157.20521807])
						array([0.01137307, 0.01912275, 0.01781047, 0.01747312, 0.01681274,
       0.01359268, 0.01021562, 0.00011582, 0.00234739, 0.02101658])

 76.2488364481			array([  15.11694199,    7.02956979,   -1.29284913,   -3.18860621,
       -170.48802256, -134.24499637, -154.42934825, -127.16177598,
       -175.78428745, -157.20637242])
						array([0.0138696 , 0.02332042, 0.02172008, 0.02130869, 0.02050335,
       0.01657643, 0.01245808, 0.00014125, 0.00286266, 0.02562998])

 75.9419956039			array([  15.12073608,    7.013378  ,   -1.31561989,   -3.22087396,
       -170.4978014 , -134.15691732, -154.38303271, -127.16226225,
       -175.78210181, -157.16220868])
						array([0.0374106 , 0.06290239, 0.05858578, 0.05747612, 0.05530386,
       0.04471177, 0.03360329, 0.00038098, 0.00772149, 0.06913198])

 75.9800645913			array([  15.13443761,    6.99448019,   -1.29151872,   -3.19840983,
       -170.50236757, -134.15479873, -154.35670459, -127.16177778,
       -175.78158275, -157.13939912])
						array([0.02515489, 0.04229557, 0.03939308, 0.03864694, 0.03718632,
       0.03006419, 0.02259485, 0.00025617, 0.00519193, 0.04648434])

 75.7426248596			array([  15.09789882,    6.98122995,   -1.31488155,   -3.18470853,
       -170.53852114, -134.16476867, -154.32248672, -127.1617259 ,
       -175.78911899, -157.22263278])
						array([0.02062701, 0.03468236, 0.03230233, 0.03169049, 0.03049278,
       0.02465264, 0.01852778, 0.00021006, 0.00425738, 0.03811716])

 75.9944438035			array([  15.08384662,    7.00165391,   -1.34469269,   -3.20687178,
       -170.55350512, -134.14412929, -154.34971587, -127.16123688,
       -175.78349657, -157.22517494])
						array([0.02515489, 0.04229557, 0.03939308, 0.03864694, 0.03718632,
       0.03006419, 0.02259485, 0.00025617, 0.00519193, 0.04648434])

 75.7907406142			array([  15.08314364,    6.96029953,   -1.29736807,   -3.21645991,
       -170.50202944, -134.18549871, -154.34987115, -127.16113946,
       -175.7825743 , -157.23167225])
						array([0.04562268, 0.07671023, 0.07144607, 0.07009283, 0.06744374,
       0.05452655, 0.04097962, 0.00046461, 0.00941645, 0.08430729])

 76.0418789047			array([  15.1004585 ,    6.96961932,   -1.2835466 ,   -3.24658452,
       -170.52191775, -134.14665277, -154.35192236, -127.16087061,
       -175.79212472, -157.20809739])
						array([0.0138696 , 0.02332042, 0.02172008, 0.02130869, 0.02050335,
       0.01657643, 0.01245808, 0.00014125, 0.00286266, 0.02562998])

 76.3087570003			array([  15.13015606,    6.95242497,   -1.34272015,   -3.2285181 ,
       -170.54008903, -134.14554869, -154.34169759, -127.1607092 ,
       -175.78697944, -157.18053803])
						array([0.01137307, 0.01912275, 0.01781047, 0.01747312, 0.01681274,
       0.01359268, 0.01021562, 0.00011582, 0.00234739, 0.02101658])

 76.1360668769			array([  15.12003533,    6.97200448,   -1.34446033,   -3.23601591,
       -170.53277749, -134.15135662, -154.34714955, -127.1608178 ,
       -175.78488578, -157.17159444])
						array([9.32591930e-03, 1.56806516e-02, 1.46045841e-02, 1.43279622e-02,
       1.37864500e-02, 1.11459942e-02, 8.37681235e-03, 9.49734245e-05,
       1.92485591e-03, 1.72335976e-02])

 76.1119921476			array([  15.13636388,    6.99211866,   -1.31100437,   -3.24011227,
       -170.5385297 , -134.15019416, -154.34515155, -127.16086985,
       -175.78582539, -157.17084546])
						array([0.01137307, 0.01912275, 0.01781047, 0.01747312, 0.01681274,
       0.01359268, 0.01021562, 0.00011582, 0.00234739, 0.02101658])

 75.9748574949			array([  15.11703162,    7.01465111,   -1.31017748,   -3.22994893,
       -170.50821479, -134.15031745, -154.38052164, -127.16117547,
       -175.78340457, -157.17472271])
						array([0.02062701, 0.03468236, 0.03230233, 0.03169049, 0.03049278,
       0.02465264, 0.01852778, 0.00021006, 0.00425738, 0.03811716])

 76.3169874679			array([  15.11980224,    7.0221679 ,   -1.30982126,   -3.16987299,
       -170.53962656, -134.14593061, -154.38132119, -127.16145023,
       -175.77609357, -157.16119201])
						array([0.03067669, 0.05157996, 0.04804034, 0.04713042, 0.04534917,
       0.03666365, 0.0275547 , 0.00031241, 0.00633162, 0.05668822])

 76.1662554587			array([  15.09132072,    6.93255571,   -1.30251787,   -3.19424272,
       -170.57163754, -134.1758545 , -154.32691366, -127.16088067,
       -175.76044376, -157.28359453])
						array([0.05563742, 0.09354906, 0.08712936, 0.08547906, 0.08224846,
       0.06649579, 0.04997515, 0.0005666 , 0.01148348, 0.10281377])

 75.9970567875			array([  15.10870393,    6.95186505,   -1.31752521,   -3.18097876,
       -170.55527417, -134.17517858, -154.32260002, -127.16070181,
       -175.76816182, -157.30857643])
						array([0.02062701, 0.03468236, 0.03230233, 0.03169049, 0.03049278,
       0.02465264, 0.01852778, 0.00021006, 0.00425738, 0.03811716])

 75.8741714596			array([  15.11507595,    6.97502344,   -1.33836318,   -3.21589505,
       -170.5913118 , -134.17864025, -154.33109327, -127.16069549,
       -175.77033788, -157.32493881])
						array([0.01691415, 0.02843954, 0.02648791, 0.02598621, 0.02500408,
       0.02021516, 0.01519278, 0.00017225, 0.00349105, 0.03125607])

 76.0038768122			array([  15.13031171,    6.99225786,   -1.30059208,   -3.1810192 ,
       -170.6156465 , -134.18599807, -154.36102534, -127.16078252,
       -175.77217614, -157.35575775])
						array([0.01691415, 0.02843954, 0.02648791, 0.02598621, 0.02500408,
       0.02021516, 0.01519278, 0.00017225, 0.00349105, 0.03125607])

 76.2324743835			array([  15.135018  ,    7.01339039,   -1.30569632,   -3.18057103,
       -170.62403508, -134.18761991, -154.35924138, -127.16050212,
       -175.76951387, -157.31190671])
						array([0.02062701, 0.03468236, 0.03230233, 0.03169049, 0.03049278,
       0.02465264, 0.01852778, 0.00021006, 0.00425738, 0.03811716])

 75.8661514595			array([  15.13184736,    6.9743552 ,   -1.31017856,   -3.21689796,
       -170.66464631, -134.17964727, -154.36547001, -127.16061618,
       -175.76474595, -157.24265221])
						array([0.02515489, 0.04229557, 0.03939308, 0.03864694, 0.03718632,
       0.03006419, 0.02259485, 0.00025617, 0.00519193, 0.04648434])

 76.3182691969			array([  15.13081357,    7.02505713,   -1.29988357,   -3.18412278,
       -170.70241639, -134.13958107, -154.34063576, -127.16058246,
       -175.76200427, -157.15021317])
						array([0.03067669, 0.05157996, 0.04804034, 0.04713042, 0.04534917,
       0.03666365, 0.0275547 , 0.00031241, 0.00633162, 0.05668822])

 75.7347632323			array([  15.11812468,    6.97342579,   -1.3189178 ,   -3.20930253,
       -170.7055372 , -134.13264617, -154.37647874, -127.16030115,
       -175.75823702, -157.08825109])
						array([0.02515489, 0.04229557, 0.03939308, 0.03864694, 0.03718632,
       0.03006419, 0.02259485, 0.00025617, 0.00519193, 0.04648434])

 75.8439276245			array([  15.08574297,    6.95861057,   -1.31799148,   -3.22735059,
       -170.70845489, -134.16255472, -154.36678869, -127.16054564,
       -175.75784305, -157.10514326])
						array([0.0138696 , 0.02332042, 0.02172008, 0.02130869, 0.02050335,
       0.01657643, 0.01245808, 0.00014125, 0.00286266, 0.02562998])

 76.4587006298			array([  15.10919457,    6.95676543,   -1.32438987,   -3.26590861,
       -170.70392134, -134.14630354, -154.37347875, -127.16055062,
       -175.75878287, -157.07109458])
						array([0.0138696 , 0.02332042, 0.02172008, 0.02130869, 0.02050335,
       0.01657643, 0.01245808, 0.00014125, 0.00286266, 0.02562998])

 76.3891225423			array([  15.11407073,    6.99699903,   -1.32118404,   -3.26653485,
       -170.68952636, -134.1458581 , -154.35054544, -127.16055221,
       -175.75680427, -157.05060092])
						array([0.01691415, 0.02843954, 0.02648791, 0.02598621, 0.02500408,
       0.02021516, 0.01519278, 0.00017225, 0.00349105, 0.03125607])

 76.0150804824			array([  15.07558361,    6.94642305,   -1.3177389 ,   -3.22022081,
       -170.70535969, -134.14537651, -154.34420429, -127.16025065,
       -175.75635841, -157.04634215])
						array([0.02515489, 0.04229557, 0.03939308, 0.03864694, 0.03718632,
       0.03006419, 0.02259485, 0.00025617, 0.00519193, 0.04648434])

 75.9206388158			array([  15.10381304,    6.94585308,   -1.31469434,   -3.22016319,
       -170.69584137, -134.13813489, -154.36283323, -127.16026672,
       -175.75528244, -157.04828034])
						array([0.01137307, 0.01912275, 0.01781047, 0.01747312, 0.01681274,
       0.01359268, 0.01021562, 0.00011582, 0.00234739, 0.02101658])

 75.8182688007			array([  15.11144675,    6.96256732,   -1.31933478,   -3.22711332,
       -170.68898281, -134.13964185, -154.36822907, -127.16028422,
       -175.75151002, -157.04681195])
						array([7.64725382e-03, 1.28581344e-02, 1.19757589e-02, 1.17489290e-02,
       1.13048890e-02, 9.13971525e-03, 6.86898613e-03, 7.78782081e-05,
       1.57838185e-03, 1.41315500e-02])

 75.7589777215			array([  15.10997709,    6.98558861,   -1.32469394,   -3.22655793,
       -170.70060832, -134.13997232, -154.36484886, -127.16030429,
       -175.75207551, -157.05170202])
						array([4.21645105e-03, 7.08956382e-03, 6.60305025e-03, 6.47798351e-03,
       6.23315402e-03, 5.03934652e-03, 3.78733914e-03, 4.29395519e-05,
       8.70269243e-04, 7.79168447e-03])

 75.7432890289			array([  15.10755973,    6.99594461,   -1.32386788,   -3.22056313,
       -170.7070148 , -134.13839556, -154.35899676, -127.16034985,
       -175.75195974, -157.0405851 ])
						array([5.14201347e-03, 8.64580954e-03, 8.05250030e-03, 7.89997989e-03,
       7.60140734e-03, 6.14554453e-03, 4.61870627e-03, 5.23653071e-05,
       1.06130396e-03, 9.50205423e-03])

 75.7428118257			array([  15.10568339,    6.98943377,   -1.29186894,   -3.22605004,
       -170.67415422, -134.12952844, -154.37142901, -127.16041349,
       -175.75482933, -157.07091167])
						array([0.0138696 , 0.02332042, 0.02172008, 0.02130869, 0.02050335,
       0.01657643, 0.01245808, 0.00014125, 0.00286266, 0.02562998])

 75.6812908897			array([  15.11263721,    6.98549934,   -1.29741315,   -3.21036026,
       -170.6775809 , -134.12957767, -154.37578125, -127.16027075,
       -175.75472574, -157.08554683])
						array([7.64725382e-03, 1.28581344e-02, 1.19757589e-02, 1.17489290e-02,
       1.13048890e-02, 9.13971525e-03, 6.86898613e-03, 7.78782081e-05,
       1.57838185e-03, 1.41315500e-02])

 75.7325378305			array([  15.10911947,    6.99044251,   -1.28778014,   -3.21145826,
       -170.67172011, -134.13202531, -154.37484615, -127.16022049,
       -175.75467472, -157.08568012])
						array([4.21645105e-03, 7.08956382e-03, 6.60305025e-03, 6.47798351e-03,
       6.23315402e-03, 5.03934652e-03, 3.78733914e-03, 4.29395519e-05,
       8.70269243e-04, 7.79168447e-03])

 75.7329501665			array([  15.1062237 ,    6.99010632,   -1.28704647,   -3.21539326,
       -170.66977663, -134.13363854, -154.38033379, -127.16024067,
       -175.7546916 , -157.08376488])
						array([3.45748986e-03, 5.81344233e-03, 5.41450120e-03, 5.31194648e-03,
       5.11118630e-03, 4.13226415e-03, 3.10561810e-03, 3.52104325e-05,
       7.13620780e-04, 6.38918126e-03])

 75.732592372			array([  15.10775701,    6.98274194,   -1.28669426,   -3.21637817,
       -170.66798096, -134.1340171 , -154.37838524, -127.16030184,
       -175.75526677, -157.08562454])
						array([4.21645105e-03, 7.08956382e-03, 6.60305025e-03, 6.47798351e-03,
       6.23315402e-03, 5.03934652e-03, 3.78733914e-03, 4.29395519e-05,
       8.70269243e-04, 7.79168447e-03])

 75.6995028211			array([  15.10463786,    6.98909755,   -1.28950772,   -3.20990402,
       -170.66926711, -134.11586319, -154.3841219 , -127.16049317,
       -175.75532588, -157.06306633])
						array([7.64725382e-03, 1.28581344e-02, 1.19757589e-02, 1.17489290e-02,
       1.13048890e-02, 9.13971525e-03, 6.86898613e-03, 7.78782081e-05,
       1.57838185e-03, 1.41315500e-02])

 75.7437002644			array([  15.10457617,    6.99598364,   -1.28926501,   -3.21816026,
       -170.66957328, -134.1134006 , -154.38897806, -127.16041576,
       -175.7555307 , -157.06034439])
						array([7.64725382e-03, 1.28581344e-02, 1.19757589e-02, 1.17489290e-02,
       1.13048890e-02, 9.13971525e-03, 6.86898613e-03, 7.78782081e-05,
       1.57838185e-03, 1.41315500e-02])

 75.7394218496			array([  15.10363529,    6.99061087,   -1.28712421,   -3.21930623,
       -170.66036646, -134.11521009, -154.3876589 , -127.16042997,
       -175.75623405, -157.04973392])
						array([2.32481618e-03, 3.90895862e-03, 3.64071061e-03, 3.57175281e-03,
       3.43676167e-03, 2.77853441e-03, 2.08821761e-03, 2.36754948e-05,
       4.79838612e-04, 4.29608548e-03])

 75.728436593			array([  15.10034155,    6.98570872,   -1.28623689,   -3.21863876,
       -170.65947936, -134.10913479, -154.38908508, -127.1604148 ,
       -175.75649781, -157.05366597])
						array([2.32481618e-03, 3.90895862e-03, 3.64071061e-03, 3.57175281e-03,
       3.43676167e-03, 2.77853441e-03, 2.08821761e-03, 2.36754948e-05,
       4.79838612e-04, 4.29608548e-03])

 75.7459958702			array([  15.10180039,    6.98060332,   -1.28384651,   -3.21741618,
       -170.65739325, -134.10987658, -154.38756663, -127.16039856,
       -175.75743365, -157.05570125])
						array([2.83514168e-03, 4.76702271e-03, 4.43989098e-03, 4.35579611e-03,
       4.19117276e-03, 3.38845660e-03, 2.54660684e-03, 2.88725547e-05,
       5.85169039e-04, 5.23912864e-03])

 75.7203225174			array([  15.10568779,    6.98698081,   -1.28706478,   -3.21372094,
       -170.66076608, -134.11185138, -154.38512185, -127.1603862 ,
       -175.75756665, -157.06093135])
						array([5.14201347e-03, 8.64580954e-03, 8.05250030e-03, 7.89997989e-03,
       7.60140734e-03, 6.14554453e-03, 4.61870627e-03, 5.23653071e-05,
       1.06130396e-03, 9.50205423e-03])

 75.6852425781			array([  15.11186833,    6.98093176,   -1.29530923,   -3.20942114,
       -170.65268562, -134.11617845, -154.38772326, -127.16032289,
       -175.75676901, -157.06616594])
						array([6.27074814e-03, 1.05436702e-02, 9.82012232e-03, 9.63412181e-03,
       9.27000895e-03, 7.49456651e-03, 5.63256863e-03, 6.38601307e-05,
       1.29427312e-03, 1.15878710e-02])

 75.7176188111			array([  15.10984493,    6.96997605,   -1.32028492,   -3.20096842,
       -170.67567381, -134.11029572, -154.39683169, -127.16028583,
       -175.75546872, -157.09039677])
						array([9.32591930e-03, 1.56806516e-02, 1.46045841e-02, 1.43279622e-02,
       1.37864500e-02, 1.11459942e-02, 8.37681235e-03, 9.49734245e-05,
       1.92485591e-03, 1.72335976e-02])

 75.7374067507			array([  15.09878393,    6.98748553,   -1.32502994,   -3.19176048,
       -170.69782485, -134.09580922, -154.40584356, -127.16037215,
       -175.75397701, -157.11752211])
						array([0.0138696 , 0.02332042, 0.02172008, 0.02130869, 0.02050335,
       0.01657643, 0.01245808, 0.00014125, 0.00286266, 0.02562998])

 75.6833121599			array([  15.09400304,    6.98335948,   -1.32595238,   -3.21076362,
       -170.68920548, -134.10114948, -154.41398486, -127.16056282,
       -175.75594144, -157.07883939])
						array([0.01691415, 0.02843954, 0.02648791, 0.02598621, 0.02500408,
       0.02021516, 0.01519278, 0.00017225, 0.00349105, 0.03125607])

 75.6754689972			array([  15.08707087,    6.99502334,   -1.30839642,   -3.2042934 ,
       -170.68035216, -134.09892616, -154.37918661, -127.16059063,
       -175.75978378, -157.0059189 ])
						array([0.03067669, 0.05157996, 0.04804034, 0.04713042, 0.04534917,
       0.03666365, 0.0275547 , 0.00031241, 0.00633162, 0.05668822])

 75.6622425877			array([  15.08595071,    6.9875037 ,   -1.3159161 ,   -3.20844518,
       -170.66917006, -134.09622225, -154.37789281, -127.16064341,
       -175.76017709, -157.00470691])
						array([2.83514168e-03, 4.76702271e-03, 4.43989098e-03, 4.35579611e-03,
       4.19117276e-03, 3.38845660e-03, 2.54660684e-03, 2.88725547e-05,
       5.85169039e-04, 5.23912864e-03])

 75.6460946065			array([  15.08741153,    6.98252966,   -1.31012557,   -3.21506165,
       -170.67191568, -134.10035101, -154.38030021, -127.16065099,
       -175.76012611, -156.99731426])
						array([2.32481618e-03, 3.90895862e-03, 3.64071061e-03, 3.57175281e-03,
       3.43676167e-03, 2.77853441e-03, 2.08821761e-03, 2.36754948e-05,
       4.79838612e-04, 4.29608548e-03])

 75.6548302673			array([  15.08829599,    6.98306855,   -1.31169232,   -3.21858272,
       -170.67283162, -134.10198793, -154.37849184, -127.16064611,
       -175.76022418, -156.99074299])
						array([1.90634927e-03, 3.20534607e-03, 2.98538270e-03, 2.92883731e-03,
       2.81814457e-03, 2.27839822e-03, 1.71233844e-03, 1.94139058e-05,
       3.93467662e-04, 3.52279010e-03])

 75.6507800769			array([  15.08805064,    6.98132105,   -1.30889181,   -3.21778422,
       -170.67546311, -134.09889515, -154.37966938, -127.16065636,
       -175.76033778, -156.98363452])
						array([2.32481618e-03, 3.90895862e-03, 3.64071061e-03, 3.57175281e-03,
       3.43676167e-03, 2.77853441e-03, 2.08821761e-03, 2.36754948e-05,
       4.79838612e-04, 4.29608548e-03])

 75.6326180013			array([  15.09287299,    6.97964553,   -1.3089573 ,   -3.21608005,
       -170.67847513, -134.09797037, -154.37934538, -127.16064389,
       -175.76025388, -156.9800945 ])
						array([2.32481618e-03, 3.90895862e-03, 3.64071061e-03, 3.57175281e-03,
       3.43676167e-03, 2.77853441e-03, 2.08821761e-03, 2.36754948e-05,
       4.79838612e-04, 4.29608548e-03])

 75.6286396295			array([  15.09178579,    6.98140439,   -1.3121481 ,   -3.21149059,
       -170.68102585, -134.09976852, -154.37977602, -127.16059787,
       -175.76018973, -156.98101959])
						array([1.90634927e-03, 3.20534607e-03, 2.98538270e-03, 2.92883731e-03,
       2.81814457e-03, 2.27839822e-03, 1.71233844e-03, 1.94139058e-05,
       3.93467662e-04, 3.52279010e-03])

 75.6284006943			array([  15.09095111,    6.98503391,   -1.30974862,   -3.21070025,
       -170.68440434, -134.0984859 , -154.38029648, -127.16059123,
       -175.75963105, -156.97994822])
						array([2.32481618e-03, 3.90895862e-03, 3.64071061e-03, 3.57175281e-03,
       3.43676167e-03, 2.77853441e-03, 2.08821761e-03, 2.36754948e-05,
       4.79838612e-04, 4.29608548e-03])

 75.6333770888			array([  15.09171164,    6.98439645,   -1.3034918 ,   -3.21404876,
       -170.68141368, -134.09675941, -154.37835846, -127.16060334,
       -175.75962263, -156.97693297])
						array([2.83514168e-03, 4.76702271e-03, 4.43989098e-03, 4.35579611e-03,
       4.19117276e-03, 3.38845660e-03, 2.54660684e-03, 2.88725547e-05,
       5.85169039e-04, 5.23912864e-03])

 75.631781792			array([  15.0907634 ,    6.98558509,   -1.30768819,   -3.21331349,
       -170.68434954, -134.09359603, -154.37427624, -127.16062893,
       -175.76052047, -156.97774953])
						array([3.45748986e-03, 5.81344233e-03, 5.41450120e-03, 5.31194648e-03,
       5.11118630e-03, 4.13226415e-03, 3.10561810e-03, 3.52104325e-05,
       7.13620780e-04, 6.38918126e-03])

 75.6210800823			array([  15.09655111,    6.98637169,   -1.30561055,   -3.21087051,
       -170.67980757, -134.0880689 , -154.3820183 , -127.16060298,
       -175.76022481, -156.97459003])
						array([6.27074814e-03, 1.05436702e-02, 9.82012232e-03, 9.63412181e-03,
       9.27000895e-03, 7.49456651e-03, 5.63256863e-03, 6.38601307e-05,
       1.29427312e-03, 1.15878710e-02])

 75.6229531303			array([  15.09761903,    6.98491247,   -1.30470523,   -3.20499056,
       -170.68887963, -134.07952707, -154.38418872, -127.16061814,
       -175.75928775, -156.97326084])
						array([3.45748986e-03, 5.81344233e-03, 5.41450120e-03, 5.31194648e-03,
       5.11118630e-03, 4.13226415e-03, 3.10561810e-03, 3.52104325e-05,
       7.13620780e-04, 6.38918126e-03])

 75.6203154316			array([  15.09782055,    6.98701057,   -1.30859597,   -3.20809262,
       -170.69220821, -134.08358355, -154.38684354, -127.16065165,
       -175.75963717, -156.97015649])
						array([1.56320640e-03, 2.62838378e-03, 2.44801381e-03, 2.40164659e-03,
       2.31087854e-03, 1.86828654e-03, 1.40411752e-03, 1.59194027e-05,
       3.22643483e-04, 2.88868788e-03])

 75.6229769385			array([  15.09747541,    6.9880174 ,   -1.30899516,   -3.20726043,
       -170.68984708, -134.08242835, -154.38826717, -127.1606674 ,
       -175.75967408, -156.9672953 ])
						array([1.56320640e-03, 2.62838378e-03, 2.44801381e-03, 2.40164659e-03,
       2.31087854e-03, 1.86828654e-03, 1.40411752e-03, 1.59194027e-05,
       3.22643483e-04, 2.88868788e-03])

 75.6240400789			array([  15.09391214,    6.98665685,   -1.31044805,   -3.20945524,
       -170.68966339, -134.08487337, -154.38695003, -127.1606918 ,
       -175.76034418, -156.96423497])
						array([1.90634927e-03, 3.20534607e-03, 2.98538270e-03, 2.92883731e-03,
       2.81814457e-03, 2.27839822e-03, 1.71233844e-03, 1.94139058e-05,
       3.93467662e-04, 3.52279010e-03])

 75.6248204946			array([  15.09372947,    6.98534149,   -1.30397123,   -3.20829699,
       -170.69904435, -134.07990987, -154.39129682, -127.16067904,
       -175.76068043, -156.96466126])
						array([5.14201347e-03, 8.64580954e-03, 8.05250030e-03, 7.89997989e-03,
       7.60140734e-03, 6.14554453e-03, 4.61870627e-03, 5.23653071e-05,
       1.06130396e-03, 9.50205423e-03])

 75.6211898923			array([  15.09524943,    6.98008898,   -1.30470698,   -3.20928486,
       -170.70056731, -134.07883868, -154.39091102, -127.16066319,
       -175.76077284, -156.9654533 ])
						array([1.28182925e-03, 2.15527470e-03, 2.00737133e-03, 1.96935020e-03,
       1.89492041e-03, 1.53199496e-03, 1.15137637e-03, 1.30539102e-05,
       2.64567656e-04, 2.36872406e-03])

 75.6192356064			array([  15.09649124,    6.98213127,   -1.3045168 ,   -3.20849101,
       -170.70127586, -134.08063382, -154.39049786, -127.16065996,
       -175.76101961, -156.96603317])
						array([1.05109998e-03, 1.76732525e-03, 1.64604449e-03, 1.61486717e-03,
       1.55383473e-03, 1.25623587e-03, 9.44128621e-04, 1.07042064e-05,
       2.16945478e-04, 1.94235373e-03])

 75.6206721899			array([  15.09768905,    6.98477967,   -1.30375413,   -3.20913382,
       -170.7035493 , -134.08186167, -154.39111936, -127.16064739,
       -175.76107725, -156.96720103])
						array([1.28182925e-03, 2.15527470e-03, 2.00737133e-03, 1.96935020e-03,
       1.89492041e-03, 1.53199496e-03, 1.15137637e-03, 1.30539102e-05,
       2.64567656e-04, 2.36872406e-03])

 75.6198104098			array([  15.0974344 ,    6.98452516,   -1.30421854,   -3.20959516,
       -170.70189778, -134.08233587, -154.39347488, -127.16064209,
       -175.76119294, -156.96756986])
						array([1.56320640e-03, 2.62838378e-03, 2.44801381e-03, 2.40164659e-03,
       2.31087854e-03, 1.86828654e-03, 1.40411752e-03, 1.59194027e-05,
       3.22643483e-04, 2.88868788e-03])

 75.6226245124			array([  15.09991668,    6.98633871,   -1.30413921,   -3.21020542,
       -170.69999253, -134.08363428, -154.39168914, -127.16065895,
       -175.76154535, -156.96896398])
						array([1.90634927e-03, 3.20534607e-03, 2.98538270e-03, 2.92883731e-03,
       2.81814457e-03, 2.27839822e-03, 1.71233844e-03, 1.94139058e-05,
       3.93467662e-04, 3.52279010e-03])

 75.6199659673			array([  15.09802216,    6.98339617,   -1.30379408,   -3.21029691,
       -170.70097478, -134.0868558 , -154.38973441, -127.160662  ,
       -175.76193262, -156.97541886])
						array([2.32481618e-03, 3.90895862e-03, 3.64071061e-03, 3.57175281e-03,
       3.43676167e-03, 2.77853441e-03, 2.08821761e-03, 2.36754948e-05,
       4.79838612e-04, 4.29608548e-03])

------------------------------------ 


------------------------------------ 
TOTAL GENERATIONS: 1000
------------------------------------ 
