------------------------------------ 
PARAMETERS used: 
 - DNA SIZE: '10'
 - c: '0.82'
 - s: '20'
 - num rotors in robot: '4'
 - num total generations: '1000'
------------------------------------ 


------------------------------------ 
Fitness_value		Individual
------------------------------------ 
 22508.9224471			array([ 146.54260784,   -7.71864742,  -30.01242759,   51.98950616,
         10.44858158,   -7.53891224,  -71.71190321, -152.15069152,
        169.91902702,  -31.49940871])
						array([4.11109476, 2.19613185, 3.80045866, 6.45619229, 4.17056234,
       0.14050739, 4.15472551, 5.83371408, 3.73261487, 4.13484613])

 20711.5842927			array([ 139.00097259,   -8.19575079,  -32.44639802,   52.51831678,
          9.49365328,   -7.41423437,  -76.08877829, -156.20969025,
        170.42647172,  -33.98339063])
						array([2.26672609, 1.21087683, 2.09545129, 3.55973783, 2.29951462,
       0.07747128, 2.2907827 , 3.21652327, 2.0580444 , 2.27982184])

 20710.934234			array([ 138.32094925,   -7.4743398 ,  -33.2835275 ,   53.75395795,
         10.17995757,   -7.38054711,  -72.14641603, -157.27616269,
        171.9659472 ,  -35.58123355])
						array([1.8587154 , 0.992919  , 1.71827006, 2.91898502, 1.88560198,
       0.06352645, 1.87844181, 2.63754908, 1.68759641, 1.86945391])

 20554.6517274			array([ 137.04109925,   -7.28654107,  -32.61585804,   55.86794113,
          9.93831228,   -7.35192346,  -70.38581188, -159.38773686,
        172.17044443,  -32.63075016])
						array([1.52414662, 0.81419358, 1.40898145, 2.39356772, 1.54619363,
       0.05209169, 1.54032229, 2.16279024, 1.38382905, 1.5329522 ])

 19389.4110395			array([ 133.41778888,   -7.56648079,  -31.12093029,   54.1013669 ,
          9.07126729,   -7.27869184,  -69.61641681, -163.42946159,
        173.41583986,  -34.78718055])
						array([1.8587154 , 0.992919  , 1.71827006, 2.91898502, 1.88560198,
       0.06352645, 1.87844181, 2.63754908, 1.68759641, 1.86945391])

 18795.0166638			array([ 133.77668992,   -5.67325953,  -30.70466351,   47.95388185,
          7.9371013 ,   -7.27683931,  -68.50277971, -164.31867074,
        175.72124863,  -33.31003008])
						array([2.26672609, 1.21087683, 2.09545129, 3.55973783, 2.29951462,
       0.07747128, 2.2907827 , 3.21652327, 2.0580444 , 2.27982184])

 17851.21424			array([ 130.55976184,   -4.90208798,  -29.85121608,   47.04984722,
          6.01462373,   -7.1593152 ,  -72.06437236, -169.23770178,
        176.33009111,  -39.08638827])
						array([2.76430011, 1.47667906, 2.5554284 , 4.34114369, 2.80428612,
       0.09447717, 2.79363744, 3.92258935, 2.50981024, 2.78027054])

 16913.7112103			array([ 129.50209132,   -5.38046515,  -21.91957682,   44.26257948,
          7.36558476,   -6.97871578,  -72.49528366, -167.99847867,
        173.17029511,  -35.39800764])
						array([4.11109476, 2.19613185, 3.80045866, 6.45619229, 4.17056234,
       0.14050739, 4.15472551, 5.83371408, 3.73261487, 4.13484613])

