------------------------------------ 
PARAMETERS used: 
 - DNA SIZE: '10'
 - c: '0.82'
 - s: '20'
 - num rotors in robot: '4'
 - num total generations: '1000'
------------------------------------ 


------------------------------------ 
Fitness_value		Individual
------------------------------------ 
 14026.2086261			array([ -36.31948393,   84.12899585,   62.35889795,  -45.802469  ,
        -13.74323827,  -47.09571723, -140.8582456 ,  145.04924554,
         77.11872737, -151.54797273])
						array([1.81432659, 0.8648428 , 0.51221999, 1.51499149, 3.95929387,
       3.29684971, 0.19009197, 0.08900047, 4.16390016, 0.0675906 ])

 13729.3687654			array([ -36.2566124 ,   83.1949359 ,   63.31705349,  -43.14741378,
         -9.69812157,  -48.76345896, -140.6595065 ,  145.12712457,
         77.0626651 , -151.51421623])
						array([1.4877478 , 0.7091711 , 0.42002039, 1.24229302, 3.24662097,
       2.70341676, 0.15587542, 0.07298039, 3.41439813, 0.05542429])

 13612.3324052			array([ -35.36297984,   83.70996879,   62.31408554,  -43.07642553,
        -14.9353977 ,  -48.42433135, -140.55331908,  145.12780172,
         74.28945629, -151.54191503])
						array([1.2199532 , 0.5815203 , 0.34441672, 1.01868028, 2.6622292 ,
       2.21680174, 0.12781784, 0.05984392, 2.79980647, 0.04544792])

 13466.3103389			array([ -35.19421722,   83.238457  ,   62.32535162,  -42.46090396,
        -17.60488412,  -49.8088036 , -140.65663438,  145.16192347,
         76.31466277, -151.57025511])
						array([1.2199532 , 0.5815203 , 0.34441672, 1.01868028, 2.6622292 ,
       2.21680174, 0.12781784, 0.05984392, 2.79980647, 0.04544792])

 13298.8948703			array([ -34.5221625 ,   81.84491802,   62.16743203,  -43.72269718,
        -18.18634619,  -51.83308505, -140.81677659,  145.14002496,
         76.83389196, -151.53152156])
						array([1.4877478 , 0.7091711 , 0.42002039, 1.24229302, 3.24662097,
       2.70341676, 0.15587542, 0.07298039, 3.41439813, 0.05542429])

 13261.6024695			array([ -35.89323888,   81.21029951,   61.78253431,  -43.83156689,
        -11.70839149,  -51.22497611, -141.25647169,  145.21867647,
         70.12458714, -151.57576118])
						array([1.81432659, 0.8648428 , 0.51221999, 1.51499149, 3.95929387,
       3.29684971, 0.19009197, 0.08900047, 4.16390016, 0.0675906 ])

 13195.1293487			array([ -34.58379082,   80.7430644 ,   62.76702514,  -43.742168  ,
         -9.00684917,  -56.41974843, -141.45940463,  145.2585448 ,
         69.75664492, -151.76666002])
						array([2.69828463, 1.28620285, 0.76177868, 2.25311048, 5.88830141,
       4.90310784, 0.28270668, 0.13236239, 6.19259393, 0.10052141])

 12423.467345			array([ -28.7563908 ,   78.45007231,   61.44146819,  -46.04705017,
         -0.49469235,  -62.55989795, -141.94332935,  145.32877978,
         68.14172956, -151.91966942])
						array([3.29059102, 1.56854007, 0.92899839, 2.74769571, 7.18085538,
       5.9793998 , 0.34476425, 0.16141755, 7.55194381, 0.12258708])

