------------------------------------ 
PARAMETERS used: 
 - DNA SIZE: '10'
 - c: '0.82'
 - s: '20'
 - num rotors in robot: '4'
 - num total generations: '1000'
------------------------------------ 


------------------------------------ 
Fitness_value		Individual
------------------------------------ 
 15049.4301972			array([  67.24491331,  -43.16730382,  -91.20083816,   20.57730027,
        -80.43468959,  180.        ,   -9.2412204 , -142.30422104,
       -130.7815959 , -146.70979542])
						array([9.12704212, 7.56197458, 7.34783867, 0.12270616, 2.04507914,
       6.66805762, 9.06304311, 9.58222269, 7.69142911, 9.14241553])

 14001.8687485			array([  67.73444127,  -35.66362925,  -88.73046625,   20.62566916,
        -80.33260173,  168.57654025,  -15.4804336 , -143.79425983,
       -134.15255855, -142.82169691])
						array([6.13702312, 5.08467171, 4.94068672, 0.08250762, 1.37511121,
       4.48360195, 6.09399019, 6.44308653, 5.17171693, 6.1473602 ])

 12483.5688207			array([  68.60155578,  -33.59793287,  -80.54512498,   20.65977181,
        -81.48324043,  172.14836856,   -9.83077324, -139.92981985,
       -131.1868994 , -155.33851841])
						array([5.03235896, 4.1694308 , 4.05136311, 0.06765625, 1.12759119,
       3.6765536 , 4.99707196, 5.28333096, 4.24080788, 5.04083537])

 12480.9674694			array([  68.12659011,  -31.03557149,  -82.27478796,   20.68114162,
        -82.07699775,  178.30213171,  -11.22084229, -152.08613986,
       -130.40179918, -158.58357301])
						array([6.13702312, 5.08467171, 4.94068672, 0.08250762, 1.37511121,
       4.48360195, 6.09399019, 6.44308653, 5.17171693, 6.1473602 ])

 11897.1170359			array([  68.66866985,  -34.98283545,  -76.40140016,   20.61674805,
        -81.85929923,  180.        ,   -8.21433191, -157.6513624 ,
       -126.04849936, -162.22027263])
						array([7.48417454, 6.20081915, 6.02522771, 0.10061905, 1.67696489,
       5.46780725, 7.43169535, 7.8574226 , 6.30697187, 7.49678073])

 9605.24865233			array([ 4.46137362e+01, -3.09603925e+01, -7.78900393e+01,  2.06723311e+01,
       -8.31852714e+01,  1.78587108e+02, -1.22047297e-01, -1.64388392e+02,
       -1.22644289e+02, -1.65389982e+02])
						array([9.12704212, 7.56197458, 7.34783867, 0.12270616, 2.04507914,
       6.66805762, 9.06304311, 9.58222269, 7.69142911, 9.14241553])

 8871.79196693			array([  30.07260683,  -27.97265227,  -79.66588007,   20.5616202 ,
        -82.05014307,  169.20770375,   -7.33340889, -128.50731774,
       -131.64633068, -140.5856408 ])
						array([20.18713304, 16.72552672, 16.25190231,  0.27140069,  4.52329288,
       14.74836695, 20.04558045, 21.19389849, 17.01185341, 20.22113585])

