------------------------------------ 
PARAMETERS used: 
 - DNA SIZE: '10'
 - c: '0.82'
 - s: '15'
 - num rotors in robot: '10'
 - num total generations: '10000'
------------------------------------ 


------------------------------------ 
Fitness_value		Individual
------------------------------------ 
 75565.4911368			array([147.7844752 , -28.87571904, -90.88837193, -29.27831035,
        11.25116227, -24.65801711,  93.48610212,  94.7846192 ,
       152.68266231, -47.15219401])
						array([1.34932139, 0.97030809, 2.21517845, 1.00067069, 3.4748733 ,
       1.51127583, 2.94848684, 2.93827122, 0.28413483, 0.48038278])

 75100.6816529			array([148.40061776, -27.6535444 , -90.77195377, -27.31134175,
         5.33612223, -24.50253218,  92.65146   ,  94.58056211,
       152.26986749, -47.29519985])
						array([1.10644354, 0.79565263, 1.81644633, 0.82054997, 2.8493961 ,
       1.23924618, 2.41775921, 2.4093824 , 0.23299056, 0.39391388])

 74515.5821495			array([148.3835592 , -27.92334945, -92.62638131, -26.92661541,
         5.23197138, -22.29968773,  89.83194659,  93.05893936,
       152.3116016 , -46.75662727])
						array([0.9072837 , 0.65243516, 1.48948599, 0.67285097, 2.33650481,
       1.01618187, 1.98256255, 1.97569357, 0.19105226, 0.32300938])

 73545.17454			array([147.86255048, -27.15019053, -92.43991237, -27.33585081,
        10.28145335, -22.07451347,  88.33401702,  90.46004928,
       152.13963985, -46.47389876])
						array([1.10644354, 0.79565263, 1.81644633, 0.82054997, 2.8493961 ,
       1.23924618, 2.41775921, 2.4093824 , 0.23299056, 0.39391388])

 73531.1364793			array([147.38639228, -25.70961168, -92.57000179, -26.34621026,
        14.25594175, -21.75257438,  88.36756618,  90.61343398,
       152.39625661, -47.27564886])
						array([1.34932139, 0.97030809, 2.21517845, 1.00067069, 3.4748733 ,
       1.51127583, 2.94848684, 2.93827122, 0.28413483, 0.48038278])

 71528.704529			array([145.47311326, -24.67511358, -88.99347056, -26.90024864,
        15.80930375, -22.52217357,  85.25220042,  88.85388987,
       152.15281335, -47.58074989])
						array([1.64551389, 1.18330255, 2.70143713, 1.22033012, 4.23765036,
       1.84301931, 3.59571566, 3.58325758, 0.34650588, 0.58583266])

 70446.4137077			array([145.87564195, -22.04964649, -94.50689547, -27.54314069,
        12.22221014, -22.6751617 ,  79.09589268,  84.46748744,
       151.26966894, -47.40279055])
						array([2.44722471, 1.75981937, 4.0176043 , 1.81488714, 6.30227597,
       2.74095674, 5.34758426, 5.32905649, 0.51532702, 0.87125618])

 68601.3006194			array([141.3119858 , -24.0005989 , -95.29696173, -26.40102618,
        10.09405701, -25.17102307,  76.23615631,  85.08642272,
       150.15076701, -46.29994302])
						array([2.98442038, 2.14612119, 4.89951743, 2.213277  , 7.6857024 ,
       3.34263017, 6.52144422, 6.49884937, 0.62844758, 1.06250754])

 68001.771674			array([141.32132679, -21.88927552, -87.50618621, -22.90506947,
        37.19606958, -23.65814019,  71.72345162,  86.426292  ,
       151.17179638, -46.8798473 ])
						array([ 5.41275586,  3.89235717,  8.88611133,  4.01415571, 13.93933345,
        6.06243048, 11.82775247, 11.78677285,  1.13979698,  1.92703882])

 65332.8864553			array([142.14163159, -17.30929564, -90.14472727, -15.53009928,
        -1.37360436, -22.01088522,  78.2637979 ,  76.27638933,
       149.11554152, -45.5407244 ])
						array([ 8.04990462,  5.78875248, 13.21551359,  5.96989249, 20.73071601,
        9.01610719, 17.59035168, 17.52940638,  1.69511745,  2.86591139])

 60897.5738928			array([142.69141793,  -6.98119928, -69.0544071 , -32.12430441,
        35.11179319,   3.75482588,  79.04770045,  54.30643425,
       150.11753756, -44.9878361 ])
						array([11.9718986 ,  8.60909054, 19.65424388,  8.87848377, 30.83092803,
       13.40884472, 26.16054682, 26.06990836,  2.52099562,  4.26221207])

 58544.0762577			array([127.53968419,   3.19044339, -64.69897885, -54.322215  ,
        42.60520143,   6.62705871,  63.94026534,  67.70781549,
       147.88989323, -54.05729437])
						array([11.9718986 ,  8.60909054, 19.65424388,  8.87848377, 30.83092803,
       13.40884472, 26.16054682, 26.06990836,  2.52099562,  4.26221207])

 55709.2329469			array([ 1.27883025e+02, -8.15677990e-02, -6.34794289e+01, -5.70650594e+01,
        5.13629682e+01,  9.95950996e+00,  4.36426325e+01,  5.41163408e+01,
        1.48284403e+02, -5.17314615e+01])
						array([ 8.04990462,  5.78875248, 13.21551359,  5.96989249, 20.73071601,
        9.01610719, 17.59035168, 17.52940638,  1.69511745,  2.86591139])

 54302.2822303			array([130.05936119,   0.53810046, -49.83012664, -61.54974316,
        57.18211851,   3.09182707,  52.0277525 ,  36.62497386,
       145.8513307 , -51.86555058])
						array([ 6.60092179,  4.74677703, 10.83672114,  4.89531184, 16.99918713,
        7.3932079 , 14.42408838, 14.37411323,  1.38999631,  2.35004734])

 53080.2643827			array([123.66341636,   3.99708077, -42.22127655, -67.28877558,
        46.13669431,   6.54196397,  60.57792187,  41.13250861,
       147.39563587, -48.46896812])
						array([ 8.04990462,  5.78875248, 13.21551359,  5.96989249, 20.73071601,
        9.01610719, 17.59035168, 17.52940638,  1.69511745,  2.86591139])

 46934.9016513			array([120.25362083,  15.19769983, -41.19033269, -58.53974954,
        27.26487351,  28.34664492,  23.58597463,  32.32320984,
       147.00100418, -50.3831882 ])
						array([ 8.04990462,  5.78875248, 13.21551359,  5.96989249, 20.73071601,
        9.01610719, 17.59035168, 17.52940638,  1.69511745,  2.86591139])

 45048.0255616			array([115.72141125,  13.19705721, -34.71091604, -54.31398154,
        50.0922585 ,  22.12140825,   3.03133221,  29.15698808,
       145.91070109, -48.66537964])
						array([ 5.41275586,  3.89235717,  8.88611133,  4.01415571, 13.93933345,
        6.06243048, 11.82775247, 11.78677285,  1.13979698,  1.92703882])

 44198.3135989			array([111.961802  ,  11.51621647, -19.00120154, -48.191554  ,
        59.13568962,  27.17187343,  -3.76016581,  33.27000519,
       146.50460747, -47.78135525])
						array([ 5.41275586,  3.89235717,  8.88611133,  4.01415571, 13.93933345,
        6.06243048, 11.82775247, 11.78677285,  1.13979698,  1.92703882])

 41387.7606021			array([108.02733251,   8.20096684,  -0.1887582 , -46.76567665,
        40.61765269,  19.65154974, -36.15356927,  28.24119884,
       146.29837883, -46.01713069])
						array([ 6.60092179,  4.74677703, 10.83672114,  4.89531184, 16.99918713,
        7.3932079 , 14.42408838, 14.37411323,  1.38999631,  2.35004734])

 38545.2391386			array([107.80048694,   2.90218256,   5.38095219, -46.49406598,
        22.27005529,  33.60930557, -13.44911009,   1.07659548,
       145.50717642, -43.49111336])
						array([14.59987634, 10.4988909 , 23.9685901 , 10.82741923, 37.59869272,
       16.35224966, 31.90310588, 31.79257117,  3.0743849 ,  5.19781959])

 38483.7396241			array([ 86.17577489,   9.29665565,   6.65886079, -57.54279253,
        32.3304577 ,  47.79905933, -10.03603616, -23.54235878,
       148.82639148, -38.69893002])
						array([17.80472724, 12.80352548, 29.22998792, 13.20416979, 45.8520643 ,
       19.94176788, 38.90622668, 38.77142826,  3.74924988,  6.33880438])

 32549.5078078			array([ 63.63237266,  -5.40196141,   0.6420648 , -57.86669815,
       -26.74025252,  40.18995899,  15.50997654,  30.91694983,
       142.02205034, -36.09167957])
						array([ 39.38038116,  28.31875529,  64.65069924,  29.2048978 ,
       101.41530082,  44.1070739 ,  86.05254186,  85.75439558,
         8.29256676,  14.02012675])

