------------------------------------ 
PARAMETERS used: 
 - DNA SIZE: '10'
 - c: '0.75'
 - s: '10'
 - num rotors in robot: '4'
 - num total generations: '1000'
------------------------------------ 


------------------------------------ 
Fitness_value		Individual
------------------------------------ 
 61512.7019562			array([-108.73055392,  -22.03521031,  147.58046334,  162.64336683,
         81.5826172 ,   -7.02995594, -133.68087907, -103.49979696,
         48.58741575,  -16.97953037])
						array([2.96357945, 1.38277868, 2.69172514, 1.55154111, 2.34671551,
       2.13534686, 2.32246477, 0.28505553, 1.04053794, 0.68709916])

 60405.6746594			array([-108.93503201,  -21.67088676,  143.69714124,  162.47829319,
         79.35433426,   -6.96409833, -133.93947125, -103.43562559,
         47.49214771,  -17.02646208])
						array([2.96357945, 1.38277868, 2.69172514, 1.55154111, 2.34671551,
       2.13534686, 2.32246477, 0.28505553, 1.04053794, 0.68709916])

 59219.4495994			array([-108.13807778,  -22.26416058,  142.72064945,  160.08167512,
         76.25092853,   -8.73448553, -132.38844971, -103.34590286,
         46.23752754,  -16.69545774])
						array([3.95143927, 1.84370491, 3.58896686, 2.06872148, 3.12895402,
       2.84712915, 3.09661969, 0.38007404, 1.38738391, 0.91613221])

 58443.7740867			array([-108.09547509,  -21.97826861,  140.13141654,  159.96846935,
         79.95402751,   -5.11848772, -131.89732291, -103.49938083,
         46.48782582,  -16.51885047])
						array([5.2685857 , 2.45827322, 4.78528915, 2.75829531, 4.17193869,
       3.7961722 , 4.12882626, 0.50676539, 1.84984522, 1.22150961])

 58016.9943354			array([-106.03911324,  -21.43233764,  142.37023848,  158.21598633,
         80.76663687,   -4.98900161, -127.63347262, -103.09674383,
         44.44508785,  -18.65040238])
						array([7.02478093, 3.27769762, 6.38038553, 3.67772707, 5.56258492,
       5.06156294, 5.50510168, 0.67568718, 2.46646029, 1.62867949])

 57211.7892519			array([-105.03638602,  -28.71682937,  138.61249463,  158.28138682,
         86.8787639 ,   11.22895587, -127.12287695, -103.1833049 ,
         46.93873666,  -20.93478261])
						array([9.36637457, 4.3702635 , 8.5071807 , 4.9036361 , 7.41677989,
       6.74875058, 7.34013557, 0.90091624, 3.28861372, 2.17157265])

 53643.6701907			array([-106.10046971,  -31.15472136,  125.21431953,  156.48730218,
         80.80823447,   11.07151923, -121.87333377, -103.43615672,
         37.65046516,  -19.93718175])
						array([12.48849943,  5.827018  , 11.3429076 ,  6.53818146,  9.88903985,
        8.99833411,  9.78684742,  1.20122166,  4.3848183 ,  2.8954302 ])

 50412.5256407			array([-101.60937989,  -25.92053048,  125.07165207,  150.53020572,
         90.95942529,   16.64563145, -142.70188528, -104.29564229,
         37.8128957 ,  -20.77254566])
						array([16.65133257,  7.76935733, 15.1238768 ,  8.71757529, 13.18538647,
       11.99777881, 13.0491299 ,  1.60162887,  5.8464244 ,  3.8605736 ])

 44181.001602			array([ -75.1395815 ,  -31.69563541,   99.82585394,  163.67095551,
        116.25616688,   15.29388792, -149.06085122, -103.02400839,
         23.27281016,  -21.10347866])
						array([39.46982536, 18.41625441, 35.84918946, 20.66388216, 31.25424941,
       28.43917941, 30.93127087,  3.79645363, 13.85819116,  9.15098926])

 27341.5977338			array([ -60.92510132,    2.30496677,   11.35613186,  150.73715407,
         51.65459677,  -55.16029189,  -94.85487468, -112.88125672,
        -23.8911393 ,  -38.01057041])
						array([124.7441394 ,  58.20445837, 113.301142  ,  65.30807201,
        98.77886233,  89.88185097,  97.75809066,  11.99866826,
        43.79872762,  28.92164508])

 26608.6737469			array([  -9.93040486,   87.42874409,   92.32978472,  109.82530253,
        101.52309316, -106.30356639, -180.        , -100.86071387,
        -71.02292483,  -27.45307763])
						array([221.76735893, 103.47459265, 201.42425245, 116.10323914,
       175.60686637, 159.78995728, 173.79216118,  21.33096579,
        77.86440465,  51.41625793])

 26517.4648374			array([  49.47093709,   74.65616436,  108.90491799,   97.25828942,
        114.98576313, -111.29158978, -175.87694691, -103.44440036,
        -66.4633169 ,  -31.8732648 ])
						array([16.65133257,  7.76935733, 15.1238768 ,  8.71757529, 13.18538647,
       11.99777881, 13.0491299 ,  1.60162887,  5.8464244 ,  3.8605736 ])

 25157.4130947			array([  70.34786066,   77.91479331,   89.57964357,   96.35084705,
        103.76471468, -107.94622609, -167.13413295, -101.44943439,
        -70.52199979,  -35.41554979])
						array([12.48849943,  5.827018  , 11.3429076 ,  6.53818146,  9.88903985,
        8.99833411,  9.78684742,  1.20122166,  4.3848183 ,  2.8954302 ])

 24575.3602211			array([  56.84393447,   78.7329204 ,   99.64992549,   90.34899283,
        118.78086116, -114.99315105, -167.32334281, -103.07721049,
        -65.99026604,  -34.2001665 ])
						array([16.65133257,  7.76935733, 15.1238768 ,  8.71757529, 13.18538647,
       11.99777881, 13.0491299 ,  1.60162887,  5.8464244 ,  3.8605736 ])

 23510.4562287			array([  53.0588733 ,   75.75159743,   95.46935343,   93.09371599,
        102.41020419,  -98.94846612, -180.        , -104.02960959,
        -66.75672117,  -27.78577567])
						array([22.20177676, 10.3591431 , 20.16516907, 11.62343372, 17.58051529,
       15.99703842, 17.39883987,  2.13550517,  7.79523253,  5.14743146])

 21073.6821204			array([  34.19298442,   97.18027674,   48.84829246,  102.28248024,
        140.40940291,  -87.30921396, -180.        ,  -99.72631465,
        -27.83943883,  -42.7300616 ])
						array([52.62643381, 24.55500587, 47.79891928, 27.55184288, 41.67233255,
       37.91890588, 41.2416945 ,  5.06193817, 18.47758821, 12.20131902])

 20416.7832697			array([  61.9796902 ,  113.40088879,   35.94043923,   73.15778404,
        130.62443063,  -91.93809661, -180.        , -104.31605703,
        -31.49150587,  -35.2862683 ])
						array([29.60236902, 13.8121908 , 26.8868921 , 15.49791162, 23.44068706,
       21.32938456, 23.19845316,  2.84734022, 10.39364337,  6.86324195])

 16544.797656			array([  11.1818035 ,  105.37874957,   62.00412149,   58.46941765,
        122.40318248, -133.45928706, -180.        , -110.73986285,
        -34.42921048,  -35.56006038])
						array([29.60236902, 13.8121908 , 26.8868921 , 15.49791162, 23.44068706,
       21.32938456, 23.19845316,  2.84734022, 10.39364337,  6.86324195])

 15295.5447725			array([   1.68049151,   85.80157279,   60.96680951,   76.05852642,
         64.96164069, -134.24324541, -180.        , -109.32276656,
        -38.6953723 ,  -44.49583137])
						array([39.46982536, 18.41625441, 35.84918946, 20.66388216, 31.25424941,
       28.43917941, 30.93127087,  3.79645363, 13.85819116,  9.15098926])

 12646.3924064			array([  21.8877059 ,   71.98684256,   73.65962422,   58.7173301 ,
         71.75461477, -113.07371365, -180.        , -111.17740454,
        -38.01294237,  -53.02455035])
						array([52.62643381, 24.55500587, 47.79891928, 27.55184288, 41.67233255,
       37.91890588, 41.2416945 ,  5.06193817, 18.47758821, 12.20131902])

 5335.57888992			array([  10.19607728,    2.40213037,   40.31631061,   64.45984692,
        115.61940958, -155.15147768, -111.00399639, -123.72889917,
          3.48529549,    6.17971863])
						array([124.7441394 ,  58.20445837, 113.301142  ,  65.30807201,
        98.77886233,  89.88185097,  97.75809066,  11.99866826,
        43.79872762,  28.92164508])

 3383.4147927			array([ 3.71816679e+01,  1.95822928e+01,  4.12143116e+01,  3.35591032e+01,
        1.14999926e+02, -1.80000000e+02, -8.91299126e+01, -1.07350433e+02,
        1.15699192e-01,  4.84398839e+01])
						array([93.55810455, 43.65334378, 84.9758565 , 48.98105401, 74.08414675,
       67.41138823, 73.318568  ,  8.99900119, 32.84904571, 21.69123381])

 2611.09566497			array([  21.41179486,   26.50356729,   13.48395592,   45.64520681,
        112.236055  , -153.02181887,  -80.14193657, -110.15219495,
         -5.28517398,   52.89779742])
						array([22.20177676, 10.3591431 , 20.16516907, 11.62343372, 17.58051529,
       15.99703842, 17.39883987,  2.13550517,  7.79523253,  5.14743146])

 2520.10683568			array([  10.77260777,   30.53134245,   -3.5780379 ,   44.19759042,
         95.09519269, -153.25477912,  -84.16137278, -109.95041802,
        -11.61988292,   52.01135993])
						array([22.20177676, 10.3591431 , 20.16516907, 11.62343372, 17.58051529,
       15.99703842, 17.39883987,  2.13550517,  7.79523253,  5.14743146])

 1067.83136486			array([   0.17447812,   23.16398592,   19.29300253,   21.87390443,
         95.93981905, -128.23393062,  -86.04545561, -108.2066473 ,
         -6.78698658,   47.26622064])
						array([29.60236902, 13.8121908 , 26.8868921 , 15.49791162, 23.44068706,
       21.32938456, 23.19845316,  2.84734022, 10.39364337,  6.86324195])

 200.95342085			array([  17.99262679,   11.16324015,    2.12743515,   10.78737499,
         85.53951862, -153.76783475,  -72.16831837, -109.30588584,
         -1.98900201,   42.045066  ])
						array([22.20177676, 10.3591431 , 20.16516907, 11.62343372, 17.58051529,
       15.99703842, 17.39883987,  2.13550517,  7.79523253,  5.14743146])

 93.9128415658			array([ 1.26174673e+01,  5.27614856e+00,  1.06900471e+01, -1.39421825e-01,
        9.53469935e+01, -1.44942636e+02, -7.96254259e+01, -1.09352579e+02,
        3.52115304e+00,  4.41838052e+01])
						array([16.65133257,  7.76935733, 15.1238768 ,  8.71757529, 13.18538647,
       11.99777881, 13.0491299 ,  1.60162887,  5.8464244 ,  3.8605736 ])

 67.4643338565			array([  15.51665313,    7.18771043,    5.87338454,    1.77227767,
         89.64854936, -152.00211267,  -73.36599535, -110.50215613,
          9.02255629,   43.53237784])
						array([12.48849943,  5.827018  , 11.3429076 ,  6.53818146,  9.88903985,
        8.99833411,  9.78684742,  1.20122166,  4.3848183 ,  2.8954302 ])

 57.9620966904			array([   8.44056438,    7.93477427,    4.46787061,    5.15590332,
         89.72028983, -153.33764931,  -79.398646  , -110.48392762,
          6.55928225,   44.95072593])
						array([3.95143927, 1.84370491, 3.58896686, 2.06872148, 3.12895402,
       2.84712915, 3.09661969, 0.38007404, 1.38738391, 0.91613221])

 41.798611959			array([   8.46224372,    7.11405231,    2.64235941,    5.63057388,
         87.12424841, -157.97944692,  -76.27330604, -109.58171697,
          7.10011589,   46.37533897])
						array([5.2685857 , 2.45827322, 4.78528915, 2.75829531, 4.17193869,
       3.7961722 , 4.12882626, 0.50676539, 1.84984522, 1.22150961])

 39.6650472356			array([   9.77969451,    7.0346711 ,    4.7790188 ,    5.61801971,
         87.92760914, -157.9965107 ,  -77.17273801, -109.50236866,
          6.56527059,   46.06714012])
						array([0.7032713 , 0.32813986, 0.63875899, 0.36818798, 0.55688659,
       0.50672782, 0.55113178, 0.06764501, 0.24692453, 0.16305185])

 36.7716799033			array([   9.5009662 ,    6.96176624,    4.73404563,    5.71478523,
         88.04331392, -158.06797156,  -77.33742627, -109.49693014,
          6.54820228,   46.11997654])
						array([0.16688958, 0.07786913, 0.1515805 , 0.08737273, 0.1321518 ,
       0.12024889, 0.13078615, 0.01605248, 0.05859635, 0.03869297])

 34.3934107438			array([   9.46219964,    7.04145203,    4.67108262,    5.76211842,
         88.02980627, -158.06337031,  -77.56669788, -109.49744256,
          6.51273277,   46.14342648])
						array([0.22251943, 0.1038255 , 0.20210734, 0.11649698, 0.1762024 ,
       0.16033185, 0.17438154, 0.02140331, 0.07812846, 0.05159062])

 33.9809443482			array([   9.44823232,    7.05162566,    4.6352838 ,    5.73579279,
         87.92206034, -158.13983894,  -77.46145932, -109.50678884,
          6.5572345 ,   46.14340779])
						array([0.07040654, 0.03285104, 0.06394802, 0.03686037, 0.05575154,
       0.05073   , 0.05517541, 0.00677214, 0.02472033, 0.0163236 ])

 32.4081714451			array([   9.42847665,    7.03579706,    4.64905882,    5.73119541,
         87.92746325, -158.15753957,  -77.44489988, -109.50647175,
          6.55656341,   46.14257873])
						array([0.0167078 , 0.00779571, 0.01517517, 0.00874714, 0.0132301 ,
       0.01203847, 0.01309338, 0.00160706, 0.00586625, 0.00387367])

 32.1553510161			array([   9.42169193,    7.03821051,    4.64076886,    5.72573894,
         87.92541634, -158.17132657,  -77.45513187, -109.5085872 ,
          6.54531008,   46.1473362 ])
						array([0.02227707, 0.01039427, 0.02023355, 0.01166285, 0.01764014,
       0.01605129, 0.01745784, 0.00214275, 0.00782167, 0.00516489])

 29.5706384885			array([   9.37724353,    7.04142087,    4.63092089,    5.7446589 ,
         87.94386984, -158.17389797,  -77.38015497, -109.50236943,
          6.53197545,   46.12921814])
						array([0.0528049 , 0.02463828, 0.04796102, 0.02764528, 0.04181365,
       0.0380475 , 0.04138156, 0.0050791 , 0.01854025, 0.0122427 ])

 28.9142100537			array([   9.34132126,    7.03379126,    4.56254191,    5.7382266 ,
         87.97146815, -158.17684461,  -77.36793638, -109.49559446,
          6.53021846,   46.12485346])
						array([0.07040654, 0.03285104, 0.06394802, 0.03686037, 0.05575154,
       0.05073   , 0.05517541, 0.00677214, 0.02472033, 0.0163236 ])

 22.5991653244			array([   9.26371259,    6.98262924,    4.70025602,    5.75462235,
         87.83019045, -158.29285786,  -77.40056731, -109.50294232,
          6.49714042,   46.13615894])
						array([0.09387539, 0.04380138, 0.08526403, 0.04914716, 0.07433539,
       0.06764   , 0.07356721, 0.00902952, 0.03296045, 0.02176479])

 22.4256004338			array([   9.12757164,    7.00004889,    4.64317373,    5.60707884,
         87.8428579 , -158.47684852,  -77.4212832 , -109.48938093,
          6.5247758 ,   46.13290042])
						array([0.29669258, 0.138434  , 0.26947645, 0.1553293 , 0.23493653,
       0.2137758 , 0.23250872, 0.02853774, 0.10417129, 0.0687875 ])

 22.1651261391			array([   9.15310486,    6.93496851,    4.62366264,    5.6302689 ,
         87.88755389, -158.46136304,  -77.4095069 , -109.49150969,
          6.52597975,   46.08498385])
						array([0.09387539, 0.04380138, 0.08526403, 0.04914716, 0.07433539,
       0.06764   , 0.07356721, 0.00902952, 0.03296045, 0.02176479])

 21.8887304913			array([   9.1052687 ,    6.94570837,    4.65697557,    5.62545591,
         87.86096115, -158.4610058 ,  -77.37463324, -109.48301094,
          6.53327299,   46.08208695])
						array([0.03960368, 0.01847871, 0.03597076, 0.02073396, 0.03136024,
       0.02853562, 0.03103617, 0.00380933, 0.01390519, 0.00918202])

 21.5344857506			array([   9.12429019,    6.96624251,    4.68864589,    5.62984292,
         87.83977369, -158.46995779,  -77.39850935, -109.47803221,
          6.52254071,   46.0738277 ])
						array([0.0528049 , 0.02463828, 0.04796102, 0.02764528, 0.04181365,
       0.0380475 , 0.04138156, 0.0050791 , 0.01854025, 0.0122427 ])

 22.08338264			array([   9.1007    ,    6.99900384,    4.56784449,    5.66244075,
         87.87071518, -158.43684683,  -77.30622   , -109.47275294,
          6.51664731,   46.07493085])
						array([0.0528049 , 0.02463828, 0.04796102, 0.02764528, 0.04181365,
       0.0380475 , 0.04138156, 0.0050791 , 0.01854025, 0.0122427 ])

 20.7648790308			array([   9.1140175 ,    7.00324834,    4.585518  ,    5.68866089,
         87.83382017, -158.49679529,  -77.33623678, -109.47719414,
          6.53170982,   46.06235625])
						array([0.0528049 , 0.02463828, 0.04796102, 0.02764528, 0.04181365,
       0.0380475 , 0.04138156, 0.0050791 , 0.01854025, 0.0122427 ])

 21.352890144			array([   9.17016968,    6.99450422,    4.58538694,    5.67433039,
         87.80574348, -158.45574874,  -77.30624594, -109.4784431 ,
          6.5271769 ,   46.05529818])
						array([0.07040654, 0.03285104, 0.06394802, 0.03686037, 0.05575154,
       0.05073   , 0.05517541, 0.00677214, 0.02472033, 0.0163236 ])

 20.72098475			array([   9.11913633,    6.98292136,    4.6946434 ,    5.65310721,
         87.74696221, -158.48087428,  -77.19629432, -109.48135253,
          6.50455306,   46.04367503])
						array([0.09387539, 0.04380138, 0.08526403, 0.04914716, 0.07433539,
       0.06764   , 0.07356721, 0.00902952, 0.03296045, 0.02176479])

 20.2769641506			array([   9.08918469,    7.01791209,    4.70519802,    5.697162  ,
         87.82588799, -158.58426861,  -77.11164541, -109.46688834,
          6.50338241,   46.04549081])
						array([0.09387539, 0.04380138, 0.08526403, 0.04914716, 0.07433539,
       0.06764   , 0.07356721, 0.00902952, 0.03296045, 0.02176479])

 19.495079274			array([   9.13989816,    6.9882302 ,    4.70607434,    5.77440932,
         87.76343868, -158.57071699,  -77.11642114, -109.46409334,
          6.5351435 ,   46.03160657])
						array([0.0528049 , 0.02463828, 0.04796102, 0.02764528, 0.04181365,
       0.0380475 , 0.04138156, 0.0050791 , 0.01854025, 0.0122427 ])

 19.4396361604			array([   9.11787964,    6.95884863,    4.61721435,    5.73673416,
         87.78243046, -158.54531657,  -77.13926407, -109.46200335,
          6.53996144,   46.02684895])
						array([0.0528049 , 0.02463828, 0.04796102, 0.02764528, 0.04181365,
       0.0380475 , 0.04138156, 0.0050791 , 0.01854025, 0.0122427 ])

 19.4274920607			array([   9.10732188,    6.95590077,    4.62396046,    5.73669508,
         87.78486096, -158.55106322,  -77.13925827, -109.46186731,
          6.54115096,   46.02534338])
						array([0.00528645, 0.00246661, 0.00480152, 0.00276765, 0.00418609,
       0.00380905, 0.00414283, 0.00050848, 0.00185612, 0.00122565])

 19.4669274042			array([   9.10967567,    6.95466911,    4.62142765,    5.73498649,
         87.78554785, -158.55272982,  -77.14204306, -109.46200302,
          6.54117042,   46.026148  ])
						array([0.00528645, 0.00246661, 0.00480152, 0.00276765, 0.00418609,
       0.00380905, 0.00414283, 0.00050848, 0.00185612, 0.00122565])

 19.3864446683			array([   9.11262177,    6.95737232,    4.62377053,    5.73406815,
         87.78385076, -158.55635177,  -77.14667215, -109.46116555,
          6.53926592,   46.02688468])
						array([0.0070486 , 0.00328881, 0.00640202, 0.0036902 , 0.00558145,
       0.00507873, 0.00552377, 0.00067798, 0.00247482, 0.0016342 ])

 19.3706425346			array([   9.10281494,    6.95911352,    4.6279277 ,    5.74142325,
         87.78135224, -158.55966758,  -77.14180875, -109.46186589,
          6.5382135 ,   46.02814532])
						array([0.00939814, 0.00438508, 0.00853603, 0.00492027, 0.00744193,
       0.00677164, 0.00736503, 0.00090397, 0.00329977, 0.00217894])

 19.2979212383			array([   9.11788621,    6.95823733,    4.62584953,    5.74207798,
         87.78756856, -158.55937314,  -77.13928811, -109.46230839,
          6.53602562,   46.02875474])
						array([0.01253085, 0.00584678, 0.01138137, 0.00656035, 0.00992258,
       0.00902885, 0.00982004, 0.0012053 , 0.00439969, 0.00290525])

 19.3414791412			array([   9.10808941,    6.9581722 ,    4.62764423,    5.73838838,
         87.78210545, -158.56878119,  -77.146347  , -109.46183174,
          6.53570924,   46.02600649])
						array([0.0167078 , 0.00779571, 0.01517517, 0.00874714, 0.0132301 ,
       0.01203847, 0.01309338, 0.00160706, 0.00586625, 0.00387367])

 19.2129703458			array([   9.11020013,    6.95422843,    4.64112012,    5.74638787,
         87.77456748, -158.57103784,  -77.16742734, -109.46274614,
          6.53186244,   46.02370278])
						array([0.02227707, 0.01039427, 0.02023355, 0.01166285, 0.01764014,
       0.01605129, 0.01745784, 0.00214275, 0.00782167, 0.00516489])

 19.4148988508			array([   9.14824937,    6.95774595,    4.64510026,    5.70879372,
         87.82068573, -158.60376253,  -77.1249175 , -109.46505461,
          6.53567181,   46.01447609])
						array([0.0528049 , 0.02463828, 0.04796102, 0.02764528, 0.04181365,
       0.0380475 , 0.04138156, 0.0050791 , 0.01854025, 0.0122427 ])

 19.446060359			array([   9.16746084,    6.9778786 ,    4.69590761,    5.75075474,
         87.84776347, -158.69304345,  -77.1038505 , -109.45928778,
          6.51963957,   46.01148041])
						array([0.09387539, 0.04380138, 0.08526403, 0.04914716, 0.07433539,
       0.06764   , 0.07356721, 0.00902952, 0.03296045, 0.02176479])

 19.4129559366			array([   9.12760748,    7.01032786,    4.6239987 ,    5.7650508 ,
         87.77053827, -158.79392492,  -77.06202022, -109.45348432,
          6.52656386,   45.98989122])
						array([0.07040654, 0.03285104, 0.06394802, 0.03686037, 0.05575154,
       0.05073   , 0.05517541, 0.00677214, 0.02472033, 0.0163236 ])

 19.4580541579			array([   9.11642686,    7.01086711,    4.62392498,    5.7662015 ,
         87.79098332, -158.77539461,  -77.05257744, -109.45537689,
          6.52407576,   45.98719717])
						array([0.0167078 , 0.00779571, 0.01517517, 0.00874714, 0.0132301 ,
       0.01203847, 0.01309338, 0.00160706, 0.00586625, 0.00387367])

 19.4405371213			array([   9.11062921,    7.0100583 ,    4.62106852,    5.74643807,
         87.7911125 , -158.78348824,  -77.04248659, -109.45723365,
          6.52533813,   45.98740077])
						array([0.02227707, 0.01039427, 0.02023355, 0.01166285, 0.01764014,
       0.01605129, 0.01745784, 0.00214275, 0.00782167, 0.00516489])

 19.4607790956			array([   9.08439532,    7.00145403,    4.64013782,    5.73786334,
         87.78412247, -158.76834404,  -77.04018306, -109.45839187,
          6.52327388,   45.9866381 ])
						array([0.02970276, 0.01385903, 0.02697807, 0.01555047, 0.02352018,
       0.02140172, 0.02327713, 0.002857  , 0.01042889, 0.00688652])

 19.4549950008			array([   9.08541136,    7.00183419,    4.68360419,    5.73650757,
         87.82704751, -158.77474615,  -77.03003089, -109.46002595,
          6.5172967 ,   45.98221872])
						array([0.03960368, 0.01847871, 0.03597076, 0.02073396, 0.03136024,
       0.02853562, 0.03103617, 0.00380933, 0.01390519, 0.00918202])

 19.427891357			array([   9.097553  ,    6.99326215,    4.70125771,    5.74736108,
         87.79000141, -158.83719049,  -77.00894519, -109.45334446,
          6.51525973,   45.96377856])
						array([0.02970276, 0.01385903, 0.02697807, 0.01555047, 0.02352018,
       0.02140172, 0.02327713, 0.002857  , 0.01042889, 0.00688652])

 19.3558122281			array([   9.10408704,    6.99487261,    4.69421978,    5.76695014,
         87.79206754, -158.81572455,  -77.00187998, -109.45453438,
          6.50084112,   45.96827927])
						array([0.0167078 , 0.00779571, 0.01517517, 0.00874714, 0.0132301 ,
       0.01203847, 0.01309338, 0.00160706, 0.00586625, 0.00387367])

 19.3859505385			array([   9.10259335,    7.00020928,    4.69407441,    5.76519761,
         87.79946835, -158.80989208,  -76.98738862, -109.45521206,
          6.50559094,   45.96559608])
						array([0.02227707, 0.01039427, 0.02023355, 0.01166285, 0.01764014,
       0.01605129, 0.01745784, 0.00214275, 0.00782167, 0.00516489])

 19.4905084256			array([   9.08634587,    6.9892112 ,    4.67553455,    5.7760543 ,
         87.77259649, -158.83179071,  -76.9966428 , -109.45709826,
          6.50637194,   45.96736219])
						array([0.02970276, 0.01385903, 0.02697807, 0.01555047, 0.02352018,
       0.02140172, 0.02327713, 0.002857  , 0.01042889, 0.00688652])

 19.200984655			array([   9.12143872,    6.97579118,    4.67414785,    5.78052431,
         87.77075637, -158.80728655,  -76.93768394, -109.45653505,
          6.51305258,   45.96344784])
						array([0.07040654, 0.03285104, 0.06394802, 0.03686037, 0.05575154,
       0.05073   , 0.05517541, 0.00677214, 0.02472033, 0.0163236 ])

 19.4883997167			array([   9.12842174,    6.97598381,    4.68615156,    5.79324422,
         87.77052322, -158.78393195,  -76.93327973, -109.45437892,
          6.51976176,   45.96647066])
						array([0.0167078 , 0.00779571, 0.01517517, 0.00874714, 0.0132301 ,
       0.01203847, 0.01309338, 0.00160706, 0.00586625, 0.00387367])

 19.4932523504			array([   9.12882561,    6.98009783,    4.68976964,    5.79188542,
         87.76900673, -158.78556359,  -76.9332894 , -109.45398855,
          6.51765163,   45.96701871])
						array([0.0070486 , 0.00328881, 0.00640202, 0.0036902 , 0.00558145,
       0.00507873, 0.00552377, 0.00067798, 0.00247482, 0.0016342 ])

 19.4277466177			array([   9.12397247,    6.97810079,    4.68077154,    5.79252788,
         87.75592746, -158.78048866,  -76.9279677 , -109.45353729,
          6.51407955,   45.96437989])
						array([0.00939814, 0.00438508, 0.00853603, 0.00492027, 0.00744193,
       0.00677164, 0.00736503, 0.00090397, 0.00329977, 0.00217894])

 19.3926715226			array([   9.12910006,    6.98748103,    4.6844688 ,    5.78905902,
         87.74918013, -158.78183829,  -76.94382685, -109.45482797,
          6.50857785,   45.96186357])
						array([0.0167078 , 0.00779571, 0.01517517, 0.00874714, 0.0132301 ,
       0.01203847, 0.01309338, 0.00160706, 0.00586625, 0.00387367])

 19.3575355828			array([   9.11650277,    6.9964992 ,    4.67974342,    5.78552683,
         87.78019993, -158.77386905,  -76.95679253, -109.45471   ,
          6.50564873,   45.95921064])
						array([0.02227707, 0.01039427, 0.02023355, 0.01166285, 0.01764014,
       0.01605129, 0.01745784, 0.00214275, 0.00782167, 0.00516489])

 19.3299521001			array([   9.11535543,    6.97755461,    4.69155495,    5.77772251,
         87.78766017, -158.76807803,  -76.94794817, -109.45393852,
          6.52072816,   45.95512912])
						array([0.02970276, 0.01385903, 0.02697807, 0.01555047, 0.02352018,
       0.02140172, 0.02327713, 0.002857  , 0.01042889, 0.00688652])

 19.0416965362			array([   9.11214483,    6.97139703,    4.66542059,    5.76216883,
         87.82415371, -158.74613407,  -76.94080677, -109.44808514,
          6.52632404,   45.96302435])
						array([0.03960368, 0.01847871, 0.03597076, 0.02073396, 0.03136024,
       0.02853562, 0.03103617, 0.00380933, 0.01390519, 0.00918202])

 19.1303379998			array([   9.14396223,    6.99269842,    4.68634398,    5.75901428,
         87.85782909, -158.74273205,  -76.92133867, -109.44830239,
          6.52671531,   45.96541537])
						array([0.0528049 , 0.02463828, 0.04796102, 0.02764528, 0.04181365,
       0.0380475 , 0.04138156, 0.0050791 , 0.01854025, 0.0122427 ])

 19.0320289102			array([   9.13666286,    6.95988133,    4.65587801,    5.73968067,
         87.84258451, -158.76479652,  -76.86564912, -109.45237797,
          6.54663028,   45.98927865])
						array([0.07040654, 0.03285104, 0.06394802, 0.03686037, 0.05575154,
       0.05073   , 0.05517541, 0.00677214, 0.02472033, 0.0163236 ])

 19.3286514786			array([   9.14758323,    6.95721107,    4.65835588,    5.71134511,
         87.87208136, -158.782805  ,  -76.87085018, -109.45344891,
          6.54810055,   45.96595046])
						array([0.02970276, 0.01385903, 0.02697807, 0.01555047, 0.02352018,
       0.02140172, 0.02327713, 0.002857  , 0.01042889, 0.00688652])

 19.257931918			array([   9.12733573,    6.94485821,    4.65476296,    5.72718832,
         87.87804041, -158.8008791 ,  -76.8804574 , -109.45253387,
          6.55205623,   45.96760957])
						array([0.0167078 , 0.00779571, 0.01517517, 0.00874714, 0.0132301 ,
       0.01203847, 0.01309338, 0.00160706, 0.00586625, 0.00387367])

 19.4840490481			array([   9.11763273,    6.93599763,    4.67090126,    5.72116096,
         87.87310552, -158.81485651,  -76.89385723, -109.449169  ,
          6.54743098,   45.96826408])
						array([0.02227707, 0.01039427, 0.02023355, 0.01166285, 0.01764014,
       0.01605129, 0.01745784, 0.00214275, 0.00782167, 0.00516489])

 19.4235152939			array([   9.1129308 ,    6.94490352,    4.68924331,    5.73088882,
         87.85871358, -158.81865213,  -76.8790974 , -109.45068261,
          6.5562255 ,   45.96766517])
						array([0.01253085, 0.00584678, 0.01138137, 0.00656035, 0.00992258,
       0.00902885, 0.00982004, 0.0012053 , 0.00439969, 0.00290525])

 19.4270286941			array([   9.12145228,    6.95105872,    4.69984121,    5.73332448,
         87.8592893 , -158.81079556,  -76.86697588, -109.45037517,
          6.55371375,   45.96779751])
						array([0.01253085, 0.00584678, 0.01138137, 0.00656035, 0.00992258,
       0.00902885, 0.00982004, 0.0012053 , 0.00439969, 0.00290525])

 19.4346374319			array([   9.13003988,    6.95630846,    4.70367654,    5.73026342,
         87.85770996, -158.82412916,  -76.87610142, -109.44889504,
          6.55291923,   45.96859855])
						array([0.0167078 , 0.00779571, 0.01517517, 0.00874714, 0.0132301 ,
       0.01203847, 0.01309338, 0.00160706, 0.00586625, 0.00387367])

 19.4626744713			array([   9.08267803,    6.96182813,    4.67391712,    5.73317181,
         87.87755013, -158.83984989,  -76.93352752, -109.44581349,
          6.56730014,   45.96358459])
						array([0.02970276, 0.01385903, 0.02697807, 0.01555047, 0.02352018,
       0.02140172, 0.02327713, 0.002857  , 0.01042889, 0.00688652])

 19.0243543404			array([   9.10742809,    6.97165109,    4.66481438,    5.73951321,
         87.85034907, -158.86959433,  -76.94644886, -109.44481381,
          6.56001024,   45.95729163])
						array([0.02227707, 0.01039427, 0.02023355, 0.01166285, 0.01764014,
       0.01605129, 0.01745784, 0.00214275, 0.00782167, 0.00516489])

 19.2037452367			array([   9.12864105,    6.9579391 ,    4.68708455,    5.72909849,
         87.85436422, -158.88174505,  -76.97754733, -109.44183712,
          6.56360933,   45.95258988])
						array([0.02970276, 0.01385903, 0.02697807, 0.01555047, 0.02352018,
       0.02140172, 0.02327713, 0.002857  , 0.01042889, 0.00688652])

 19.3763585492			array([   9.11684031,    6.96602885,    4.70200178,    5.72651082,
         87.83816077, -158.8642949 ,  -76.99586236, -109.44047487,
          6.58456052,   45.95418042])
						array([0.03960368, 0.01847871, 0.03597076, 0.02073396, 0.03136024,
       0.02853562, 0.03103617, 0.00380933, 0.01390519, 0.00918202])

 19.0543977392			array([   9.13603596,    6.97846253,    4.64901452,    5.72212405,
         87.840798  , -158.84663677,  -76.97140861, -109.44034788,
          6.59644229,   45.94522901])
						array([0.0528049 , 0.02463828, 0.04796102, 0.02764528, 0.04181365,
       0.0380475 , 0.04138156, 0.0050791 , 0.01854025, 0.0122427 ])

 19.3650999995			array([   9.13786207,    6.94945898,    4.69541872,    5.74722235,
         87.77941564, -158.76815487,  -76.85102553, -109.43676311,
          6.58135778,   45.98018842])
						array([0.09387539, 0.04380138, 0.08526403, 0.04914716, 0.07433539,
       0.06764   , 0.07356721, 0.00902952, 0.03296045, 0.02176479])

 19.3473552663			array([   9.11939831,    6.94633848,    4.69070925,    5.74476325,
         87.76945811, -158.78091837,  -76.8429823 , -109.43636412,
          6.58128735,   45.97723037])
						array([0.0167078 , 0.00779571, 0.01517517, 0.00874714, 0.0132301 ,
       0.01203847, 0.01309338, 0.00160706, 0.00586625, 0.00387367])

 19.4662294112			array([   9.11712511,    6.94290168,    4.69512969,    5.74966697,
         87.75529445, -158.781889  ,  -76.8415175 , -109.43613483,
          6.58283664,   45.9785627 ])
						array([0.00939814, 0.00438508, 0.00853603, 0.00492027, 0.00744193,
       0.00677164, 0.00736503, 0.00090397, 0.00329977, 0.00217894])

 19.4801200575			array([   9.11961821,    6.94502614,    4.69749152,    5.75703942,
         87.74375437, -158.78276719,  -76.84854148, -109.4356608 ,
          6.58015062,   45.9760679 ])
						array([0.01253085, 0.00584678, 0.01138137, 0.00656035, 0.00992258,
       0.00902885, 0.00982004, 0.0012053 , 0.00439969, 0.00290525])

 19.2131239828			array([   9.11832315,    6.94747078,    4.67099578,    5.75706821,
         87.74796112, -158.77842992,  -76.85084549, -109.43424052,
          6.58158844,   45.97357012])
						array([0.0167078 , 0.00779571, 0.01517517, 0.00874714, 0.0132301 ,
       0.01203847, 0.01309338, 0.00160706, 0.00586625, 0.00387367])

 19.4672225967			array([   9.10845263,    6.94327884,    4.69166289,    5.74412804,
         87.757319  , -158.76235933,  -76.8531735 , -109.43405555,
          6.58118959,   45.96627227])
						array([0.0167078 , 0.00779571, 0.01517517, 0.00874714, 0.0132301 ,
       0.01203847, 0.01309338, 0.00160706, 0.00586625, 0.00387367])

 19.4750990221			array([   9.11167628,    6.93544682,    4.68036838,    5.73858809,
         87.75886561, -158.75830354,  -76.8444851 , -109.43495456,
          6.58296477,   45.96772553])
						array([0.0167078 , 0.00779571, 0.01517517, 0.00874714, 0.0132301 ,
       0.01203847, 0.01309338, 0.00160706, 0.00586625, 0.00387367])

 19.3666713794			array([   9.12872158,    6.93646407,    4.67446864,    5.7374861 ,
         87.7724962 , -158.75861236,  -76.85125974, -109.43734168,
          6.5798383 ,   45.96733649])
						array([0.02227707, 0.01039427, 0.02023355, 0.01166285, 0.01764014,
       0.01605129, 0.01745784, 0.00214275, 0.00782167, 0.00516489])

 19.2694565878			array([   9.13579559,    6.94711333,    4.64010232,    5.73649616,
         87.75209891, -158.74607954,  -76.84460851, -109.43891272,
          6.59203415,   45.96942936])
						array([0.02970276, 0.01385903, 0.02697807, 0.01555047, 0.02352018,
       0.02140172, 0.02327713, 0.002857  , 0.01042889, 0.00688652])

 19.3039828945			array([   9.13540874,    6.98082462,    4.64671854,    5.70293746,
         87.71581948, -158.74902529,  -76.82558301, -109.44215642,
          6.58007967,   45.96898967])
						array([0.03960368, 0.01847871, 0.03597076, 0.02073396, 0.03136024,
       0.02853562, 0.03103617, 0.00380933, 0.01390519, 0.00918202])

 19.3972336763			array([   9.10854576,    6.95395665,    4.6490527 ,    5.71150751,
         87.77530557, -158.73850136,  -76.83068118, -109.44626374,
          6.59269384,   45.96946045])
						array([0.0528049 , 0.02463828, 0.04796102, 0.02764528, 0.04181365,
       0.0380475 , 0.04138156, 0.0050791 , 0.01854025, 0.0122427 ])

 19.2547060037			array([   9.12779114,    6.96499386,    4.67824084,    5.71048192,
         87.78563108, -158.75082021,  -76.78632467, -109.44997058,
          6.59371444,   45.98338159])
						array([0.02970276, 0.01385903, 0.02697807, 0.01555047, 0.02352018,
       0.02140172, 0.02327713, 0.002857  , 0.01042889, 0.00688652])

 19.1218488381			array([   9.13093596,    6.96125748,    4.67787903,    5.72576497,
         87.82994876, -158.73787692,  -76.78023213, -109.44895642,
          6.60008578,   45.98335374])
						array([0.02227707, 0.01039427, 0.02023355, 0.01166285, 0.01764014,
       0.01605129, 0.01745784, 0.00214275, 0.00782167, 0.00516489])

 19.121703257			array([   9.10408211,    6.96050812,    4.65786123,    5.74546269,
         87.82713586, -158.75109815,  -76.7766422 , -109.44982551,
          6.60486969,   45.98483866])
						array([0.02970276, 0.01385903, 0.02697807, 0.01555047, 0.02352018,
       0.02140172, 0.02327713, 0.002857  , 0.01042889, 0.00688652])

 19.3218042847			array([   9.11671418,    6.95616435,    4.69725754,    5.74706092,
         87.8008468 , -158.76585269,  -76.79529295, -109.44651259,
          6.59405779,   45.98444684])
						array([0.03960368, 0.01847871, 0.03597076, 0.02073396, 0.03136024,
       0.02853562, 0.03103617, 0.00380933, 0.01390519, 0.00918202])

 19.0409148052			array([   9.13977296,    6.96310839,    4.66361787,    5.75864277,
         87.77255401, -158.74797688,  -76.79871776, -109.4449588 ,
          6.589392  ,   45.9919837 ])
						array([0.0528049 , 0.02463828, 0.04796102, 0.02764528, 0.04181365,
       0.0380475 , 0.04138156, 0.0050791 , 0.01854025, 0.0122427 ])

 19.2004620559			array([   9.16094645,    6.96994623,    4.67254853,    5.75820191,
         87.75225745, -158.76967845,  -76.81543837, -109.44258805,
          6.55446315,   45.99117741])
						array([0.07040654, 0.03285104, 0.06394802, 0.03686037, 0.05575154,
       0.05073   , 0.05517541, 0.00677214, 0.02472033, 0.0163236 ])

 19.2021742411			array([   9.16356161,    6.96960581,    4.65176818,    5.74127033,
         87.77589042, -158.79518889,  -76.79531098, -109.440374  ,
          6.55722994,   45.98770285])
						array([0.02227707, 0.01039427, 0.02023355, 0.01166285, 0.01764014,
       0.01605129, 0.01745784, 0.00214275, 0.00782167, 0.00516489])

 19.0143638262			array([   9.13978607,    6.99327719,    4.67654703,    5.73556449,
         87.76871006, -158.76336058,  -76.80590404, -109.44023766,
          6.55663344,   45.98828077])
						array([0.02227707, 0.01039427, 0.02023355, 0.01166285, 0.01764014,
       0.01605129, 0.01745784, 0.00214275, 0.00782167, 0.00516489])

 19.2290177308			array([   9.10400129,    6.99264803,    4.68670695,    5.72752122,
         87.75859845, -158.77432202,  -76.81376006, -109.43903292,
          6.54888742,   45.99246544])
						array([0.02970276, 0.01385903, 0.02697807, 0.01555047, 0.02352018,
       0.02140172, 0.02327713, 0.002857  , 0.01042889, 0.00688652])

 19.2780288622			array([   9.09812487,    6.98413377,    4.66210108,    5.71390996,
         87.75869305, -158.74632672,  -76.78168686, -109.43779597,
          6.54359986,   45.98749481])
						array([0.03960368, 0.01847871, 0.03597076, 0.02073396, 0.03136024,
       0.02853562, 0.03103617, 0.00380933, 0.01390519, 0.00918202])

 18.9529796748			array([   9.12998749,    6.97735842,    4.64942683,    5.73692912,
         87.73176541, -158.75988131,  -76.77721331, -109.44127582,
          6.54011436,   45.98681641])
						array([0.0167078 , 0.00779571, 0.01517517, 0.00874714, 0.0132301 ,
       0.01203847, 0.01309338, 0.00160706, 0.00586625, 0.00387367])

 19.0131508185			array([   9.11181015,    6.97686588,    4.66395162,    5.72986068,
         87.72510892, -158.751241  ,  -76.78081378, -109.43893839,
          6.52480422,   45.9886132 ])
						array([0.0167078 , 0.00779571, 0.01517517, 0.00874714, 0.0132301 ,
       0.01203847, 0.01309338, 0.00160706, 0.00586625, 0.00387367])

 19.3197890307			array([   9.08797162,    6.97151942,    4.64853594,    5.73232504,
         87.71156359, -158.7600386 ,  -76.77909723, -109.4418722 ,
          6.53471149,   45.99024159])
						array([0.02227707, 0.01039427, 0.02023355, 0.01166285, 0.01764014,
       0.01605129, 0.01745784, 0.00214275, 0.00782167, 0.00516489])

 19.4401215432			array([   9.09742452,    6.98508055,    4.62498431,    5.72509576,
         87.71599584, -158.75533507,  -76.78066983, -109.44272878,
          6.54928515,   45.99160883])
						array([0.02970276, 0.01385903, 0.02697807, 0.01555047, 0.02352018,
       0.02140172, 0.02327713, 0.002857  , 0.01042889, 0.00688652])

 19.3532899829			array([   9.11589714,    6.99099651,    4.63267829,    5.71018051,
         87.78055721, -158.75816116,  -76.76934334, -109.43948371,
          6.54184913,   45.98215414])
						array([0.07040654, 0.03285104, 0.06394802, 0.03686037, 0.05575154,
       0.05073   , 0.05517541, 0.00677214, 0.02472033, 0.0163236 ])

 19.1611908037			array([   9.13236236,    6.94863674,    4.65702007,    5.75586701,
         87.77172675, -158.79472628,  -76.84883826, -109.43855903,
          6.52689497,   46.01056294])
						array([0.0528049 , 0.02463828, 0.04796102, 0.02764528, 0.04181365,
       0.0380475 , 0.04138156, 0.0050791 , 0.01854025, 0.0122427 ])

 19.3761685655			array([   9.12927492,    6.94190471,    4.63612363,    5.75464326,
         87.77547883, -158.79381537,  -76.85258176, -109.43800665,
          6.50381197,   46.00994393])
						array([0.02970276, 0.01385903, 0.02697807, 0.01555047, 0.02352018,
       0.02140172, 0.02327713, 0.002857  , 0.01042889, 0.00688652])

 19.395113361			array([   9.11098482,    6.95135086,    4.67786961,    5.77580266,
         87.75734625, -158.77823184,  -76.88884941, -109.43939239,
          6.49837008,   46.00085354])
						array([0.02970276, 0.01385903, 0.02697807, 0.01555047, 0.02352018,
       0.02140172, 0.02327713, 0.002857  , 0.01042889, 0.00688652])

 19.1003554934			array([   9.10430981,    6.9773269 ,    4.68062711,    5.749189  ,
         87.77005584, -158.77869395,  -76.93808724, -109.44160143,
          6.51096315,   45.98950427])
						array([0.03960368, 0.01847871, 0.03597076, 0.02073396, 0.03136024,
       0.02853562, 0.03103617, 0.00380933, 0.01390519, 0.00918202])

 19.281527565			array([   9.14717838,    6.95022013,    4.65177662,    5.76561892,
         87.74300603, -158.74207587,  -76.91853141, -109.44974381,
          6.52072394,   45.97333712])
						array([0.07040654, 0.03285104, 0.06394802, 0.03686037, 0.05575154,
       0.05073   , 0.05517541, 0.00677214, 0.02472033, 0.0163236 ])

 19.4181662552			array([   9.12142873,    7.0196015 ,    4.67428432,    5.77713943,
         87.7992136 , -158.67191596,  -76.86010528, -109.44741243,
          6.52992511,   45.95630611])
						array([0.07040654, 0.03285104, 0.06394802, 0.03686037, 0.05575154,
       0.05073   , 0.05517541, 0.00677214, 0.02472033, 0.0163236 ])

 19.4567766686			array([   9.12011737,    7.0226195 ,    4.6697371 ,    5.77772891,
         87.79985343, -158.68946798,  -76.86815986, -109.44692114,
          6.53081619,   45.95912208])
						array([0.00939814, 0.00438508, 0.00853603, 0.00492027, 0.00744193,
       0.00677164, 0.00736503, 0.00090397, 0.00329977, 0.00217894])

 19.4643384144			array([   9.12095375,    7.02218863,    4.67223844,    5.77831918,
         87.80628195, -158.68254666,  -76.87359635, -109.44797094,
          6.52912241,   45.95467591])
						array([0.00939814, 0.00438508, 0.00853603, 0.00492027, 0.00744193,
       0.00677164, 0.00736503, 0.00090397, 0.00329977, 0.00217894])

 19.3754855403			array([   9.12132075,    7.01989271,    4.66663474,    5.7754793 ,
         87.80437122, -158.69131736,  -76.87727095, -109.44730063,
          6.52817772,   45.95677751])
						array([0.01253085, 0.00584678, 0.01138137, 0.00656035, 0.00992258,
       0.00902885, 0.00982004, 0.0012053 , 0.00439969, 0.00290525])

 19.1966436829			array([   9.14557721,    7.00921837,    4.6642249 ,    5.76692891,
         87.80048034, -158.72752194,  -76.85910777, -109.44745864,
          6.52584929,   45.95173991])
						array([0.02227707, 0.01039427, 0.02023355, 0.01166285, 0.01764014,
       0.01605129, 0.01745784, 0.00214275, 0.00782167, 0.00516489])

 19.3309563423			array([   9.12611064,    7.01245889,    4.67535199,    5.77794107,
         87.80891588, -158.73737545,  -76.85017666, -109.44747583,
          6.52406418,   45.95312587])
						array([0.02970276, 0.01385903, 0.02697807, 0.01555047, 0.02352018,
       0.02140172, 0.02327713, 0.002857  , 0.01042889, 0.00688652])

 19.3667487253			array([   9.12787607,    6.99606054,    4.64916176,    5.78994986,
         87.82136233, -158.75669444,  -76.86377693, -109.44818883,
          6.548175  ,   45.95193908])
						array([0.0528049 , 0.02463828, 0.04796102, 0.02764528, 0.04181365,
       0.0380475 , 0.04138156, 0.0050791 , 0.01854025, 0.0122427 ])

 19.4339311902			array([   9.12980429,    6.99375497,    4.6588745 ,    5.79566161,
         87.81990437, -158.75573648,  -76.87089824, -109.44850765,
          6.54932201,   45.95139808])
						array([0.01253085, 0.00584678, 0.01138137, 0.00656035, 0.00992258,
       0.00902885, 0.00982004, 0.0012053 , 0.00439969, 0.00290525])

 19.4903959569			array([   9.14546159,    7.0013937 ,    4.6450185 ,    5.79044955,
         87.8144537 , -158.74004926,  -76.86191517, -109.44897177,
          6.55200977,   45.94675737])
						array([0.01253085, 0.00584678, 0.01138137, 0.00656035, 0.00992258,
       0.00902885, 0.00982004, 0.0012053 , 0.00439969, 0.00290525])

 19.4739918336			array([   9.11660296,    7.00188514,    4.65910289,    5.79379764,
         87.79928944, -158.73544349,  -76.8697538 , -109.44884924,
          6.55267106,   45.94703955])
						array([0.0167078 , 0.00779571, 0.01517517, 0.00874714, 0.0132301 ,
       0.01203847, 0.01309338, 0.00160706, 0.00586625, 0.00387367])

 19.4327862256			array([   9.12070989,    6.99764135,    4.66010884,    5.79403111,
         87.80125564, -158.73987893,  -76.87039469, -109.4486451 ,
          6.55160732,   45.94943467])
						array([0.00396484, 0.00184996, 0.00360114, 0.00207574, 0.00313957,
       0.00285678, 0.00310712, 0.00038136, 0.00139209, 0.00091924])

 19.4596723737			array([   9.12027719,    6.99856999,    4.65819565,    5.79495222,
         87.80035024, -158.73462312,  -76.86829507, -109.44883347,
          6.55269458,   45.94858845])
						array([0.00396484, 0.00184996, 0.00360114, 0.00207574, 0.00313957,
       0.00285678, 0.00310712, 0.00038136, 0.00139209, 0.00091924])

 19.4204354369			array([   9.12916889,    6.99887893,    4.66013037,    5.79361064,
         87.79551605, -158.73239594,  -76.86952094, -109.4485557 ,
          6.55284075,   45.94863418])
						array([0.00528645, 0.00246661, 0.00480152, 0.00276765, 0.00418609,
       0.00380905, 0.00414283, 0.00050848, 0.00185612, 0.00122565])

 19.4380754373			array([   9.13338067,    7.00226889,    4.65840327,    5.79293932,
         87.79234509, -158.72800576,  -76.86847737, -109.4475693 ,
          6.55150116,   45.94798909])
						array([0.0070486 , 0.00328881, 0.00640202, 0.0036902 , 0.00558145,
       0.00507873, 0.00552377, 0.00067798, 0.00247482, 0.0016342 ])

 19.3841490497			array([   9.1273075 ,    7.00248637,    4.65510535,    5.78978463,
         87.80560947, -158.72696131,  -76.8676972 , -109.45023279,
          6.55252955,   45.94708927])
						array([0.0167078 , 0.00779571, 0.01517517, 0.00874714, 0.0132301 ,
       0.01203847, 0.01309338, 0.00160706, 0.00586625, 0.00387367])

 19.4795699776			array([   9.13181947,    7.00159062,    4.66464347,    5.79549497,
         87.8085805 , -158.71817511,  -76.86796291, -109.44962962,
          6.54841515,   45.94388801])
						array([0.02227707, 0.01039427, 0.02023355, 0.01166285, 0.01764014,
       0.01605129, 0.01745784, 0.00214275, 0.00782167, 0.00516489])

 19.1990813247			array([   9.14023398,    6.9777282 ,    4.6469163 ,    5.7785734 ,
         87.86702942, -158.61435298,  -76.82102519, -109.45324889,
          6.56145789,   45.93669954])
						array([0.12516718, 0.05840185, 0.11368538, 0.06552955, 0.09911385,
       0.09018667, 0.09808962, 0.01203936, 0.04394726, 0.02901973])

 19.0703878601			array([   9.11936684,    6.96474714,    4.6657645 ,    5.76573268,
         87.8574287 , -158.60018715,  -76.78453744, -109.4537998 ,
          6.56396616,   45.93501359])
						array([0.0528049 , 0.02463828, 0.04796102, 0.02764528, 0.04181365,
       0.0380475 , 0.04138156, 0.0050791 , 0.01854025, 0.0122427 ])

 19.3902005734			array([   9.14999263,    6.95745811,    4.69450917,    5.76199343,
         87.86234524, -158.5672464 ,  -76.78742044, -109.44989838,
          6.56298457,   45.94648345])
						array([0.02970276, 0.01385903, 0.02697807, 0.01555047, 0.02352018,
       0.02140172, 0.02327713, 0.002857  , 0.01042889, 0.00688652])

 19.2677124959			array([   9.11814588,    6.94189348,    4.66792536,    5.75172097,
         87.88105021, -158.56504701,  -76.80153331, -109.45408312,
          6.56141365,   45.95791731])
						array([0.03960368, 0.01847871, 0.03597076, 0.02073396, 0.03136024,
       0.02853562, 0.03103617, 0.00380933, 0.01390519, 0.00918202])

 19.0959618585			array([   9.13781635,    6.95329908,    4.66100069,    5.75024287,
         87.92368625, -158.56870593,  -76.81897659, -109.4521482 ,
          6.54564001,   45.96385493])
						array([0.0167078 , 0.00779571, 0.01517517, 0.00874714, 0.0132301 ,
       0.01203847, 0.01309338, 0.00160706, 0.00586625, 0.00387367])

 19.1269277156			array([   9.15394648,    6.9656591 ,    4.65015818,    5.75300401,
         87.91954756, -158.5771142 ,  -76.81331781, -109.45152028,
          6.54760016,   45.96291761])
						array([0.0167078 , 0.00779571, 0.01517517, 0.00874714, 0.0132301 ,
       0.01203847, 0.01309338, 0.00160706, 0.00586625, 0.00387367])

 19.4307574588			array([   9.17854091,    6.97789141,    4.6505022 ,    5.7511005 ,
         87.91607777, -158.58054922,  -76.80960324, -109.45094116,
          6.54474833,   45.96054225])
						array([0.02227707, 0.01039427, 0.02023355, 0.01166285, 0.01764014,
       0.01605129, 0.01745784, 0.00214275, 0.00782167, 0.00516489])

 19.3181001829			array([   9.17015677,    6.98004195,    4.66544912,    5.76384186,
         87.87479938, -158.63694674,  -76.81359319, -109.45997091,
          6.55152621,   45.95746283])
						array([0.07040654, 0.03285104, 0.06394802, 0.03686037, 0.05575154,
       0.05073   , 0.05517541, 0.00677214, 0.02472033, 0.0163236 ])

 19.2168899379			array([   9.1409641 ,    6.98645023,    4.65505606,    5.78219284,
         87.89019806, -158.67619436,  -76.75668752, -109.46151096,
          6.53473265,   45.94677202])
						array([0.03960368, 0.01847871, 0.03597076, 0.02073396, 0.03136024,
       0.02853562, 0.03103617, 0.00380933, 0.01390519, 0.00918202])

 19.2041301508			array([   9.10427342,    6.99169253,    4.68988762,    5.75199165,
         87.81342445, -158.62864239,  -76.74628692, -109.46764969,
          6.50747973,   45.94059814])
						array([0.0528049 , 0.02463828, 0.04796102, 0.02764528, 0.04181365,
       0.0380475 , 0.04138156, 0.0050791 , 0.01854025, 0.0122427 ])

 19.4170645364			array([   9.08691218,    6.99029465,    4.68992254,    5.74340948,
         87.80228594, -158.63263816,  -76.73232744, -109.46689086,
          6.50166139,   45.93305862])
						array([0.01253085, 0.00584678, 0.01138137, 0.00656035, 0.00992258,
       0.00902885, 0.00982004, 0.0012053 , 0.00439969, 0.00290525])

 19.3635929513			array([   9.08809789,    6.9872325 ,    4.68740734,    5.74332804,
         87.80812559, -158.62908075,  -76.74173063, -109.46666299,
          6.50319312,   45.93304948])
						array([0.0070486 , 0.00328881, 0.00640202, 0.0036902 , 0.00558145,
       0.00507873, 0.00552377, 0.00067798, 0.00247482, 0.0016342 ])

 19.4208806889			array([   9.08519376,    6.98459172,    4.68853814,    5.74218887,
         87.80265268, -158.64018215,  -76.7333249 , -109.46707734,
          6.50229383,   45.93297231])
						array([0.00939814, 0.00438508, 0.00853603, 0.00492027, 0.00744193,
       0.00677164, 0.00736503, 0.00090397, 0.00329977, 0.00217894])

 19.1937817218			array([   9.09595771,    6.98745099,    4.67639938,    5.73243367,
         87.80187444, -158.6315509 ,  -76.73157201, -109.46869351,
          6.49826123,   45.93110529])
						array([0.01253085, 0.00584678, 0.01138137, 0.00656035, 0.00992258,
       0.00902885, 0.00982004, 0.0012053 , 0.00439969, 0.00290525])

 19.1114451751			array([   9.10798522,    6.99008987,    4.66925847,    5.72244668,
         87.78614623, -158.63717756,  -76.71592396, -109.47102881,
          6.50529078,   45.93392906])
						array([0.0167078 , 0.00779571, 0.01517517, 0.00874714, 0.0132301 ,
       0.01203847, 0.01309338, 0.00160706, 0.00586625, 0.00387367])

 19.4348458437			array([   9.0896218 ,    6.99062403,    4.69159429,    5.7307352 ,
         87.77291392, -158.62435601,  -76.70101473, -109.47171702,
          6.50151629,   45.93617256])
						array([0.02227707, 0.01039427, 0.02023355, 0.01166285, 0.01764014,
       0.01605129, 0.01745784, 0.00214275, 0.00782167, 0.00516489])

 19.3762809944			array([   9.09363152,    6.98116415,    4.68003091,    5.71620529,
         87.79615054, -158.61875333,  -76.70916057, -109.47186976,
          6.50296771,   45.93521181])
						array([0.0167078 , 0.00779571, 0.01517517, 0.00874714, 0.0132301 ,
       0.01203847, 0.01309338, 0.00160706, 0.00586625, 0.00387367])

 19.2083877749			array([   9.10450187,    6.97171134,    4.66676248,    5.71643376,
         87.77118442, -158.59778154,  -76.71049702, -109.4740586 ,
          6.50267845,   45.93243392])
						array([0.0167078 , 0.00779571, 0.01517517, 0.00874714, 0.0132301 ,
       0.01203847, 0.01309338, 0.00160706, 0.00586625, 0.00387367])

 19.3168471469			array([   9.10220776,    6.96972677,    4.6458338 ,    5.71367493,
         87.78354887, -158.59153678,  -76.72266096, -109.47336513,
          6.51077319,   45.9266342 ])
						array([0.02227707, 0.01039427, 0.02023355, 0.01166285, 0.01764014,
       0.01605129, 0.01745784, 0.00214275, 0.00782167, 0.00516489])

 19.1503479305			array([   9.13330717,    6.97336297,    4.66318957,    5.71124517,
         87.77194933, -158.60067225,  -76.70422461, -109.47507932,
          6.51312567,   45.92578186])
						array([0.01253085, 0.00584678, 0.01138137, 0.00656035, 0.00992258,
       0.00902885, 0.00982004, 0.0012053 , 0.00439969, 0.00290525])

 19.1717177467			array([   9.14260998,    6.97337755,    4.6688384 ,    5.71306942,
         87.77028247, -158.59347063,  -76.67835044, -109.47648906,
          6.51822394,   45.92883987])
						array([0.01253085, 0.00584678, 0.01138137, 0.00656035, 0.00992258,
       0.00902885, 0.00982004, 0.0012053 , 0.00439969, 0.00290525])

 19.4006143647			array([   9.16643607,    6.9710068 ,    4.67514252,    5.71744968,
         87.78442699, -158.60484582,  -76.68103655, -109.47702338,
          6.51610798,   45.92540752])
						array([0.0167078 , 0.00779571, 0.01517517, 0.00874714, 0.0132301 ,
       0.01203847, 0.01309338, 0.00160706, 0.00586625, 0.00387367])

 19.4245938455			array([   9.16974347,    6.96998005,    4.66909546,    5.71810511,
         87.76800021, -158.57766888,  -76.6654646 , -109.47624878,
          6.51485785,   45.92324973])
						array([0.02227707, 0.01039427, 0.02023355, 0.01166285, 0.01764014,
       0.01605129, 0.01745784, 0.00214275, 0.00782167, 0.00516489])

 19.2182268732			array([   9.16191726,    6.99186886,    4.64809135,    5.75957118,
         87.69018946, -158.58764282,  -76.63991703, -109.47778864,
          6.49387873,   45.93094455])
						array([0.07040654, 0.03285104, 0.06394802, 0.03686037, 0.05575154,
       0.05073   , 0.05517541, 0.00677214, 0.02472033, 0.0163236 ])

 19.1775452427			array([   9.12487517,    6.96354979,    4.64520997,    5.77235217,
         87.64955919, -158.59164176,  -76.64215883, -109.48404091,
          6.4858475 ,   45.93863457])
						array([0.02970276, 0.01385903, 0.02697807, 0.01555047, 0.02352018,
       0.02140172, 0.02327713, 0.002857  , 0.01042889, 0.00688652])

 19.0203308371			array([   9.12216631,    6.98176633,    4.67463626,    5.76463869,
         87.65901331, -158.60296759,  -76.6125446 , -109.48417596,
          6.4901326 ,   45.93796413])
						array([0.02970276, 0.01385903, 0.02697807, 0.01555047, 0.02352018,
       0.02140172, 0.02327713, 0.002857  , 0.01042889, 0.00688652])

 19.3085834359			array([   9.11662416,    6.95196038,    4.68951752,    5.7589013 ,
         87.67856934, -158.55764446,  -76.6092975 , -109.48260856,
          6.48755378,   45.94251712])
						array([0.03960368, 0.01847871, 0.03597076, 0.02073396, 0.03136024,
       0.02853562, 0.03103617, 0.00380933, 0.01390519, 0.00918202])

 19.4769393855			array([   9.13408204,    6.93964163,    4.68925428,    5.76151408,
         87.65823444, -158.54683756,  -76.67988302, -109.4779614 ,
          6.47863547,   45.94758808])
						array([0.03960368, 0.01847871, 0.03597076, 0.02073396, 0.03136024,
       0.02853562, 0.03103617, 0.00380933, 0.01390519, 0.00918202])

 19.3077704178			array([   9.13865953,    6.94145689,    4.67637365,    5.75115368,
         87.66431258, -158.54895246,  -76.68835127, -109.47920368,
          6.4785311 ,   45.94686856])
						array([0.0167078 , 0.00779571, 0.01517517, 0.00874714, 0.0132301 ,
       0.01203847, 0.01309338, 0.00160706, 0.00586625, 0.00387367])

 19.1657190744			array([   9.13852601,    6.94984254,    4.67149456,    5.75255507,
         87.66702152, -158.54770479,  -76.68711814, -109.47761807,
          6.47416865,   45.94516913])
						array([0.02227707, 0.01039427, 0.02023355, 0.01166285, 0.01764014,
       0.01605129, 0.01745784, 0.00214275, 0.00782167, 0.00516489])

 19.4565525542			array([   9.12980788,    6.93370395,    4.68149506,    5.74032824,
         87.66852841, -158.52914675,  -76.65878298, -109.47938888,
          6.47048432,   45.93154473])
						array([0.03960368, 0.01847871, 0.03597076, 0.02073396, 0.03136024,
       0.02853562, 0.03103617, 0.00380933, 0.01390519, 0.00918202])

 19.1186498786			array([   9.11052388,    6.96457776,    4.68033639,    5.73599933,
         87.711265  , -158.49553725,  -76.71013198, -109.48318119,
          6.49094999,   45.93214356])
						array([0.0528049 , 0.02463828, 0.04796102, 0.02764528, 0.04181365,
       0.0380475 , 0.04138156, 0.0050791 , 0.01854025, 0.0122427 ])

 19.4885790281			array([   9.18242798,    6.97491959,    4.6620234 ,    5.74100252,
         87.66563891, -158.49637807,  -76.66250445, -109.48652895,
          6.42407142,   45.91243423])
						array([0.07040654, 0.03285104, 0.06394802, 0.03686037, 0.05575154,
       0.05073   , 0.05517541, 0.00677214, 0.02472033, 0.0163236 ])

 19.2755371859			array([   9.09300742,    6.96009659,    4.6603235 ,    5.75566596,
         87.63599242, -158.47656851,  -76.6684303 , -109.48012221,
          6.43347173,   45.92848834])
						array([0.07040654, 0.03285104, 0.06394802, 0.03686037, 0.05575154,
       0.05073   , 0.05517541, 0.00677214, 0.02472033, 0.0163236 ])

 19.2258822586			array([   9.16248345,    6.9781751 ,    4.64037235,    5.74307266,
         87.68917444, -158.52648317,  -76.63204676, -109.48480879,
          6.46502255,   45.91974372])
						array([0.09387539, 0.04380138, 0.08526403, 0.04914716, 0.07433539,
       0.06764   , 0.07356721, 0.00902952, 0.03296045, 0.02176479])

 19.3167407424			array([   9.16392086,    6.96228505,    4.65515794,    5.7647517 ,
         87.6563076 , -158.49411729,  -76.61550207, -109.47957599,
          6.42968676,   45.93759039])
						array([0.03960368, 0.01847871, 0.03597076, 0.02073396, 0.03136024,
       0.02853562, 0.03103617, 0.00380933, 0.01390519, 0.00918202])

 19.2373170987			array([   9.15229694,    6.95006907,    4.66233284,    5.75312687,
         87.64288469, -158.51967037,  -76.61488106, -109.48169153,
          6.42858002,   45.9314438 ])
						array([0.02227707, 0.01039427, 0.02023355, 0.01166285, 0.01764014,
       0.01605129, 0.01745784, 0.00214275, 0.00782167, 0.00516489])

 19.2325029861			array([   9.11929908,    6.95780874,    4.64919041,    5.77360848,
         87.6696315 , -158.52780108,  -76.60507107, -109.47985583,
          6.43243927,   45.92951792])
						array([0.02970276, 0.01385903, 0.02697807, 0.01555047, 0.02352018,
       0.02140172, 0.02327713, 0.002857  , 0.01042889, 0.00688652])

 19.1131193204			array([   9.12525691,    6.96797166,    4.64067595,    5.72527953,
         87.78335916, -158.55556643,  -76.48179371, -109.46351276,
          6.35559874,   45.92221976])
						array([0.12516718, 0.05840185, 0.11368538, 0.06552955, 0.09911385,
       0.09018667, 0.09808962, 0.01203936, 0.04394726, 0.02901973])

 19.0307864055			array([   9.1281827 ,    6.97043709,    4.6530974 ,    5.72462353,
         87.78879139, -158.55230297,  -76.45766931, -109.46093427,
          6.36648587,   45.92855681])
						array([0.02227707, 0.01039427, 0.02023355, 0.01166285, 0.01764014,
       0.01605129, 0.01745784, 0.00214275, 0.00782167, 0.00516489])

 19.022823233			array([   9.11818054,    6.97057232,    4.64297202,    5.74471322,
         87.77326523, -158.54128883,  -76.48231964, -109.46187253,
          6.36353463,   45.9189515 ])
						array([0.02970276, 0.01385903, 0.02697807, 0.01555047, 0.02352018,
       0.02140172, 0.02327713, 0.002857  , 0.01042889, 0.00688652])

 19.0049772934			array([   9.13411239,    6.96981611,    4.64395967,    5.74371868,
         87.75126748, -158.55908949,  -76.54509714, -109.45837728,
          6.36179096,   45.91719038])
						array([0.0528049 , 0.02463828, 0.04796102, 0.02764528, 0.04181365,
       0.0380475 , 0.04138156, 0.0050791 , 0.01854025, 0.0122427 ])

 18.9655086285			array([   9.11908213,    6.99711857,    4.65915311,    5.74729772,
         87.72856809, -158.56408623,  -76.57643368, -109.45417492,
          6.36292377,   45.91747407])
						array([0.02227707, 0.01039427, 0.02023355, 0.01166285, 0.01764014,
       0.01605129, 0.01745784, 0.00214275, 0.00782167, 0.00516489])

 18.9485264293			array([   9.12747616,    6.99468851,    4.65675496,    5.7525389 ,
         87.72183649, -158.55710203,  -76.59219628, -109.45449576,
          6.36444732,   45.91470743])
						array([0.00939814, 0.00438508, 0.00853603, 0.00492027, 0.00744193,
       0.00677164, 0.00736503, 0.00090397, 0.00329977, 0.00217894])

 18.9373534399			array([   9.12877866,    6.99101894,    4.66409734,    5.75476546,
         87.72368377, -158.55822249,  -76.58688904, -109.4542791 ,
          6.36607114,   45.90950965])
						array([0.01253085, 0.00584678, 0.01138137, 0.00656035, 0.00992258,
       0.00902885, 0.00982004, 0.0012053 , 0.00439969, 0.00290525])

 18.9334243365			array([   9.13655102,    6.98710274,    4.65497308,    5.74088487,
         87.7226808 , -158.53236025,  -76.58077239, -109.45481144,
          6.37284411,   45.91183949])
						array([0.02970276, 0.01385903, 0.02697807, 0.01555047, 0.02352018,
       0.02140172, 0.02327713, 0.002857  , 0.01042889, 0.00688652])

 18.9218155953			array([   9.13164787,    6.98936634,    4.66134109,    5.73939179,
         87.71522565, -158.53539278,  -76.58214794, -109.45501904,
          6.36710862,   45.90830876])
						array([0.0070486 , 0.00328881, 0.00640202, 0.0036902 , 0.00558145,
       0.00507873, 0.00552377, 0.00067798, 0.00247482, 0.0016342 ])

 18.9248582253			array([   9.13024145,    6.98823589,    4.65346028,    5.74339083,
         87.72177486, -158.53966167,  -76.58757014, -109.4545698 ,
          6.36786429,   45.90746716])
						array([0.0070486 , 0.00328881, 0.00640202, 0.0036902 , 0.00558145,
       0.00507873, 0.00552377, 0.00067798, 0.00247482, 0.0016342 ])

 18.9297744619			array([   9.12438057,    6.98765716,    4.65517099,    5.73845087,
         87.73160807, -158.53503797,  -76.59300419, -109.45391533,
          6.36653173,   45.90652019])
						array([0.00939814, 0.00438508, 0.00853603, 0.00492027, 0.00744193,
       0.00677164, 0.00736503, 0.00090397, 0.00329977, 0.00217894])

 18.9179923792			array([   9.12750194,    6.98260819,    4.65512085,    5.74002673,
         87.73745292, -158.52539698,  -76.60305997, -109.45375256,
          6.36730482,   45.90082367])
						array([0.0070486 , 0.00328881, 0.00640202, 0.0036902 , 0.00558145,
       0.00507873, 0.00552377, 0.00067798, 0.00247482, 0.0016342 ])

 18.9383128633			array([   9.12647483,    6.98282649,    4.64866755,    5.74601939,
         87.73197732, -158.52464908,  -76.60925548, -109.45377383,
          6.36779973,   45.90020254])
						array([0.0070486 , 0.00328881, 0.00640202, 0.0036902 , 0.00558145,
       0.00507873, 0.00552377, 0.00067798, 0.00247482, 0.0016342 ])

 18.9286255919			array([   9.13100228,    6.98209661,    4.65124972,    5.74831101,
         87.71878992, -158.52434948,  -76.61006107, -109.45369087,
          6.37045018,   45.90072663])
						array([0.00939814, 0.00438508, 0.00853603, 0.00492027, 0.00744193,
       0.00677164, 0.00736503, 0.00090397, 0.00329977, 0.00217894])

 18.9309533718			array([   9.12663419,    6.97988983,    4.65048734,    5.7444836 ,
         87.70458437, -158.50939159,  -76.62262357, -109.4510435 ,
          6.36608938,   45.9000712 ])
						array([0.00939814, 0.00438508, 0.00853603, 0.00492027, 0.00744193,
       0.00677164, 0.00736503, 0.00090397, 0.00329977, 0.00217894])

 18.9294924064			array([   9.13134859,    6.97832971,    4.66485796,    5.73562509,
         87.71077694, -158.50644168,  -76.61747096, -109.45183468,
          6.36576744,   45.90246564])
						array([0.00939814, 0.00438508, 0.00853603, 0.00492027, 0.00744193,
       0.00677164, 0.00736503, 0.00090397, 0.00329977, 0.00217894])

 18.9205265709			array([   9.13572431,    6.97801126,    4.66057519,    5.74232562,
         87.71807762, -158.5073066 ,  -76.62672721, -109.45225794,
          6.36723046,   45.89908207])
						array([0.01253085, 0.00584678, 0.01138137, 0.00656035, 0.00992258,
       0.00902885, 0.00982004, 0.0012053 , 0.00439969, 0.00290525])

 18.9162403505			array([   9.1342597 ,    6.9788928 ,    4.6646758 ,    5.74741337,
         87.7225799 , -158.52190664,  -76.62459896, -109.45124707,
          6.36811243,   45.89873026])
						array([0.0167078 , 0.00779571, 0.01517517, 0.00874714, 0.0132301 ,
       0.01203847, 0.01309338, 0.00160706, 0.00586625, 0.00387367])

 18.91949629			array([   9.13464237,    6.97799574,    4.6635892 ,    5.74905469,
         87.72717427, -158.51851715,  -76.62227278, -109.45127232,
          6.36596637,   45.89792549])
						array([0.00297363, 0.00138747, 0.00270085, 0.0015568 , 0.00235467,
       0.00214259, 0.00233034, 0.00028602, 0.00104407, 0.00068943])

 18.9193224434			array([   9.13565826,    6.97852854,    4.65969231,    5.74746422,
         87.72834596, -158.51737163,  -76.62274628, -109.45097605,
          6.36617503,   45.89679764])
						array([0.00297363, 0.00138747, 0.00270085, 0.0015568 , 0.00235467,
       0.00214259, 0.00233034, 0.00028602, 0.00104407, 0.00068943])

 18.9205361278			array([   9.13624723,    6.98075078,    4.6579324 ,    5.74760792,
         87.7263555 , -158.51557892,  -76.62206689, -109.45148342,
          6.36626046,   45.8968316 ])
						array([0.00396484, 0.00184996, 0.00360114, 0.00207574, 0.00313957,
       0.00285678, 0.00310712, 0.00038136, 0.00139209, 0.00091924])

 18.912965008			array([   9.12776214,    6.98011088,    4.65768558,    5.74995225,
         87.73184354, -158.51420748,  -76.61678976, -109.45146042,
          6.36620132,   45.89679322])
						array([0.0070486 , 0.00328881, 0.00640202, 0.0036902 , 0.00558145,
       0.00507873, 0.00552377, 0.00067798, 0.00247482, 0.0016342 ])

 18.9124948307			array([   9.13049931,    6.9834681 ,    4.65761689,    5.74986077,
         87.73619002, -158.51801164,  -76.62552525, -109.45128585,
          6.36710001,   45.89684481])
						array([0.00396484, 0.00184996, 0.00360114, 0.00207574, 0.00313957,
       0.00285678, 0.00310712, 0.00038136, 0.00139209, 0.00091924])

 18.9094388222			array([   9.12724794,    6.98290428,    4.65798192,    5.74867775,
         87.73362193, -158.52119588,  -76.62983231, -109.45173106,
          6.36661324,   45.89726719])
						array([0.00396484, 0.00184996, 0.00360114, 0.00207574, 0.00313957,
       0.00285678, 0.00310712, 0.00038136, 0.00139209, 0.00091924])

 18.9128808849			array([   9.12931173,    6.98077796,    4.66061351,    5.75148993,
         87.73338015, -158.52065186,  -76.62455572, -109.45207691,
          6.36609772,   45.89731337])
						array([0.00528645, 0.00246661, 0.00480152, 0.00276765, 0.00418609,
       0.00380905, 0.00414283, 0.00050848, 0.00185612, 0.00122565])

 18.909711715			array([   9.12983182,    6.98493062,    4.66241241,    5.74974948,
         87.7385795 , -158.51881942,  -76.62796476, -109.45246655,
          6.36474498,   45.89776542])
						array([0.0070486 , 0.00328881, 0.00640202, 0.0036902 , 0.00558145,
       0.00507873, 0.00552377, 0.00067798, 0.00247482, 0.0016342 ])

 18.9079846689			array([   9.1312367 ,    6.98458747,    4.66105722,    5.74801196,
         87.74294379, -158.5133587 ,  -76.62573181, -109.45215354,
          6.36452753,   45.89813368])
						array([0.00297363, 0.00138747, 0.00270085, 0.0015568 , 0.00235467,
       0.00214259, 0.00233034, 0.00028602, 0.00104407, 0.00068943])

 18.9066098327			array([   9.12674757,    6.9823621 ,    4.66425622,    5.74680198,
         87.74367217, -158.5126777 ,  -76.6236043 , -109.45195461,
          6.36466688,   45.89804357])
						array([0.00297363, 0.00138747, 0.00270085, 0.0015568 , 0.00235467,
       0.00214259, 0.00233034, 0.00028602, 0.00104407, 0.00068943])

 18.9112057626			array([   9.1253826 ,    6.98290075,    4.66648948,    5.74672637,
         87.74505102, -158.51248539,  -76.62529659, -109.45185123,
          6.36458156,   45.8984011 ])
						array([0.00396484, 0.00184996, 0.00360114, 0.00207574, 0.00313957,
       0.00285678, 0.00310712, 0.00038136, 0.00139209, 0.00091924])

 18.9095659715			array([   9.12733951,    6.98245517,    4.66527447,    5.7488011 ,
         87.74662064, -158.51298762,  -76.62803942, -109.4516673 ,
          6.36426858,   45.90001572])
						array([0.00528645, 0.00246661, 0.00480152, 0.00276765, 0.00418609,
       0.00380905, 0.00414283, 0.00050848, 0.00185612, 0.00122565])

 18.9087248884			array([   9.12894031,    6.9783444 ,    4.66021732,    5.7469043 ,
         87.73871258, -158.51819222,  -76.65597426, -109.45042623,
          6.35967318,   45.89645448])
						array([0.00939814, 0.00438508, 0.00853603, 0.00492027, 0.00744193,
       0.00677164, 0.00736503, 0.00090397, 0.00329977, 0.00217894])

 18.9079521115			array([   9.12893858,    6.97887825,    4.66011515,    5.74692696,
         87.74263216, -158.5176457 ,  -76.65313458, -109.4506316 ,
          6.35913521,   45.89674037])
						array([0.00297363, 0.00138747, 0.00270085, 0.0015568 , 0.00235467,
       0.00214259, 0.00233034, 0.00028602, 0.00104407, 0.00068943])

 18.9110300956			array([   9.13300369,    6.9798302 ,    4.66270375,    5.74760027,
         87.74343998, -158.5179456 ,  -76.64936365, -109.45034063,
          6.35972239,   45.89700128])
						array([0.00396484, 0.00184996, 0.00360114, 0.00207574, 0.00313957,
       0.00285678, 0.00310712, 0.00038136, 0.00139209, 0.00091924])

 18.912552324			array([   9.13094945,    6.9783713 ,    4.65827198,    5.74792554,
         87.74327899, -158.51704311,  -76.6494244 , -109.44993667,
          6.35784803,   45.89690839])
						array([0.0070486 , 0.00328881, 0.00640202, 0.0036902 , 0.00558145,
       0.00507873, 0.00552377, 0.00067798, 0.00247482, 0.0016342 ])

 18.9111391792			array([   9.13312507,    6.98029557,    4.65943256,    5.74717746,
         87.74642951, -158.51098624,  -76.64330272, -109.45018677,
          6.35785198,   45.89720374])
						array([0.00939814, 0.00438508, 0.00853603, 0.00492027, 0.00744193,
       0.00677164, 0.00736503, 0.00090397, 0.00329977, 0.00217894])

 18.9144182817			array([   9.13252285,    6.97670679,    4.66142015,    5.74429943,
         87.75186122, -158.50544101,  -76.64450574, -109.45076942,
          6.36006565,   45.89976725])
						array([0.00528645, 0.00246661, 0.00480152, 0.00276765, 0.00418609,
       0.00380905, 0.00414283, 0.00050848, 0.00185612, 0.00122565])

 18.9131285493			array([   9.13030709,    6.97712115,    4.65816066,    5.74534041,
         87.75506849, -158.50718181,  -76.64903891, -109.45059462,
          6.36042341,   45.90064459])
						array([0.00528645, 0.00246661, 0.00480152, 0.00276765, 0.00418609,
       0.00380905, 0.00414283, 0.00050848, 0.00185612, 0.00122565])

 18.9108038982			array([   9.12833984,    6.97833599,    4.65893712,    5.74234526,
         87.75164408, -158.50521574,  -76.65031873, -109.45056063,
          6.36123855,   45.89912247])
						array([0.0070486 , 0.00328881, 0.00640202, 0.0036902 , 0.00558145,
       0.00507873, 0.00552377, 0.00067798, 0.00247482, 0.0016342 ])

------------------------------------ 


------------------------------------ 
TOTAL GENERATIONS: 1000
------------------------------------ 
