------------------------------------ 
PARAMETERS used: 
 - DNA SIZE: '10'
 - c: '0.75'
 - s: '10'
 - num rotors in robot: '4'
 - num total generations: '1000'
------------------------------------ 


------------------------------------ 
Fitness_value		Individual
------------------------------------ 
 4017.83782094			array([ -46.25355075,    6.322327  ,   25.1161452 ,  -16.30566525,
       -131.93914965,  156.02799339,  144.51057   ,  -60.96695675,
        132.79379634,  140.17063769])
						array([ 6.7363403 , 10.56864996, 12.21098686,  0.18889864, 12.63144049,
        5.5850064 ,  0.35165897,  3.18140872,  6.32952311,  7.40611865])

 3146.65893739			array([ -34.64544859,   20.58300527,   27.26899509,  -15.89460386,
       -117.94022715,  158.33561623,  145.55230051,  -67.32183701,
        133.75084138,  145.56369883])
						array([ 8.98178706, 14.09153328, 16.28131581,  0.25186485, 16.84192065,
        7.4466752 ,  0.46887862,  4.24187829,  8.43936415,  9.87482487])

 2440.55009925			array([ -14.36620817,   10.35373862,   41.80160622,  -15.88176491,
       -127.1598185 ,  149.65313167,  145.71720556,  -67.27989097,
        108.54329041,  161.36371549])
						array([21.29016193, 33.40215295, 38.59274858,  0.59701298, 39.92158969,
       17.65137826,  1.11141599, 10.05482262, 20.00441873, 23.40699229])

 1409.32079917			array([  -5.84441483,    2.92507401,   32.84017626,  -15.13131918,
       -111.56170135,  121.12575641,  144.56570895,  -75.94578737,
        121.57805736,  148.70500058])
						array([15.96762144, 25.05161471, 28.94456144,  0.44775973, 29.94119227,
       13.23853369,  0.833562  ,  7.54111696, 15.00331404, 17.55524422])

 417.947541788			array([ 10.45314022,  -2.97692749,   6.23798202, -15.36721127,
       -77.19290079, 113.12133208, 145.15181493, -76.09186694,
       120.75715558, 141.87499128])
						array([11.97571608, 18.78871103, 21.70842108,  0.3358198 , 22.4558942 ,
        9.92890027,  0.6251715 ,  5.65583772, 11.25248553, 13.16643316])

 371.783709673			array([ 10.83162737,   0.37276044,  -0.34505388, -15.32317405,
       -66.44289786, 110.8797994 , 145.34446171, -75.3019183 ,
       126.37074252, 146.35849352])
						array([2.13142017, 3.3439869 , 3.86363256, 0.05976871, 3.99666672,
       1.76713093, 0.1112671 , 1.0066176 , 2.00270067, 2.34334223])

 336.60596968			array([ 11.12766401,   1.79845363,   4.04998597, -15.33280222,
       -65.06753171, 111.026372  , 145.41145741, -76.35782823,
       125.01146614, 147.24317558])
						array([1.19892385, 1.88099263, 2.17329332, 0.0336199 , 2.24812503,
       0.99401115, 0.06258774, 0.5662224 , 1.12651913, 1.31813   ])

 335.593595234			array([ 11.91342765,   3.99409779,   6.01454094, -15.40028696,
       -67.97796787, 111.01937956, 145.39958193, -75.54758507,
       122.44510595, 149.14647386])
						array([1.59856513, 2.50799018, 2.89772442, 0.04482653, 2.99750004,
       1.3253482 , 0.08345032, 0.7549632 , 1.5020255 , 1.75750667])

 335.707948927			array([ 10.63647743,   5.04959797,   4.12215934, -15.33047426,
       -69.01963447, 111.06915212, 145.5985431 , -75.16406445,
       122.81253189, 155.7117282 ])
						array([3.78919142, 5.9448656 , 6.86868011, 0.10625548, 7.10518527,
       3.1415661 , 0.19780817, 1.7895424 , 3.56035675, 4.16594174])

 334.621530447			array([ 10.56041151,   5.04363415,   4.05621018, -15.35532103,
       -73.70017804, 109.99017768, 145.61769153, -75.55821277,
       121.77922407, 155.61225191])
						array([0.89919289, 1.41074447, 1.62996999, 0.02521492, 1.68609377,
       0.74550836, 0.04694081, 0.4246668 , 0.84488935, 0.9885975 ])

 328.135047193			array([ 10.23945266,   5.24385545,   5.04314462, -15.35199923,
       -74.43373864, 109.93709839, 145.61668808, -75.64256013,
       121.60728921, 155.58761635])
						array([0.379347  , 0.59515782, 0.68764359, 0.01063755, 0.71132081,
       0.31451134, 0.01980315, 0.17915631, 0.35643769, 0.41706457])

 313.941214232			array([ 10.24029782,   5.92646018,   5.38145874, -15.35037228,
       -73.85719711, 109.72874698, 145.6318955 , -75.56076923,
       120.9975751 , 155.30309404])
						array([0.505796  , 0.79354377, 0.91685812, 0.01418339, 0.94842775,
       0.41934845, 0.0264042 , 0.23887508, 0.47525026, 0.5560861 ])

 308.260810718			array([ 10.17677597,   6.13634046,   5.49722335, -15.3455706 ,
       -74.17602061, 109.80596711, 145.6355366 , -75.50832145,
       120.97651999, 155.23101423])
						array([0.09002082, 0.14123374, 0.16318105, 0.00252434, 0.16879976,
       0.07463502, 0.00469938, 0.04251463, 0.08458434, 0.09897138])

 302.378115448			array([ 10.17728621,   6.05646914,   5.55936572, -15.34546205,
       -74.18177306, 109.77653288, 145.63977188, -75.56025117,
       120.87066361, 155.28809692])
						array([0.06751562, 0.10592531, 0.12238579, 0.00189325, 0.12659982,
       0.05597626, 0.00352454, 0.03188597, 0.06343825, 0.07422853])

 301.985515235			array([ 10.09350093,   5.93529544,   5.54669999, -15.34428026,
       -74.22998985, 109.68971148, 145.63542094, -75.54500804,
       120.95985203, 155.24897056])
						array([0.09002082, 0.14123374, 0.16318105, 0.00252434, 0.16879976,
       0.07463502, 0.00469938, 0.04251463, 0.08458434, 0.09897138])

 300.460191168			array([ 10.16917606,   6.05649168,   5.61110378, -15.34038037,
       -74.08050515, 109.66805456, 145.64237192, -75.49318904,
       120.89439313, 155.1573004 ])
						array([0.16003701, 0.25108221, 0.29009964, 0.00448771, 0.30008847,
       0.13268447, 0.00835445, 0.07558157, 0.15037215, 0.17594912])

 300.218756408			array([ 10.17330396,   6.05972326,   5.64994963, -15.34023743,
       -74.05182804, 109.6598169 , 145.64221565, -75.49360687,
       120.87944735, 155.17092964])
						array([0.00901225, 0.01413932, 0.01633653, 0.00025272, 0.01689904,
       0.00747193, 0.00047047, 0.00425626, 0.00846798, 0.00990831])

 300.328749465			array([ 10.16765236,   6.06616529,   5.6538741 , -15.34072753,
       -74.03667772, 109.65819026, 145.64329492, -75.48228681,
       120.88880862, 155.17901325])
						array([0.00901225, 0.01413932, 0.01633653, 0.00025272, 0.01689904,
       0.00747193, 0.00047047, 0.00425626, 0.00846798, 0.00990831])

 300.398063783			array([ 10.1680583 ,   6.06758665,   5.66519009, -15.34081152,
       -74.05426023, 109.65444443, 145.64384112, -75.48210898,
       120.87556483, 155.17946385])
						array([0.01201633, 0.01885243, 0.02178204, 0.00033696, 0.02253205,
       0.00996257, 0.00062729, 0.00567502, 0.01129065, 0.01321108])

 300.468923141			array([ 10.13667986,   6.07475874,   5.62127862, -15.34042099,
       -74.02673286, 109.63192767, 145.6435738 , -75.46978836,
       120.84946539, 155.17673656])
						array([0.02136236, 0.03351543, 0.03872363, 0.00059904, 0.04005697,
       0.01771124, 0.00111519, 0.01008892, 0.02007226, 0.02348637])

 299.758795344			array([ 10.09838622,   6.0516005 ,   5.6308391 , -15.34017425,
       -74.0372306 , 109.64255076, 145.64305224, -75.49575115,
       120.84792002, 155.18580658])
						array([0.01602177, 0.02513657, 0.02904272, 0.00044928, 0.03004273,
       0.01328343, 0.00083639, 0.00756669, 0.01505419, 0.01761478])

 298.798277971			array([ 10.10994824,   5.99590364,   5.65589427, -15.34079129,
       -74.0705097 , 109.63234939, 145.6424744 , -75.49179474,
       120.84378282, 155.18528893])
						array([0.01602177, 0.02513657, 0.02904272, 0.00044928, 0.03004273,
       0.01328343, 0.00083639, 0.00756669, 0.01505419, 0.01761478])

 299.043699154			array([ 10.09766937,   6.01500141,   5.671259  , -15.34041912,
       -74.06076152, 109.65240439, 145.64335176, -75.49624398,
       120.8530958 , 155.16417207])
						array([0.02136236, 0.03351543, 0.03872363, 0.00059904, 0.04005697,
       0.01771124, 0.00111519, 0.01008892, 0.02007226, 0.02348637])

 299.070602588			array([ 10.10154136,   5.95106406,   5.67050221, -15.33975042,
       -74.04429725, 109.61882438, 145.64250278, -75.50412996,
       120.81186944, 155.18088684])
						array([0.02848315, 0.04468724, 0.0516315 , 0.00079872, 0.0534093 ,
       0.02361499, 0.00148691, 0.0134519 , 0.02676301, 0.03131516])

 299.378242326			array([ 10.1395494 ,   5.93373879,   5.67056618, -15.34035842,
       -73.98891813, 109.61744431, 145.64304406, -75.51421774,
       120.79506923, 155.181678  ])
						array([0.03797753, 0.05958298, 0.068842  , 0.00106496, 0.0712124 ,
       0.03148665, 0.00198255, 0.01793586, 0.03568402, 0.04175355])

 299.434350327			array([ 10.15509344,   5.97782101,   5.59886148, -15.33833449,
       -74.0699993 , 109.61864883, 145.64212107, -75.50486144,
       120.80755107, 155.17183691])
						array([0.05063671, 0.07944398, 0.09178934, 0.00141994, 0.09494987,
       0.0419822 , 0.0026434 , 0.02391448, 0.04757869, 0.0556714 ])

 299.084831749			array([ 10.17132311,   5.96630363,   5.64568287, -15.33764309,
       -74.12140983, 109.63058297, 145.64158148, -75.51690899,
       120.83150523, 155.20177813])
						array([0.02136236, 0.03351543, 0.03872363, 0.00059904, 0.04005697,
       0.01771124, 0.00111519, 0.01008892, 0.02007226, 0.02348637])

 299.093000592			array([ 10.14753976,   6.00205326,   5.70400348, -15.33725858,
       -74.13419168, 109.64293687, 145.64212279, -75.51908082,
       120.840709  , 155.20053377])
						array([0.02136236, 0.03351543, 0.03872363, 0.00059904, 0.04005697,
       0.01771124, 0.00111519, 0.01008892, 0.02007226, 0.02348637])

 299.274434528			array([ 10.11766795,   6.01985505,   5.70664527, -15.3382984 ,
       -74.12281419, 109.61233871, 145.64327172, -75.51212594,
       120.86690242, 155.22608262])
						array([0.02848315, 0.04468724, 0.0516315 , 0.00079872, 0.0534093 ,
       0.02361499, 0.00148691, 0.0134519 , 0.02676301, 0.03131516])

 299.436495192			array([ 10.16687034,   6.03018932,   5.62392366, -15.33734698,
       -74.27110261, 109.59714988, 145.64585233, -75.47043895,
       120.72752962, 155.27462337])
						array([0.09002082, 0.14123374, 0.16318105, 0.00252434, 0.16879976,
       0.07463502, 0.00469938, 0.04251463, 0.08458434, 0.09897138])

 299.477262882			array([ 10.17337609,   6.00647616,   5.61004817, -15.33727902,
       -74.26317527, 109.59415363, 145.64470642, -75.46762738,
       120.70671339, 155.24639573])
						array([0.01201633, 0.01885243, 0.02178204, 0.00033696, 0.02253205,
       0.00996257, 0.00062729, 0.00567502, 0.01129065, 0.01321108])

 299.369696089			array([ 10.18080426,   5.96280979,   5.6815701 , -15.33706387,
       -74.25324648, 109.59182171, 145.6452269 , -75.47060462,
       120.70550173, 155.25158394])
						array([0.01201633, 0.01885243, 0.02178204, 0.00033696, 0.02253205,
       0.00996257, 0.00062729, 0.00567502, 0.01129065, 0.01321108])

 299.212656968			array([ 10.17046349,   5.94997152,   5.66358768, -15.33719042,
       -74.2051056 , 109.60091277, 145.64456408, -75.4632012 ,
       120.72884666, 155.26467124])
						array([0.01602177, 0.02513657, 0.02904272, 0.00044928, 0.03004273,
       0.01328343, 0.00083639, 0.00756669, 0.01505419, 0.01761478])

 299.160276416			array([ 10.17752472,   5.96540143,   5.66271672, -15.33709293,
       -74.22193238, 109.60352231, 145.64532375, -75.45603347,
       120.69829123, 155.24885326])
						array([0.02136236, 0.03351543, 0.03872363, 0.00059904, 0.04005697,
       0.01771124, 0.00111519, 0.01008892, 0.02007226, 0.02348637])

 299.082969563			array([ 10.09728524,   5.98251163,   5.70891575, -15.33598659,
       -74.12327851, 109.58664923, 145.64716404, -75.49838208,
       120.69586142, 155.24732867])
						array([0.06751562, 0.10592531, 0.12238579, 0.00189325, 0.12659982,
       0.05597626, 0.00352454, 0.03188597, 0.06343825, 0.07422853])

 298.804684141			array([ 10.08639823,   5.96545865,   5.63560035, -15.33526192,
       -74.02962012, 109.60581229, 145.64217605, -75.45172419,
       120.7617884 , 155.34541275])
						array([0.12002776, 0.18831166, 0.21757473, 0.00336579, 0.22506635,
       0.09951335, 0.00626584, 0.05668618, 0.11277911, 0.13196184])

 299.061271903			array([ 10.11266084,   6.01074223,   5.60042652, -15.33484419,
       -74.03470682, 109.59673338, 145.64108211, -75.4563171 ,
       120.75868087, 155.3213551 ])
						array([0.01602177, 0.02513657, 0.02904272, 0.00044928, 0.03004273,
       0.01328343, 0.00083639, 0.00756669, 0.01505419, 0.01761478])

 298.678809408			array([ 10.11875125,   6.00270849,   5.61871227, -15.33525123,
       -74.00783093, 109.5927206 , 145.64206465, -75.46649343,
       120.75117443, 155.30195525])
						array([0.01602177, 0.02513657, 0.02904272, 0.00044928, 0.03004273,
       0.01328343, 0.00083639, 0.00756669, 0.01505419, 0.01761478])

 299.271096926			array([ 10.13389533,   5.97442334,   5.58931771, -15.33513614,
       -73.96126044, 109.60611574, 145.6419603 , -75.46559171,
       120.75710054, 155.32912257])
						array([0.02136236, 0.03351543, 0.03872363, 0.00059904, 0.04005697,
       0.01771124, 0.00111519, 0.01008892, 0.02007226, 0.02348637])

 298.500244246			array([ 10.1491878 ,   6.0007515 ,   5.65405286, -15.33504872,
       -73.85110685, 109.6367857 , 145.64145884, -75.47507093,
       120.74273245, 155.26937263])
						array([0.03797753, 0.05958298, 0.068842  , 0.00106496, 0.0712124 ,
       0.03148665, 0.00198255, 0.01793586, 0.03568402, 0.04175355])

 298.836901752			array([ 10.12974173,   6.0394608 ,   5.6576817 , -15.3345869 ,
       -73.84640698, 109.64613164, 145.64682257, -75.46652718,
       120.72116633, 155.28701319])
						array([0.05063671, 0.07944398, 0.09178934, 0.00141994, 0.09494987,
       0.0419822 , 0.0026434 , 0.02391448, 0.04757869, 0.0556714 ])

 299.260507825			array([ 10.13931054,   6.05033118,   5.68005341, -15.33502251,
       -73.83222212, 109.63348927, 145.64830793, -75.45783467,
       120.70598899, 155.34135989])
						array([0.01602177, 0.02513657, 0.02904272, 0.00044928, 0.03004273,
       0.01328343, 0.00083639, 0.00756669, 0.01505419, 0.01761478])

 299.022718511			array([ 10.14371593,   6.03320761,   5.69395868, -15.33394958,
       -73.81428835, 109.6397738 , 145.64837412, -75.46308683,
       120.70722108, 155.3677627 ])
						array([0.01602177, 0.02513657, 0.02904272, 0.00044928, 0.03004273,
       0.01328343, 0.00083639, 0.00756669, 0.01505419, 0.01761478])

 299.034027823			array([ 10.11589922,   6.05099936,   5.64944607, -15.33354352,
       -73.81312152, 109.63201592, 145.64917169, -75.45121172,
       120.69654448, 155.36177925])
						array([0.02136236, 0.03351543, 0.03872363, 0.00059904, 0.04005697,
       0.01771124, 0.00111519, 0.01008892, 0.02007226, 0.02348637])

 299.125087056			array([ 10.12922286,   6.0552689 ,   5.66564431, -15.33328527,
       -73.8432095 , 109.62821441, 145.64921755, -75.44504581,
       120.70190514, 155.35141929])
						array([0.00901225, 0.01413932, 0.01633653, 0.00025272, 0.01689904,
       0.00747193, 0.00047047, 0.00425626, 0.00846798, 0.00990831])

 299.098313855			array([ 10.14357829,   6.05062126,   5.66647991, -15.33347651,
       -73.84523722, 109.62791055, 145.64923575, -75.44581984,
       120.70411277, 155.35838731])
						array([0.00901225, 0.01413932, 0.01633653, 0.00025272, 0.01689904,
       0.00747193, 0.00047047, 0.00425626, 0.00846798, 0.00990831])

 299.161823661			array([ 10.15439045,   6.04928074,   5.66276073, -15.33345729,
       -73.85299144, 109.61978591, 145.64909043, -75.44156713,
       120.7144125 , 155.36890636])
						array([0.01201633, 0.01885243, 0.02178204, 0.00033696, 0.02253205,
       0.00996257, 0.00062729, 0.00567502, 0.01129065, 0.01321108])

 299.274281897			array([ 10.16838361,   6.04562748,   5.66342045, -15.33327166,
       -73.8372312 , 109.60889132, 145.6493429 , -75.42976403,
       120.71137203, 155.38326968])
						array([0.02136236, 0.03351543, 0.03872363, 0.00059904, 0.04005697,
       0.01771124, 0.00111519, 0.01008892, 0.02007226, 0.02348637])

 298.951388648			array([ 10.17733557,   6.01167952,   5.66608871, -15.33385025,
       -73.79430487, 109.62675619, 145.64948331, -75.44165319,
       120.7233041 , 155.36026473])
						array([0.02848315, 0.04468724, 0.0516315 , 0.00079872, 0.0534093 ,
       0.02361499, 0.00148691, 0.0134519 , 0.02676301, 0.03131516])

 298.752139809			array([ 10.16317661,   6.01915104,   5.66915753, -15.33334918,
       -73.76599507, 109.61592072, 145.64969772, -75.43931186,
       120.75392068, 155.38187866])
						array([0.03797753, 0.05958298, 0.068842  , 0.00106496, 0.0712124 ,
       0.03148665, 0.00198255, 0.01793586, 0.03568402, 0.04175355])

 298.685010176			array([ 10.15014066,   5.96905149,   5.62429685, -15.33416115,
       -73.79285291, 109.61724634, 145.6474244 , -75.47330652,
       120.73347848, 155.34671244])
						array([0.05063671, 0.07944398, 0.09178934, 0.00141994, 0.09494987,
       0.0419822 , 0.0026434 , 0.02391448, 0.04757869, 0.0556714 ])

 298.686391732			array([ 10.10930918,   6.0295775 ,   5.63741463, -15.3335522 ,
       -73.99277245, 109.55900592, 145.64691744, -75.49337167,
       120.57604408, 155.29064226])
						array([0.06751562, 0.10592531, 0.12238579, 0.00189325, 0.12659982,
       0.05597626, 0.00352454, 0.03188597, 0.06343825, 0.07422853])

 298.666785341			array([ 10.11305096,   5.99337321,   5.62831484, -15.33711199,
       -73.81985117, 109.4926878 , 145.64396731, -75.4583506 ,
       120.56052307, 155.26450408])
						array([0.09002082, 0.14123374, 0.16318105, 0.00252434, 0.16879976,
       0.07463502, 0.00469938, 0.04251463, 0.08458434, 0.09897138])

 298.69219203			array([ 10.16116739,   5.98727927,   5.66177537, -15.33605775,
       -73.7495144 , 109.59954117, 145.64870166, -75.52227032,
       120.58208123, 155.22572847])
						array([0.05063671, 0.07944398, 0.09178934, 0.00141994, 0.09494987,
       0.0419822 , 0.0026434 , 0.02391448, 0.04757869, 0.0556714 ])

 299.454131998			array([ 10.15344972,   5.96374538,   5.72141055, -15.33506532,
       -73.82685635, 109.58874054, 145.64833126, -75.53606056,
       120.59321843, 155.2253807 ])
						array([0.02136236, 0.03351543, 0.03872363, 0.00059904, 0.04005697,
       0.01771124, 0.00111519, 0.01008892, 0.02007226, 0.02348637])

 299.294070396			array([ 10.15210199,   5.95233824,   5.7078452 , -15.33549645,
       -73.89416226, 109.57904488, 145.64762541, -75.5386632 ,
       120.61234525, 155.21982794])
						array([0.02848315, 0.04468724, 0.0516315 , 0.00079872, 0.0534093 ,
       0.02361499, 0.00148691, 0.0134519 , 0.02676301, 0.03131516])

 299.130070825			array([ 10.13374249,   5.95613626,   5.70684005, -15.33615949,
       -73.83767416, 109.54563887, 145.64962424, -75.55230234,
       120.60498391, 155.22981972])
						array([0.03797753, 0.05958298, 0.068842  , 0.00106496, 0.0712124 ,
       0.03148665, 0.00198255, 0.01793586, 0.03568402, 0.04175355])

 299.227936164			array([ 10.14781298,   5.95833521,   5.70588173, -15.33680812,
       -73.77518642, 109.5617934 , 145.64933012, -75.563381  ,
       120.57457224, 155.19656575])
						array([0.02136236, 0.03351543, 0.03872363, 0.00059904, 0.04005697,
       0.01771124, 0.00111519, 0.01008892, 0.02007226, 0.02348637])

 299.076880944			array([ 10.14745261,   5.95530463,   5.69363089, -15.33714477,
       -73.81214371, 109.56585301, 145.6492222 , -75.56560826,
       120.57650265, 155.18668632])
						array([0.00901225, 0.01413932, 0.01633653, 0.00025272, 0.01689904,
       0.00747193, 0.00047047, 0.00425626, 0.00846798, 0.00990831])

 298.817198884			array([ 10.14778406,   5.97845608,   5.689751  , -15.33688283,
       -73.82336571, 109.56822209, 145.6496806 , -75.56280375,
       120.57393517, 155.16515784])
						array([0.01201633, 0.01885243, 0.02178204, 0.00033696, 0.02253205,
       0.00996257, 0.00062729, 0.00567502, 0.01129065, 0.01321108])

 298.954497039			array([ 10.13441839,   5.98903754,   5.70431478, -15.33708359,
       -73.83971014, 109.57067396, 145.64946245, -75.56642807,
       120.57589793, 155.16579748])
						array([0.01602177, 0.02513657, 0.02904272, 0.00044928, 0.03004273,
       0.01328343, 0.00083639, 0.00756669, 0.01505419, 0.01761478])

 298.806956479			array([ 10.13009781,   5.97787081,   5.69138507, -15.33791032,
       -73.87726442, 109.58154644, 145.65065923, -75.56023141,
       120.56612265, 155.15724157])
						array([0.02136236, 0.03351543, 0.03872363, 0.00059904, 0.04005697,
       0.01771124, 0.00111519, 0.01008892, 0.02007226, 0.02348637])

 298.799296123			array([ 10.11327869,   5.95040122,   5.66595474, -15.33718968,
       -73.90168689, 109.58151341, 145.64940353, -75.55950246,
       120.57352855, 155.16832293])
						array([0.02848315, 0.04468724, 0.0516315 , 0.00079872, 0.0534093 ,
       0.02361499, 0.00148691, 0.0134519 , 0.02676301, 0.03131516])

 298.593005644			array([ 10.14171173,   5.97844837,   5.66479915, -15.3373218 ,
       -73.90324088, 109.64111708, 145.65119422, -75.48857055,
       120.64132986, 155.07147941])
						array([0.06751562, 0.10592531, 0.12238579, 0.00189325, 0.12659982,
       0.05597626, 0.00352454, 0.03188597, 0.06343825, 0.07422853])

 298.768288594			array([ 10.14908821,   5.9983269 ,   5.66979309, -15.33848889,
       -73.87402494, 109.63819319, 145.65254871, -75.45962094,
       120.6372536 , 155.04058044])
						array([0.02848315, 0.04468724, 0.0516315 , 0.00079872, 0.0534093 ,
       0.02361499, 0.00148691, 0.0134519 , 0.02676301, 0.03131516])

 299.345022027			array([ 10.11991709,   6.01118305,   5.71237219, -15.33900308,
       -73.89612057, 109.62411083, 145.65293435, -75.46385158,
       120.69428359, 155.05914212])
						array([0.03797753, 0.05958298, 0.068842  , 0.00106496, 0.0712124 ,
       0.03148665, 0.00198255, 0.01793586, 0.03568402, 0.04175355])

 299.252729352			array([ 10.088335  ,   5.97087869,   5.70181627, -15.33803649,
       -73.82386656, 109.63124451, 145.65242051, -75.45400724,
       120.6683156 , 155.01772835])
						array([0.05063671, 0.07944398, 0.09178934, 0.00141994, 0.09494987,
       0.0419822 , 0.0026434 , 0.02391448, 0.04757869, 0.0556714 ])

 298.9097018			array([ 10.09550402,   5.95855833,   5.66423422, -15.33841923,
       -73.9065528 , 109.6271287 , 145.64729391, -75.46974726,
       120.66656915, 155.01747567])
						array([0.06751562, 0.10592531, 0.12238579, 0.00189325, 0.12659982,
       0.05597626, 0.00352454, 0.03188597, 0.06343825, 0.07422853])

 299.157798939			array([ 10.12911717,   6.04130515,   5.63836427, -15.33764822,
       -73.90459106, 109.64836935, 145.64391572, -75.47032892,
       120.68508645, 155.0025206 ])
						array([0.02136236, 0.03351543, 0.03872363, 0.00059904, 0.04005697,
       0.01771124, 0.00111519, 0.01008892, 0.02007226, 0.02348637])

 299.114866263			array([ 10.10998531,   6.03962   ,   5.63641091, -15.33691705,
       -73.91765423, 109.66910052, 145.64451988, -75.48809932,
       120.63072214, 155.00328044])
						array([0.01602177, 0.02513657, 0.02904272, 0.00044928, 0.03004273,
       0.01328343, 0.00083639, 0.00756669, 0.01505419, 0.01761478])

 299.347411864			array([ 10.1260713 ,   6.05177551,   5.63966234, -15.33715553,
       -73.91817116, 109.64647788, 145.6437679 , -75.48873946,
       120.63181592, 155.007601  ])
						array([0.02136236, 0.03351543, 0.03872363, 0.00059904, 0.04005697,
       0.01771124, 0.00111519, 0.01008892, 0.02007226, 0.02348637])

 298.913803037			array([ 10.10789525,   6.02326959,   5.62632485, -15.33646573,
       -73.88660534, 109.6606622 , 145.64566828, -75.4872602 ,
       120.62556597, 154.97856591])
						array([0.02848315, 0.04468724, 0.0516315 , 0.00079872, 0.0534093 ,
       0.02361499, 0.00148691, 0.0134519 , 0.02676301, 0.03131516])

 298.725155592			array([ 10.09800759,   5.98829526,   5.62972659, -15.33674027,
       -73.90356946, 109.65500869, 145.64473032, -75.47381194,
       120.60623557, 155.02089734])
						array([0.02136236, 0.03351543, 0.03872363, 0.00059904, 0.04005697,
       0.01771124, 0.00111519, 0.01008892, 0.02007226, 0.02348637])

 299.000145759			array([ 10.12527624,   6.03898992,   5.64198661, -15.33651961,
       -73.89311843, 109.65823293, 145.64073326, -75.47359972,
       120.61174552, 155.02006829])
						array([0.02136236, 0.03351543, 0.03872363, 0.00059904, 0.04005697,
       0.01771124, 0.00111519, 0.01008892, 0.02007226, 0.02348637])

 298.670502101			array([ 10.12467018,   6.0150642 ,   5.63312987, -15.33615824,
       -73.90037918, 109.65303158, 145.64023903, -75.47637784,
       120.59399437, 155.00054521])
						array([0.02848315, 0.04468724, 0.0516315 , 0.00079872, 0.0534093 ,
       0.02361499, 0.00148691, 0.0134519 , 0.02676301, 0.03131516])

 298.837498049			array([ 10.1083271 ,   6.00460648,   5.68807794, -15.33790091,
       -73.81865006, 109.69590651, 145.63870812, -75.46514028,
       120.63375371, 154.95256853])
						array([0.03797753, 0.05958298, 0.068842  , 0.00106496, 0.0712124 ,
       0.03148665, 0.00198255, 0.01793586, 0.03568402, 0.04175355])

 299.242248254			array([ 10.07390403,   6.02574043,   5.66103686, -15.33693101,
       -73.86479945, 109.62124488, 145.63900811, -75.46929576,
       120.65334748, 154.91955788])
						array([0.05063671, 0.07944398, 0.09178934, 0.00141994, 0.09494987,
       0.0419822 , 0.0026434 , 0.02391448, 0.04757869, 0.0556714 ])

 299.092594803			array([ 10.08320398,   5.98883242,   5.69745542, -15.33655655,
       -73.84871491, 109.58374237, 145.64137929, -75.44842587,
       120.66091224, 154.94007644])
						array([0.06751562, 0.10592531, 0.12238579, 0.00189325, 0.12659982,
       0.05597626, 0.00352454, 0.03188597, 0.06343825, 0.07422853])

 299.055674615			array([ 10.10811872,   5.95209147,   5.6956483 , -15.33676733,
       -73.80846309, 109.59370288, 145.64170129, -75.44468559,
       120.67491564, 154.95676842])
						array([0.00901225, 0.01413932, 0.01633653, 0.00025272, 0.01689904,
       0.00747193, 0.00047047, 0.00425626, 0.00846798, 0.00990831])

 299.431545119			array([ 10.08690463,   5.93766933,   5.69034715, -15.33667224,
       -73.81765246, 109.58888933, 145.64179383, -75.44835364,
       120.66964439, 154.95265293])
						array([0.00901225, 0.01413932, 0.01633653, 0.00025272, 0.01689904,
       0.00747193, 0.00047047, 0.00425626, 0.00846798, 0.00990831])

 298.704961084			array([ 10.08991683,   5.96902517,   5.66211446, -15.33608245,
       -73.78819927, 109.58828243, 145.64177307, -75.44940483,
       120.67121981, 154.95455624])
						array([0.01201633, 0.01885243, 0.02178204, 0.00033696, 0.02253205,
       0.00996257, 0.00062729, 0.00567502, 0.01129065, 0.01321108])

 298.936927291			array([ 10.1016231 ,   5.93985807,   5.66256403, -15.33577226,
       -73.81029006, 109.58337443, 145.64187097, -75.44428007,
       120.66553002, 154.97083961])
						array([0.01602177, 0.02513657, 0.02904272, 0.00044928, 0.03004273,
       0.01328343, 0.00083639, 0.00756669, 0.01505419, 0.01761478])

 299.169418588			array([ 10.11409926,   5.92290677,   5.65445554, -15.33500537,
       -73.80152935, 109.59839185, 145.64277594, -75.4390403 ,
       120.71459772, 154.99132127])
						array([0.02848315, 0.04468724, 0.0516315 , 0.00079872, 0.0534093 ,
       0.02361499, 0.00148691, 0.0134519 , 0.02676301, 0.03131516])

 299.153723676			array([ 10.12610884,   5.96181015,   5.59777015, -15.33525162,
       -73.8918941 , 109.70553196, 145.64947681, -75.43130053,
       120.74288996, 154.9292706 ])
						array([0.06751562, 0.10592531, 0.12238579, 0.00189325, 0.12659982,
       0.05597626, 0.00352454, 0.03188597, 0.06343825, 0.07422853])

 298.89863011			array([ 10.16816733,   5.95791082,   5.67211657, -15.3343161 ,
       -73.98318588, 109.68178266, 145.64606451, -75.45329712,
       120.74332832, 154.8633162 ])
						array([0.03797753, 0.05958298, 0.068842  , 0.00106496, 0.0712124 ,
       0.03148665, 0.00198255, 0.01793586, 0.03568402, 0.04175355])

 299.182544428			array([ 10.15187719,   5.93170596,   5.6398935 , -15.33531802,
       -74.05901037, 109.65047673, 145.64373236, -75.43818155,
       120.776385  , 154.86987571])
						array([0.03797753, 0.05958298, 0.068842  , 0.00106496, 0.0712124 ,
       0.03148665, 0.00198255, 0.01793586, 0.03568402, 0.04175355])

 298.37044765			array([ 10.1172009 ,   5.98417351,   5.65420561, -15.33540288,
       -74.04459975, 109.64653049, 145.64466351, -75.44200293,
       120.81606116, 154.8810228 ])
						array([0.01602177, 0.02513657, 0.02904272, 0.00044928, 0.03004273,
       0.01328343, 0.00083639, 0.00756669, 0.01505419, 0.01761478])

 298.366034889			array([ 10.12692219,   5.99388708,   5.64774899, -15.33514175,
       -74.08099176, 109.64342396, 145.64368581, -75.43113847,
       120.82884021, 154.86606038])
						array([0.01602177, 0.02513657, 0.02904272, 0.00044928, 0.03004273,
       0.01328343, 0.00083639, 0.00756669, 0.01505419, 0.01761478])

 298.493581764			array([ 10.11045433,   6.01102877,   5.66137531, -15.33523657,
       -74.10903667, 109.66704286, 145.64390075, -75.42940166,
       120.82666195, 154.85902747])
						array([0.02136236, 0.03351543, 0.03872363, 0.00059904, 0.04005697,
       0.01771124, 0.00111519, 0.01008892, 0.02007226, 0.02348637])

 298.463746516			array([ 10.10352496,   5.98219205,   5.65813836, -15.33567534,
       -74.10727292, 109.67479524, 145.64390564, -75.44285227,
       120.84628117, 154.84543618])
						array([0.02136236, 0.03351543, 0.03872363, 0.00059904, 0.04005697,
       0.01771124, 0.00111519, 0.01008892, 0.02007226, 0.02348637])

 298.43056844			array([ 10.10838129,   5.9833722 ,   5.66182071, -15.33564455,
       -74.10891632, 109.67820218, 145.64357928, -75.44444398,
       120.85052658, 154.84599361])
						array([0.00675919, 0.01060449, 0.0122524 , 0.00018954, 0.01267428,
       0.00560395, 0.00035285, 0.0031922 , 0.00635099, 0.00743123])

 298.495802943			array([ 10.10537535,   5.99474508,   5.66888899, -15.33584821,
       -74.11837898, 109.67518007, 145.64387171, -75.44587888,
       120.8532859 , 154.85382526])
						array([0.00901225, 0.01413932, 0.01633653, 0.00025272, 0.01689904,
       0.00747193, 0.00047047, 0.00425626, 0.00846798, 0.00990831])

 298.425110846			array([ 10.11429056,   5.99123223,   5.65835595, -15.33604781,
       -74.13393896, 109.70647791, 145.64480157, -75.44943027,
       120.86434906, 154.86360162])
						array([0.02136236, 0.03351543, 0.03872363, 0.00059904, 0.04005697,
       0.01771124, 0.00111519, 0.01008892, 0.02007226, 0.02348637])

 298.4982665			array([ 10.1031065 ,   5.98835275,   5.66203604, -15.33611676,
       -74.13817049, 109.70405571, 145.64466043, -75.45518902,
       120.85584346, 154.86086501])
						array([0.00675919, 0.01060449, 0.0122524 , 0.00018954, 0.01267428,
       0.00560395, 0.00035285, 0.0031922 , 0.00635099, 0.00743123])

 298.497873739			array([ 10.10663124,   5.99233272,   5.66756404, -15.33616253,
       -74.13241104, 109.70467215, 145.64455684, -75.45400175,
       120.85651512, 154.86038127])
						array([0.00380204, 0.00596503, 0.00689197, 0.00010662, 0.00712928,
       0.00315222, 0.00019848, 0.00179561, 0.00357243, 0.00418007])

 298.469498735			array([ 10.1103532 ,   5.98534243,   5.66829867, -15.33607412,
       -74.13620702, 109.70497221, 145.64454792, -75.45550881,
       120.8608696 , 154.86103573])
						array([0.00506939, 0.00795337, 0.0091893 , 0.00014215, 0.00950571,
       0.00420296, 0.00026464, 0.00239415, 0.00476324, 0.00557343])

 298.47294776			array([ 10.11075839,   5.99152748,   5.66834174, -15.33612165,
       -74.14911136, 109.7024304 , 145.64417112, -75.45474902,
       120.85716372, 154.85819307])
						array([0.00675919, 0.01060449, 0.0122524 , 0.00018954, 0.01267428,
       0.00560395, 0.00035285, 0.0031922 , 0.00635099, 0.00743123])

 298.465893558			array([ 10.11406961,   5.99793551,   5.66453246, -15.3361823 ,
       -74.16034529, 109.70071319, 145.64430783, -75.45630354,
       120.85804754, 154.86621654])
						array([0.00901225, 0.01413932, 0.01633653, 0.00025272, 0.01689904,
       0.00747193, 0.00047047, 0.00425626, 0.00846798, 0.00990831])

 298.491294466			array([ 10.11068965,   5.9834542 ,   5.66849984, -15.33635515,
       -74.20535136, 109.70855349, 145.64365384, -75.45392855,
       120.85376458, 154.86982622])
						array([0.01602177, 0.02513657, 0.02904272, 0.00044928, 0.03004273,
       0.01328343, 0.00083639, 0.00756669, 0.01505419, 0.01761478])

 298.475856935			array([ 10.11982798,   5.99287332,   5.66785678, -15.33656876,
       -74.20175495, 109.71671319, 145.64272644, -75.44775445,
       120.84783494, 154.8789896 ])
						array([0.00901225, 0.01413932, 0.01633653, 0.00025272, 0.01689904,
       0.00747193, 0.00047047, 0.00425626, 0.00846798, 0.00990831])

 298.485242589			array([ 10.11954789,   5.9745138 ,   5.65670124, -15.33664322,
       -74.20188852, 109.7066761 , 145.64273274, -75.4424379 ,
       120.84496134, 154.86764809])
						array([0.00506939, 0.00795337, 0.0091893 , 0.00014215, 0.00950571,
       0.00420296, 0.00026464, 0.00239415, 0.00476324, 0.00557343])

 298.445529753			array([ 10.12016578,   5.98487551,   5.6512449 , -15.3364795 ,
       -74.20593337, 109.7018737 , 145.64279576, -75.44491892,
       120.84883584, 154.86697777])
						array([0.00675919, 0.01060449, 0.0122524 , 0.00018954, 0.01267428,
       0.00560395, 0.00035285, 0.0031922 , 0.00635099, 0.00743123])

 298.49562822			array([ 10.11837222,   5.98260728,   5.67340508, -15.33638318,
       -74.19689793, 109.70127285, 145.64274278, -75.44097244,
       120.84787426, 154.86898189])
						array([0.00901225, 0.01413932, 0.01633653, 0.00025272, 0.01689904,
       0.00747193, 0.00047047, 0.00425626, 0.00846798, 0.00990831])

 298.436884811			array([ 10.12166152,   5.99089463,   5.65953663, -15.33642662,
       -74.23832316, 109.70303605, 145.6426695 , -75.43526075,
       120.84166849, 154.87029129])
						array([0.01201633, 0.01885243, 0.02178204, 0.00033696, 0.02253205,
       0.00996257, 0.00062729, 0.00567502, 0.01129065, 0.01321108])

 298.442401535			array([ 10.13135954,   5.99175481,   5.65673109, -15.33634636,
       -74.23774058, 109.71067973, 145.64292304, -75.43166657,
       120.8338281 , 154.86671186])
						array([0.00506939, 0.00795337, 0.0091893 , 0.00014215, 0.00950571,
       0.00420296, 0.00026464, 0.00239415, 0.00476324, 0.00557343])

 298.493704779			array([ 10.13106146,   6.00084424,   5.66392354, -15.33649098,
       -74.24168405, 109.70439441, 145.64216893, -75.43192097,
       120.83678378, 154.86281607])
						array([0.00380204, 0.00596503, 0.00689197, 0.00010662, 0.00712928,
       0.00315222, 0.00019848, 0.00179561, 0.00357243, 0.00418007])

 298.497750886			array([ 10.13395016,   5.99766006,   5.66507328, -15.33655662,
       -74.2268496 , 109.7024264 , 145.64206232, -75.4320118 ,
       120.83224294, 154.8559741 ])
						array([0.00506939, 0.00795337, 0.0091893 , 0.00014215, 0.00950571,
       0.00420296, 0.00026464, 0.00239415, 0.00476324, 0.00557343])

 298.482553753			array([ 10.13690479,   5.9857475 ,   5.66100783, -15.33656125,
       -74.22915712, 109.70206075, 145.6420963 , -75.43331094,
       120.83374657, 154.85135366])
						array([0.00675919, 0.01060449, 0.0122524 , 0.00018954, 0.01267428,
       0.00560395, 0.00035285, 0.0031922 , 0.00635099, 0.00743123])

 298.460177789			array([ 10.12769019,   5.98879892,   5.64425929, -15.33634226,
       -74.23535429, 109.70235559, 145.64254609, -75.44480522,
       120.81189089, 154.87587554])
						array([0.01201633, 0.01885243, 0.02178204, 0.00033696, 0.02253205,
       0.00996257, 0.00062729, 0.00567502, 0.01129065, 0.01321108])

 298.491439677			array([ 10.13637464,   5.97347431,   5.66653187, -15.33595802,
       -74.23219288, 109.69965949, 145.64267489, -75.45498712,
       120.7976661 , 154.87003381])
						array([0.00901225, 0.01413932, 0.01633653, 0.00025272, 0.01689904,
       0.00747193, 0.00047047, 0.00425626, 0.00846798, 0.00990831])

 298.419539891			array([ 10.13178159,   5.98751732,   5.66640586, -15.33578745,
       -74.2504355 , 109.68579699, 145.64247182, -75.45453148,
       120.79899454, 154.8488196 ])
						array([0.01201633, 0.01885243, 0.02178204, 0.00033696, 0.02253205,
       0.00996257, 0.00062729, 0.00567502, 0.01129065, 0.01321108])

 298.386620481			array([ 10.12309317,   5.98691593,   5.66194295, -15.33570545,
       -74.23230761, 109.68368788, 145.6421274 , -75.46203232,
       120.79189972, 154.86386616])
						array([0.00675919, 0.01060449, 0.0122524 , 0.00018954, 0.01267428,
       0.00560395, 0.00035285, 0.0031922 , 0.00635099, 0.00743123])

 298.478496766			array([ 10.12530888,   6.00092748,   5.67706504, -15.33540995,
       -74.24320083, 109.68539552, 145.64222987, -75.46685418,
       120.79070649, 154.86602968])
						array([0.00675919, 0.01060449, 0.0122524 , 0.00018954, 0.01267428,
       0.00560395, 0.00035285, 0.0031922 , 0.00635099, 0.00743123])

 298.411960396			array([ 10.13172171,   5.99682811,   5.66708886, -15.33541207,
       -74.21544251, 109.68931177, 145.64195598, -75.46919419,
       120.78811543, 154.86677846])
						array([0.00901225, 0.01413932, 0.01633653, 0.00025272, 0.01689904,
       0.00747193, 0.00047047, 0.00425626, 0.00846798, 0.00990831])

 298.38474781			array([ 10.12976566,   5.99043481,   5.65446391, -15.3356166 ,
       -74.19355967, 109.69501982, 145.64158409, -75.46976113,
       120.78554938, 154.87019045])
						array([0.01201633, 0.01885243, 0.02178204, 0.00033696, 0.02253205,
       0.00996257, 0.00062729, 0.00567502, 0.01129065, 0.01321108])

 298.459402006			array([ 10.13746089,   6.00034182,   5.6567586 , -15.33581463,
       -74.16087815, 109.69535894, 145.64241133, -75.47375592,
       120.79621726, 154.87293986])
						array([0.01602177, 0.02513657, 0.02904272, 0.00044928, 0.03004273,
       0.01328343, 0.00083639, 0.00756669, 0.01505419, 0.01761478])

 298.44534193			array([ 10.13318274,   5.98420711,   5.644538  , -15.3359123 ,
       -74.13103219, 109.68427424, 145.6419484 , -75.47672577,
       120.7840695 , 154.87148608])
						array([0.00901225, 0.01413932, 0.01633653, 0.00025272, 0.01689904,
       0.00747193, 0.00047047, 0.00425626, 0.00846798, 0.00990831])

 298.462836979			array([ 10.14149139,   5.99066155,   5.65342625, -15.33589886,
       -74.0904731 , 109.68389912, 145.64247162, -75.48182669,
       120.78822762, 154.85209797])
						array([0.00901225, 0.01413932, 0.01633653, 0.00025272, 0.01689904,
       0.00747193, 0.00047047, 0.00425626, 0.00846798, 0.00990831])

 298.482388159			array([ 10.13370214,   5.99462493,   5.6425639 , -15.33615757,
       -74.0582373 , 109.670213  , 145.64299054, -75.48877548,
       120.78952504, 154.84787694])
						array([0.01201633, 0.01885243, 0.02178204, 0.00033696, 0.02253205,
       0.00996257, 0.00062729, 0.00567502, 0.01129065, 0.01321108])

 298.413549181			array([ 10.13122641,   5.97824506,   5.65988809, -15.33572031,
       -74.05454249, 109.67190782, 145.64274562, -75.49869069,
       120.8178942 , 154.87845691])
						array([0.01602177, 0.02513657, 0.02904272, 0.00044928, 0.03004273,
       0.01328343, 0.00083639, 0.00756669, 0.01505419, 0.01761478])

 298.399733884			array([ 10.11691061,   6.00395216,   5.66978649, -15.33462886,
       -74.04695629, 109.69036612, 145.64299064, -75.50368063,
       120.84298894, 154.87013222])
						array([0.02848315, 0.04468724, 0.0516315 , 0.00079872, 0.0534093 ,
       0.02361499, 0.00148691, 0.0134519 , 0.02676301, 0.03131516])

 298.408989346			array([ 10.12561179,   5.99039704,   5.67418911, -15.33520561,
       -74.06481916, 109.67458728, 145.64375406, -75.49966549,
       120.85602926, 154.88081432])
						array([0.00901225, 0.01413932, 0.01633653, 0.00025272, 0.01689904,
       0.00747193, 0.00047047, 0.00425626, 0.00846798, 0.00990831])

 298.464831879			array([ 10.12768175,   5.98081926,   5.68082381, -15.33507094,
       -74.06383986, 109.67481791, 145.64385082, -75.50031283,
       120.85034581, 154.88500667])
						array([0.00506939, 0.00795337, 0.0091893 , 0.00014215, 0.00950571,
       0.00420296, 0.00026464, 0.00239415, 0.00476324, 0.00557343])

 298.386613262			array([ 10.12934859,   5.9804316 ,   5.6708245 , -15.33498203,
       -74.04693201, 109.67480393, 145.64374441, -75.50247124,
       120.8569408 , 154.88984133])
						array([0.00675919, 0.01060449, 0.0122524 , 0.00018954, 0.01267428,
       0.00560395, 0.00035285, 0.0031922 , 0.00635099, 0.00743123])

 298.343094843			array([ 10.11758577,   5.98163201,   5.65755778, -15.3349782 ,
       -74.0513844 , 109.67352079, 145.64408359, -75.51373608,
       120.85572337, 154.89152144])
						array([0.00901225, 0.01413932, 0.01633653, 0.00025272, 0.01689904,
       0.00747193, 0.00047047, 0.00425626, 0.00846798, 0.00990831])

 298.334449261			array([ 10.12736194,   5.99490265,   5.65710206, -15.33486695,
       -74.05323226, 109.67570739, 145.64414149, -75.5147934 ,
       120.84759903, 154.86761058])
						array([0.01201633, 0.01885243, 0.02178204, 0.00033696, 0.02253205,
       0.00996257, 0.00062729, 0.00567502, 0.01129065, 0.01321108])

 298.456428071			array([ 10.13118503,   6.00607543,   5.67664858, -15.33453708,
       -74.00359421, 109.67996722, 145.64420302, -75.51877084,
       120.85004672, 154.85548389])
						array([0.01602177, 0.02513657, 0.02904272, 0.00044928, 0.03004273,
       0.01328343, 0.00083639, 0.00756669, 0.01505419, 0.01761478])

 298.45372297			array([ 10.1199792 ,   6.01528336,   5.6545724 , -15.33456502,
       -74.03826976, 109.68704518, 145.64200765, -75.51463463,
       120.837688  , 154.86827913])
						array([0.02848315, 0.04468724, 0.0516315 , 0.00079872, 0.0534093 ,
       0.02361499, 0.00148691, 0.0134519 , 0.02676301, 0.03131516])

 298.434184778			array([ 10.12085162,   6.01240781,   5.64505356, -15.3343655 ,
       -74.03894839, 109.687525  , 145.64212326, -75.51382886,
       120.83016548, 154.8703682 ])
						array([0.00380204, 0.00596503, 0.00689197, 0.00010662, 0.00712928,
       0.00315222, 0.00019848, 0.00179561, 0.00357243, 0.00418007])

 298.489564219			array([ 10.12237025,   6.0152123 ,   5.63951838, -15.33431375,
       -74.03512536, 109.68522577, 145.64203897, -75.51396659,
       120.82977238, 154.87047247])
						array([2.85153121e-03, 4.47376972e-03, 5.16898028e-03, 7.99618688e-05,
       5.34696070e-03, 2.36416502e-03, 1.48859243e-04, 1.34670843e-03,
       2.67932318e-03, 3.13505221e-03])

 298.439928554			array([ 10.11695558,   6.01183308,   5.64557161, -15.3344579 ,
       -74.04027476, 109.68948882, 145.64206651, -75.51423517,
       120.82764428, 154.8703198 ])
						array([0.00380204, 0.00596503, 0.00689197, 0.00010662, 0.00712928,
       0.00315222, 0.00019848, 0.00179561, 0.00357243, 0.00418007])

 298.410895597			array([ 10.11348016,   6.00461203,   5.64350168, -15.33457797,
       -74.04661318, 109.68750539, 145.64180895, -75.51366117,
       120.82981962, 154.86646898])
						array([0.00506939, 0.00795337, 0.0091893 , 0.00014215, 0.00950571,
       0.00420296, 0.00026464, 0.00239415, 0.00476324, 0.00557343])

 298.317351464			array([ 10.12109695,   5.99512811,   5.64785694, -15.33443383,
       -74.05517338, 109.68748704, 145.64159496, -75.51248364,
       120.82952635, 154.85886074])
						array([0.00675919, 0.01060449, 0.0122524 , 0.00018954, 0.01267428,
       0.00560395, 0.00035285, 0.0031922 , 0.00635099, 0.00743123])

 298.474741596			array([ 10.12136925,   5.96304116,   5.64036812, -15.33460162,
       -74.03721487, 109.6870347 , 145.64176297, -75.50732664,
       120.83264804, 154.85257264])
						array([0.00901225, 0.01413932, 0.01633653, 0.00025272, 0.01689904,
       0.00747193, 0.00047047, 0.00425626, 0.00846798, 0.00990831])

 298.382070934			array([ 10.12713851,   5.97456893,   5.64562822, -15.33487802,
       -74.05408177, 109.67695592, 145.64229233, -75.50920482,
       120.84666084, 154.83772917])
						array([0.01602177, 0.02513657, 0.02904272, 0.00044928, 0.03004273,
       0.01328343, 0.00083639, 0.00756669, 0.01505419, 0.01761478])

 298.437107754			array([ 10.12887927,   5.98059051,   5.64306291, -15.33576857,
       -74.01224635, 109.6601314 , 145.64177129, -75.50779113,
       120.83077291, 154.824647  ])
						array([0.02848315, 0.04468724, 0.0516315 , 0.00079872, 0.0534093 ,
       0.02361499, 0.00148691, 0.0134519 , 0.02676301, 0.03131516])

 298.423741576			array([ 10.12799826,   5.98654402,   5.66413254, -15.33608714,
       -74.03278164, 109.66916442, 145.64127336, -75.50668444,
       120.83395799, 154.81998343])
						array([0.00506939, 0.00795337, 0.0091893 , 0.00014215, 0.00950571,
       0.00420296, 0.00026464, 0.00239415, 0.00476324, 0.00557343])

 298.436322867			array([ 10.12335498,   5.99412168,   5.6612162 , -15.33630575,
       -74.03792113, 109.66192599, 145.64153689, -75.50813959,
       120.83548694, 154.81989301])
						array([0.00506939, 0.00795337, 0.0091893 , 0.00014215, 0.00950571,
       0.00420296, 0.00026464, 0.00239415, 0.00476324, 0.00557343])

 298.455674848			array([ 10.12523011,   5.98791893,   5.64859743, -15.33656618,
       -74.03293219, 109.65872697, 145.64151037, -75.50536136,
       120.83207597, 154.81828882])
						array([0.00675919, 0.01060449, 0.0122524 , 0.00018954, 0.01267428,
       0.00560395, 0.00035285, 0.0031922 , 0.00635099, 0.00743123])

 298.433257613			array([ 10.11833321,   5.99457275,   5.65297165, -15.33619719,
       -74.02645148, 109.65663812, 145.64177195, -75.50396744,
       120.83840737, 154.81830823])
						array([0.00901225, 0.01413932, 0.01633653, 0.00025272, 0.01689904,
       0.00747193, 0.00047047, 0.00425626, 0.00846798, 0.00990831])

 298.470002309			array([ 10.11807008,   5.98750988,   5.65204489, -15.33681313,
       -74.04180759, 109.64647256, 145.6408078 , -75.50750855,
       120.82613933, 154.82873433])
						array([0.01201633, 0.01885243, 0.02178204, 0.00033696, 0.02253205,
       0.00996257, 0.00062729, 0.00567502, 0.01129065, 0.01321108])

 298.470167814			array([ 10.12814733,   5.98591825,   5.64976267, -15.33675526,
       -74.03188827, 109.64928583, 145.64075567, -75.51401666,
       120.80857559, 154.8234393 ])
						array([0.00675919, 0.01060449, 0.0122524 , 0.00018954, 0.01267428,
       0.00560395, 0.00035285, 0.0031922 , 0.00635099, 0.00743123])

 298.491443533			array([ 10.1340056 ,   5.99817337,   5.66080976, -15.33658625,
       -74.04276637, 109.63935361, 145.64037336, -75.51777298,
       120.8051054 , 154.8146915 ])
						array([0.00675919, 0.01060449, 0.0122524 , 0.00018954, 0.01267428,
       0.00560395, 0.00035285, 0.0031922 , 0.00635099, 0.00743123])

 298.489484249			array([ 10.12145368,   5.98601168,   5.67128754, -15.33660546,
       -74.040467  , 109.63583374, 145.64007815, -75.51848273,
       120.81039138, 154.82494811])
						array([0.00901225, 0.01413932, 0.01633653, 0.00025272, 0.01689904,
       0.00747193, 0.00047047, 0.00425626, 0.00846798, 0.00990831])

 298.435489653			array([ 10.12044334,   5.99239854,   5.6581925 , -15.33637472,
       -74.04126298, 109.63129692, 145.63992769, -75.51675323,
       120.81354912, 154.83490165])
						array([0.00506939, 0.00795337, 0.0091893 , 0.00014215, 0.00950571,
       0.00420296, 0.00026464, 0.00239415, 0.00476324, 0.00557343])

 298.455593585			array([ 10.11651445,   5.99422332,   5.65869019, -15.33648462,
       -74.05018413, 109.62768676, 145.6398759 , -75.51970812,
       120.81742883, 154.84210124])
						array([0.00380204, 0.00596503, 0.00689197, 0.00010662, 0.00712928,
       0.00315222, 0.00019848, 0.00179561, 0.00357243, 0.00418007])

 298.483265245			array([ 10.11617709,   5.98937516,   5.66995565, -15.33648604,
       -74.04721142, 109.6295342 , 145.63983542, -75.51721639,
       120.81653068, 154.84135259])
						array([0.00506939, 0.00795337, 0.0091893 , 0.00014215, 0.00950571,
       0.00420296, 0.00026464, 0.00239415, 0.00476324, 0.00557343])

 298.45445151			array([ 10.10981676,   5.98159813,   5.65923945, -15.33609815,
       -73.99243793, 109.64020361, 145.63947578, -75.51679312,
       120.83513256, 154.84510637])
						array([0.00675919, 0.01060449, 0.0122524 , 0.00018954, 0.01267428,
       0.00560395, 0.00035285, 0.0031922 , 0.00635099, 0.00743123])

 298.482348209			array([ 10.11169575,   5.97505422,   5.66207122, -15.33621785,
       -73.98166927, 109.6444125 , 145.63922899, -75.51068847,
       120.83137853, 154.85478097])
						array([0.00675919, 0.01060449, 0.0122524 , 0.00018954, 0.01267428,
       0.00560395, 0.00035285, 0.0031922 , 0.00635099, 0.00743123])

 298.45040616			array([ 10.1255734 ,   5.97997321,   5.66957571, -15.33603451,
       -74.00463112, 109.64328379, 145.63948578, -75.51504924,
       120.82681017, 154.8588653 ])
						array([0.00901225, 0.01413932, 0.01633653, 0.00025272, 0.01689904,
       0.00747193, 0.00047047, 0.00425626, 0.00846798, 0.00990831])

 298.447553062			array([ 10.12500681,   5.99447324,   5.67391703, -15.33567   ,
       -74.01204854, 109.65159191, 145.64012946, -75.51898286,
       120.84067814, 154.84722555])
						array([0.01201633, 0.01885243, 0.02178204, 0.00033696, 0.02253205,
       0.00996257, 0.00062729, 0.00567502, 0.01129065, 0.01321108])

 298.442766673			array([ 10.12595008,   5.98465695,   5.63943093, -15.33571857,
       -73.98670928, 109.67446874, 145.63811844, -75.51500028,
       120.88905264, 154.86161667])
						array([0.03797753, 0.05958298, 0.068842  , 0.00106496, 0.0712124 ,
       0.03148665, 0.00198255, 0.01793586, 0.03568402, 0.04175355])

 298.455783117			array([ 10.10333253,   5.98520844,   5.65433629, -15.33560161,
       -73.98839432, 109.68166811, 145.63924182, -75.52332527,
       120.89587004, 154.83853768])
						array([0.00901225, 0.01413932, 0.01633653, 0.00025272, 0.01689904,
       0.00747193, 0.00047047, 0.00425626, 0.00846798, 0.00990831])

 298.471917103			array([ 10.10579791,   5.9815905 ,   5.64375259, -15.3355591 ,
       -73.99943865, 109.68514202, 145.63854032, -75.52389798,
       120.90587972, 154.83384192])
						array([0.00901225, 0.01413932, 0.01633653, 0.00025272, 0.01689904,
       0.00747193, 0.00047047, 0.00425626, 0.00846798, 0.00990831])

 298.490742879			array([ 10.10115951,   5.99498506,   5.6490782 , -15.33556133,
       -74.01786539, 109.67225813, 145.6385137 , -75.52049012,
       120.89839273, 154.82617456])
						array([0.01201633, 0.01885243, 0.02178204, 0.00033696, 0.02253205,
       0.00996257, 0.00062729, 0.00567502, 0.01129065, 0.01321108])

 298.430380235			array([ 10.12133514,   5.97121861,   5.66395981, -15.33548663,
       -74.04272326, 109.65711745, 145.63563368, -75.54210341,
       120.91697081, 154.80676307])
						array([0.02848315, 0.04468724, 0.0516315 , 0.00079872, 0.0534093 ,
       0.02361499, 0.00148691, 0.0134519 , 0.02676301, 0.03131516])

 298.332889505			array([ 10.11435224,   5.98860988,   5.66343199, -15.33467048,
       -73.98096686, 109.65911035, 145.63531109, -75.53963672,
       120.91412302, 154.80442357])
						array([0.00901225, 0.01413932, 0.01633653, 0.00025272, 0.01689904,
       0.00747193, 0.00047047, 0.00425626, 0.00846798, 0.00990831])

 298.408069331			array([ 10.10956089,   5.97763457,   5.66424751, -15.33510931,
       -73.98418403, 109.64410995, 145.63514723, -75.53984099,
       120.92436115, 154.79360788])
						array([0.00901225, 0.01413932, 0.01633653, 0.00025272, 0.01689904,
       0.00747193, 0.00047047, 0.00425626, 0.00846798, 0.00990831])

 298.425638352			array([ 10.11727829,   5.96821979,   5.65143599, -15.33510618,
       -73.96195718, 109.64357623, 145.63500429, -75.54529922,
       120.92054536, 154.78058249])
						array([0.01201633, 0.01885243, 0.02178204, 0.00033696, 0.02253205,
       0.00996257, 0.00062729, 0.00567502, 0.01129065, 0.01321108])

 298.488839232			array([ 10.12358578,   5.98681386,   5.62590995, -15.33462606,
       -73.99024893, 109.62728038, 145.63451801, -75.54340833,
       120.9079192 , 154.77691177])
						array([0.01602177, 0.02513657, 0.02904272, 0.00044928, 0.03004273,
       0.01328343, 0.00083639, 0.00756669, 0.01505419, 0.01761478])

 298.414929432			array([ 10.14686086,   5.9893872 ,   5.65668765, -15.33465498,
       -73.98546094, 109.64956086, 145.63487083, -75.5472135 ,
       120.9118291 , 154.74655372])
						array([0.02136236, 0.03351543, 0.03872363, 0.00059904, 0.04005697,
       0.01771124, 0.00111519, 0.01008892, 0.02007226, 0.02348637])

 298.424948906			array([ 10.13331658,   5.99242725,   5.68046432, -15.33440442,
       -74.01231276, 109.65563461, 145.63539739, -75.54619153,
       120.90411864, 154.75616788])
						array([0.00675919, 0.01060449, 0.0122524 , 0.00018954, 0.01267428,
       0.00560395, 0.00035285, 0.0031922 , 0.00635099, 0.00743123])

 298.322015032			array([ 10.1309941 ,   5.99485776,   5.66428516, -15.3344135 ,
       -74.00434222, 109.65768384, 145.63548331, -75.54834088,
       120.9014328 , 154.7471876 ])
						array([0.00506939, 0.00795337, 0.0091893 , 0.00014215, 0.00950571,
       0.00420296, 0.00026464, 0.00239415, 0.00476324, 0.00557343])

 298.372783081			array([ 10.13539217,   6.00426991,   5.65839187, -15.3344202 ,
       -74.01147166, 109.65359929, 145.63566691, -75.54816323,
       120.90550983, 154.74933486])
						array([0.00675919, 0.01060449, 0.0122524 , 0.00018954, 0.01267428,
       0.00560395, 0.00035285, 0.0031922 , 0.00635099, 0.00743123])

 298.461052478			array([ 10.13401322,   6.01110788,   5.66828022, -15.33461305,
       -74.00566228, 109.65146371, 145.63528181, -75.55145171,
       120.89761067, 154.74690057])
						array([0.00901225, 0.01413932, 0.01633653, 0.00025272, 0.01689904,
       0.00747193, 0.00047047, 0.00425626, 0.00846798, 0.00990831])

 298.325081254			array([ 10.12679737,   6.00236765,   5.6634171 , -15.3341601 ,
       -74.02809496, 109.65253755, 145.63438696, -75.55905767,
       120.89363246, 154.74264731])
						array([0.01602177, 0.02513657, 0.02904272, 0.00044928, 0.03004273,
       0.01328343, 0.00083639, 0.00756669, 0.01505419, 0.01761478])

 298.316268285			array([ 10.12519209,   5.97969776,   5.64505297, -15.33424721,
       -74.06430041, 109.65815889, 145.63331675, -75.56327965,
       120.90201352, 154.78757789])
						array([0.02848315, 0.04468724, 0.0516315 , 0.00079872, 0.0534093 ,
       0.02361499, 0.00148691, 0.0134519 , 0.02676301, 0.03131516])

 298.479260768			array([ 10.11477566,   6.00326144,   5.63029466, -15.33429172,
       -74.04702825, 109.65115513, 145.63324748, -75.57165897,
       120.92057564, 154.79911634])
						array([0.01201633, 0.01885243, 0.02178204, 0.00033696, 0.02253205,
       0.00996257, 0.00062729, 0.00567502, 0.01129065, 0.01321108])

 298.32936541			array([ 10.11566197,   5.99841938,   5.64703788, -15.33423975,
       -74.04411189, 109.6427648 , 145.63365332, -75.56820887,
       120.90857413, 154.80879248])
						array([0.00675919, 0.01060449, 0.0122524 , 0.00018954, 0.01267428,
       0.00560395, 0.00035285, 0.0031922 , 0.00635099, 0.00743123])

 298.408387183			array([ 10.12704643,   6.01169485,   5.64966296, -15.33431843,
       -74.04847932, 109.64791468, 145.633892  , -75.56682368,
       120.91979858, 154.80695035])
						array([0.00901225, 0.01413932, 0.01633653, 0.00025272, 0.01689904,
       0.00747193, 0.00047047, 0.00425626, 0.00846798, 0.00990831])

 298.370125887			array([ 10.11178974,   5.97389823,   5.64256123, -15.3341056 ,
       -74.04821656, 109.63737982, 145.63387817, -75.56699302,
       120.92831383, 154.80601241])
						array([0.01602177, 0.02513657, 0.02904272, 0.00044928, 0.03004273,
       0.01328343, 0.00083639, 0.00756669, 0.01505419, 0.01761478])

 298.318539588			array([ 10.12046773,   5.98527365,   5.64193665, -15.33419712,
       -74.06848039, 109.63524421, 145.63317499, -75.56267395,
       120.9345628 , 154.79763249])
						array([0.00901225, 0.01413932, 0.01633653, 0.00025272, 0.01689904,
       0.00747193, 0.00047047, 0.00425626, 0.00846798, 0.00990831])

 298.339252825			array([ 10.11719569,   5.99764122,   5.64546795, -15.33439405,
       -74.06935512, 109.63709142, 145.63297643, -75.56699682,
       120.9337696 , 154.79535051])
						array([0.00675919, 0.01060449, 0.0122524 , 0.00018954, 0.01267428,
       0.00560395, 0.00035285, 0.0031922 , 0.00635099, 0.00743123])

 298.311494037			array([ 10.11603394,   5.99071149,   5.65836145, -15.33454568,
       -74.06317017, 109.62524952, 145.63321135, -75.56693153,
       120.93389193, 154.78387689])
						array([0.00901225, 0.01413932, 0.01633653, 0.00025272, 0.01689904,
       0.00747193, 0.00047047, 0.00425626, 0.00846798, 0.00990831])

 298.337517799			array([ 10.11095652,   5.98613677,   5.66101816, -15.33460319,
       -74.0651967 , 109.62743194, 145.63323299, -75.56506695,
       120.93248057, 154.78385554])
						array([0.00380204, 0.00596503, 0.00689197, 0.00010662, 0.00712928,
       0.00315222, 0.00019848, 0.00179561, 0.00357243, 0.00418007])

 298.324408164			array([ 10.11178845,   5.98754431,   5.65631065, -15.334536  ,
       -74.07604609, 109.63442039, 145.63312467, -75.56168627,
       120.92885   , 154.77807264])
						array([0.00380204, 0.00596503, 0.00689197, 0.00010662, 0.00712928,
       0.00315222, 0.00019848, 0.00179561, 0.00357243, 0.00418007])

 298.319273361			array([ 10.11448683,   5.99086737,   5.65583197, -15.33458892,
       -74.07414284, 109.63234897, 145.6329839 , -75.56148788,
       120.92400875, 154.77693087])
						array([0.00506939, 0.00795337, 0.0091893 , 0.00014215, 0.00950571,
       0.00420296, 0.00026464, 0.00239415, 0.00476324, 0.00557343])

 298.332360012			array([ 10.11807254,   5.98685099,   5.66827854, -15.33456347,
       -74.08574492, 109.6298561 , 145.63279583, -75.56482961,
       120.92261273, 154.77275406])
						array([0.00901225, 0.01413932, 0.01633653, 0.00025272, 0.01689904,
       0.00747193, 0.00047047, 0.00425626, 0.00846798, 0.00990831])

 298.326588947			array([ 10.11998045,   5.9887241 ,   5.66938871, -15.33445221,
       -74.08274022, 109.62896648, 145.63263314, -75.56648232,
       120.92640232, 154.77122429])
						array([1.60398631e-03, 2.51649547e-03, 2.90755141e-03, 4.49785512e-05,
       3.00766539e-03, 1.32984282e-03, 8.37333245e-05, 7.57523491e-04,
       1.50711929e-03, 1.76346687e-03])

 298.347368253			array([ 10.11863963,   5.98808738,   5.67275991, -15.33444352,
       -74.08313465, 109.62701241, 145.63266116, -75.56573073,
       120.92829963, 154.7698618 ])
						array([1.60398631e-03, 2.51649547e-03, 2.90755141e-03, 4.49785512e-05,
       3.00766539e-03, 1.32984282e-03, 8.37333245e-05, 7.57523491e-04,
       1.50711929e-03, 1.76346687e-03])

 298.341903823			array([ 10.11814811,   5.98481215,   5.67160096, -15.33443163,
       -74.08083903, 109.62850696, 145.632555  , -75.56482474,
       120.92754675, 154.76944678])
						array([2.13864841e-03, 3.35532729e-03, 3.87673521e-03, 5.99714016e-05,
       4.01022052e-03, 1.77312376e-03, 1.11644433e-04, 1.01003132e-03,
       2.00949239e-03, 2.35128915e-03])

 298.303555483			array([ 10.11451302,   5.98380602,   5.66012333, -15.33432318,
       -74.05150658, 109.63007008, 145.63171618, -75.55571343,
       120.9245716 , 154.77849867])
						array([0.01201633, 0.01885243, 0.02178204, 0.00033696, 0.02253205,
       0.00996257, 0.00062729, 0.00567502, 0.01129065, 0.01321108])

 298.310915375			array([ 10.12114816,   5.97652056,   5.65975732, -15.33433741,
       -74.0456215 , 109.61989428, 145.63143079, -75.55569745,
       120.9323733 , 154.77895933])
						array([0.01602177, 0.02513657, 0.02904272, 0.00044928, 0.03004273,
       0.01328343, 0.00083639, 0.00756669, 0.01505419, 0.01761478])

 298.310614772			array([ 10.12555118,   5.98850328,   5.66942346, -15.3342476 ,
       -74.02033909, 109.61509638, 145.6305121 , -75.5551008 ,
       120.93157598, 154.79955537])
						array([0.00675919, 0.01060449, 0.0122524 , 0.00018954, 0.01267428,
       0.00560395, 0.00035285, 0.0031922 , 0.00635099, 0.00743123])

 298.314464181			array([ 10.12358813,   5.97611083,   5.64227005, -15.33383488,
       -74.0279769 , 109.61422492, 145.63118494, -75.55434306,
       120.92520417, 154.80016067])
						array([0.00675919, 0.01060449, 0.0122524 , 0.00018954, 0.01267428,
       0.00560395, 0.00035285, 0.0031922 , 0.00635099, 0.00743123])

 298.229705747			array([ 10.12541916,   5.98279773,   5.65370603, -15.3334823 ,
       -74.03712766, 109.61515317, 145.63084611, -75.5562034 ,
       120.9171853 , 154.80366174])
						array([0.00901225, 0.01413932, 0.01633653, 0.00025272, 0.01689904,
       0.00747193, 0.00047047, 0.00425626, 0.00846798, 0.00990831])

 298.239449654			array([ 10.12273477,   5.994081  ,   5.65430179, -15.33358818,
       -74.0476032 , 109.60638118, 145.63026055, -75.56275612,
       120.91367724, 154.78742108])
						array([0.02848315, 0.04468724, 0.0516315 , 0.00079872, 0.0534093 ,
       0.02361499, 0.00148691, 0.0134519 , 0.02676301, 0.03131516])

 298.222671671			array([ 10.1188644 ,   5.99398815,   5.66315289, -15.33319014,
       -74.03763022, 109.60617634, 145.63019715, -75.56339447,
       120.91978798, 154.79163189])
						array([0.00506939, 0.00795337, 0.0091893 , 0.00014215, 0.00950571,
       0.00420296, 0.00026464, 0.00239415, 0.00476324, 0.00557343])

 298.202438141			array([ 10.11545043,   5.98276152,   5.66271612, -15.33284392,
       -74.04321767, 109.60567924, 145.62953411, -75.56740899,
       120.91947026, 154.79354186])
						array([0.00506939, 0.00795337, 0.0091893 , 0.00014215, 0.00950571,
       0.00420296, 0.00026464, 0.00239415, 0.00476324, 0.00557343])

 298.186653916			array([ 10.11641991,   5.9828675 ,   5.65543034, -15.33276619,
       -74.04759696, 109.61202474, 145.62972229, -75.56611747,
       120.92674384, 154.79052138])
						array([0.00675919, 0.01060449, 0.0122524 , 0.00018954, 0.01267428,
       0.00560395, 0.00035285, 0.0031922 , 0.00635099, 0.00743123])

 298.179551143			array([ 10.12057288,   5.9757857 ,   5.66114834, -15.33239459,
       -74.07375382, 109.60892483, 145.62984234, -75.56964146,
       120.92650133, 154.79548448])
						array([0.01201633, 0.01885243, 0.02178204, 0.00033696, 0.02253205,
       0.00996257, 0.00062729, 0.00567502, 0.01129065, 0.01321108])

 298.178590786			array([ 10.11389463,   5.9796586 ,   5.66055681, -15.33237768,
       -74.07748419, 109.60373934, 145.62989783, -75.57417252,
       120.92123413, 154.80400222])
						array([0.00506939, 0.00795337, 0.0091893 , 0.00014215, 0.00950571,
       0.00420296, 0.00026464, 0.00239415, 0.00476324, 0.00557343])

 298.178556882			array([ 10.11164595,   5.98356541,   5.6540597 , -15.33240157,
       -74.09270705, 109.6012889 , 145.62987486, -75.57714792,
       120.92167133, 154.80078921])
						array([0.00506939, 0.00795337, 0.0091893 , 0.00014215, 0.00950571,
       0.00420296, 0.00026464, 0.00239415, 0.00476324, 0.00557343])

 298.170482725			array([ 10.11387068,   5.98217805,   5.65831053, -15.33239293,
       -74.08087417, 109.59140269, 145.63003464, -75.57943181,
       120.91282807, 154.79936158])
						array([0.00675919, 0.01060449, 0.0122524 , 0.00018954, 0.01267428,
       0.00560395, 0.00035285, 0.0031922 , 0.00635099, 0.00743123])

 298.138934959			array([ 10.12719821,   5.9851275 ,   5.65289689, -15.33220109,
       -74.09455204, 109.57859949, 145.62973266, -75.58568906,
       120.91097266, 154.81180756])
						array([0.01602177, 0.02513657, 0.02904272, 0.00044928, 0.03004273,
       0.01328343, 0.00083639, 0.00756669, 0.01505419, 0.01761478])

 298.141507619			array([ 10.12337393,   5.98757668,   5.65928074, -15.3323126 ,
       -74.09629136, 109.5765783 , 145.62981765, -75.58492875,
       120.9103289 , 154.80850226])
						array([2.85153121e-03, 4.47376972e-03, 5.16898028e-03, 7.99618688e-05,
       5.34696070e-03, 2.36416502e-03, 1.48859243e-04, 1.34670843e-03,
       2.67932318e-03, 3.13505221e-03])

 298.143347336			array([ 10.12428116,   5.98798813,   5.66062712, -15.33231096,
       -74.09014325, 109.57634899, 145.62974206, -75.58594225,
       120.91179013, 154.80539201])
						array([2.13864841e-03, 3.35532729e-03, 3.87673521e-03, 5.99714016e-05,
       4.01022052e-03, 1.77312376e-03, 1.11644433e-04, 1.01003132e-03,
       2.00949239e-03, 2.35128915e-03])

 298.142247581			array([ 10.12412887,   5.99222903,   5.65535932, -15.33227927,
       -74.09332882, 109.57860213, 145.62994436, -75.58606024,
       120.91005441, 154.80480636])
						array([2.85153121e-03, 4.47376972e-03, 5.16898028e-03, 7.99618688e-05,
       5.34696070e-03, 2.36416502e-03, 1.48859243e-04, 1.34670843e-03,
       2.67932318e-03, 3.13505221e-03])

 298.138013281			array([ 10.12006341,   5.99705838,   5.65861886, -15.33199   ,
       -74.08085831, 109.58164285, 145.63081158, -75.58749368,
       120.9175083 , 154.79480042])
						array([0.00901225, 0.01413932, 0.01633653, 0.00025272, 0.01689904,
       0.00747193, 0.00047047, 0.00425626, 0.00846798, 0.00990831])

 298.131373769			array([ 10.11928479,   5.98659334,   5.65204837, -15.33207924,
       -74.09676435, 109.58943818, 145.63047024, -75.58474258,
       120.91742277, 154.79557908])
						array([0.00675919, 0.01060449, 0.0122524 , 0.00018954, 0.01267428,
       0.00560395, 0.00035285, 0.0031922 , 0.00635099, 0.00743123])

 298.129444229			array([ 10.11769393,   5.98614899,   5.65191775, -15.33200062,
       -74.08439721, 109.58884731, 145.6304417 , -75.58460805,
       120.91548126, 154.79494514])
						array([2.85153121e-03, 4.47376972e-03, 5.16898028e-03, 7.99618688e-05,
       5.34696070e-03, 2.36416502e-03, 1.48859243e-04, 1.34670843e-03,
       2.67932318e-03, 3.13505221e-03])

 298.129104645			array([ 10.12077267,   5.98474902,   5.66067646, -15.33206554,
       -74.08059834, 109.58763388, 145.63035327, -75.58322228,
       120.91378473, 154.79155611])
						array([0.00380204, 0.00596503, 0.00689197, 0.00010662, 0.00712928,
       0.00315222, 0.00019848, 0.00179561, 0.00357243, 0.00418007])

 298.126877989			array([ 10.12461591,   5.98509275,   5.65759909, -15.33210008,
       -74.0775124 , 109.59127062, 145.63044193, -75.58123017,
       120.91100466, 154.79580913])
						array([0.00506939, 0.00795337, 0.0091893 , 0.00014215, 0.00950571,
       0.00420296, 0.00026464, 0.00239415, 0.00476324, 0.00557343])

 298.12653039			array([ 10.12221215,   5.98957341,   5.657817  , -15.33210129,
       -74.07154445, 109.58951149, 145.63026629, -75.57993952,
       120.90874719, 154.79610756])
						array([1.60398631e-03, 2.51649547e-03, 2.90755141e-03, 4.49785512e-05,
       3.00766539e-03, 1.32984282e-03, 8.37333245e-05, 7.57523491e-04,
       1.50711929e-03, 1.76346687e-03])

 298.121925774			array([ 10.12391949,   5.98678785,   5.6578976 , -15.33204727,
       -74.067994  , 109.59081543, 145.63027473, -75.58103485,
       120.90899885, 154.79669241])
						array([1.60398631e-03, 2.51649547e-03, 2.90755141e-03, 4.49785512e-05,
       3.00766539e-03, 1.32984282e-03, 8.37333245e-05, 7.57523491e-04,
       1.50711929e-03, 1.76346687e-03])

 298.119949144			array([ 10.12472344,   5.98653649,   5.65657678, -15.33201873,
       -74.06670636, 109.59168944, 145.63028489, -75.58324091,
       120.9077839 , 154.79587476])
						array([2.13864841e-03, 3.35532729e-03, 3.87673521e-03, 5.99714016e-05,
       4.01022052e-03, 1.77312376e-03, 1.11644433e-04, 1.01003132e-03,
       2.00949239e-03, 2.35128915e-03])

 298.118015858			array([ 10.12356046,   5.98689769,   5.65741871, -15.33199565,
       -74.06485899, 109.59204615, 145.63040154, -75.58301283,
       120.90819746, 154.79701121])
						array([2.85153121e-03, 4.47376972e-03, 5.16898028e-03, 7.99618688e-05,
       5.34696070e-03, 2.36416502e-03, 1.48859243e-04, 1.34670843e-03,
       2.67932318e-03, 3.13505221e-03])

 298.119571166			array([ 10.12777651,   5.99227035,   5.6580576 , -15.33190243,
       -74.06214774, 109.58929852, 145.63042294, -75.58224031,
       120.90546582, 154.80068996])
						array([0.00380204, 0.00596503, 0.00689197, 0.00010662, 0.00712928,
       0.00315222, 0.00019848, 0.00179561, 0.00357243, 0.00418007])

 298.110220105			array([ 10.12803   ,   5.98580404,   5.65749544, -15.33181728,
       -74.0641027 , 109.58799173, 145.63046978, -75.58580177,
       120.90386113, 154.79990323])
						array([0.00380204, 0.00596503, 0.00689197, 0.00010662, 0.00712928,
       0.00315222, 0.00019848, 0.00179561, 0.00357243, 0.00418007])

 298.101460734			array([ 10.12477823,   5.98639355,   5.65637011, -15.33175413,
       -74.0685831 , 109.58597544, 145.63051646, -75.58674684,
       120.90175677, 154.79560201])
						array([2.13864841e-03, 3.35532729e-03, 3.87673521e-03, 5.99714016e-05,
       4.01022052e-03, 1.77312376e-03, 1.11644433e-04, 1.01003132e-03,
       2.00949239e-03, 2.35128915e-03])

------------------------------------ 


------------------------------------ 
TOTAL GENERATIONS: 1000
------------------------------------ 
