------------------------------------ 
PARAMETERS used: 
 - DNA SIZE: '10'
 - c: '0.75'
 - s: '10'
 - num rotors in robot: '4'
 - num total generations: '1000'
------------------------------------ 


------------------------------------ 
Fitness_value		Individual
------------------------------------ 
 62981.8829929			array([-162.40983911,  112.69160178,  -93.57354498,  112.80768834,
         54.40570851,  -95.33549808, -141.06256786,   58.1156601 ,
         22.71138661, -164.53878663])
						array([0.03176805, 1.25813565, 2.76529227, 3.10362925, 1.72357188,
       0.2537501 , 1.23861307, 0.59051358, 0.39454473, 0.82725186])

 61982.8221243			array([-162.42689489,  111.51475233,  -92.9579254 ,  109.83704888,
         53.87252807,  -95.2527097 , -140.92409612,   57.68439237,
         22.3369412 , -165.16991698])
						array([0.04235739, 1.6775142 , 3.68705636, 4.13817233, 2.29809584,
       0.33833347, 1.65148409, 0.78735144, 0.52605964, 1.10300248])

 61738.6302578			array([-162.46640724,  111.31731159,  -94.38664035,  107.61812827,
         53.32107036,  -95.33395527, -142.24482465,   59.07019307,
         21.84598861, -164.80461717])
						array([0.07530203, 2.98224747, 6.55476686, 7.35675082, 4.08550371,
       0.60148172, 2.93597172, 1.3997359 , 0.93521714, 1.96089329])

 61475.3119346			array([-162.47884872,  112.70666479, -101.6981117 ,   97.29950493,
         60.84974001,  -95.81067829, -138.5893451 ,   59.02218005,
         21.19241196, -165.87144874])
						array([ 0.17849371,  7.06903104, 15.53722515, 17.43822416,  9.68415694,
        1.42573444,  6.95934038,  3.3178925 ,  2.216811  ,  4.64804335])

 60574.6251922			array([-162.59672835,  127.64206003,  -89.66060182,   86.49527092,
         66.32902037,  -96.98732673, -130.65140924,   56.42464225,
         20.613386  , -169.41814581])
						array([ 0.23799161,  9.42537472, 20.7163002 , 23.25096554, 12.91220925,
        1.90097925,  9.27912051,  4.42385667,  2.955748  ,  6.19739114])

 53320.141898			array([-162.362795  ,  114.46480012,  -80.96747779,   69.31011061,
         58.32097079,  -95.71294789, -116.01737596,   65.53429599,
         18.22855558, -167.41877494])
						array([ 0.31732215, 12.56716629, 27.62173361, 31.00128739, 17.216279  ,
        2.534639  , 12.37216067,  5.89847556,  3.94099734,  8.26318818])

 46160.1208695			array([-161.62559392,  116.21405003,  -61.74360632,   15.57696182,
         65.74274697,  -93.96609935, -120.32790587,   64.37285781,
         22.20980739, -157.36498113])
						array([ 0.75217103, 29.78883861, 65.47373892, 73.48453308, 40.80895764,
        6.00803318, 29.32660308, 13.98157171,  9.34162332, 19.58681644])

 44883.9217854			array([-163.42284302,   91.31161984,    3.1664015 ,  -84.4074716 ,
         74.19310761, -101.19956794,  -51.7249966 ,   81.07853658,
         47.27716748, -157.6422504 ])
						array([  1.33719293,  52.95793531, 116.39775808, 130.63916991,
        72.54925802,  10.68094788,  52.13618326,  24.85612748,
        16.60733034,  34.821007  ])

 37316.3561195			array([-164.92186433,  -19.80017142,   68.0681712 ,  -40.94871589,
        114.77224781,  -95.93557755,  -87.61355818,   37.66432692,
         41.87939126, -179.77350146])
						array([ 1.0028947 , 39.71845148, 87.29831856, 97.97937744, 54.41194351,
        8.01071091, 39.10213744, 18.64209561, 12.45549776, 26.11575525])

 36851.5565621			array([-164.75738873,  -15.617363  ,   73.04796433,  -28.72712153,
        129.37177354,  -98.74114053,  -85.74498219,   37.95386397,
         38.97168518, -180.        ])
						array([ 0.23799161,  9.42537472, 20.7163002 , 23.25096554, 12.91220925,
        1.90097925,  9.27912051,  4.42385667,  2.955748  ,  6.19739114])

 34005.7536735			array([-164.6569269 ,  -10.43574217,   56.06010425,  -18.1443411 ,
        116.71199004,  -97.54581588,  -82.41528129,   40.60504902,
         39.25472742, -180.        ])
						array([ 0.17849371,  7.06903104, 15.53722515, 17.43822416,  9.68415694,
        1.42573444,  6.95934038,  3.3178925 ,  2.216811  ,  4.64804335])

 32004.4542565			array([-164.96512361,   -6.74338104,   35.61121689,   -9.7532262 ,
        114.14209357,  -96.03434329,  -98.24062607,   40.78179276,
         38.1342701 , -180.        ])
						array([ 0.17849371,  7.06903104, 15.53722515, 17.43822416,  9.68415694,
        1.42573444,  6.95934038,  3.3178925 ,  2.216811  ,  4.64804335])

 31785.580619			array([-164.84126099,   -7.41279164,   30.89709873,  -13.0803978 ,
        133.20318619,  -95.23780042,  -98.52723783,   44.96594264,
         37.60932051, -180.        ])
						array([ 0.23799161,  9.42537472, 20.7163002 , 23.25096554, 12.91220925,
        1.90097925,  9.27912051,  4.42385667,  2.955748  ,  6.19739114])

 31013.7293402			array([-164.74591606,   -4.6039139 ,   11.22518297,   16.73177752,
        136.30837313,  -94.24716718, -114.46324537,   43.35275068,
         39.5389822 , -176.96264733])
						array([ 0.31732215, 12.56716629, 27.62173361, 31.00128739, 17.216279  ,
        2.534639  , 12.37216067,  5.89847556,  3.94099734,  8.26318818])

 30478.6149916			array([-163.51129116,    4.10147226,   19.47225   ,   -5.29500162,
        106.55115165,  -90.90033974, -180.        ,   27.74917366,
         28.77205502, -180.        ])
						array([  1.33719293,  52.95793531, 116.39775808, 130.63916991,
        72.54925802,  10.68094788,  52.13618326,  24.85612748,
        16.60733034,  34.821007  ])

 30230.2035324			array([-163.54788094,    4.30246792,    9.70878411,    1.746589  ,
        106.11460017,  -90.02316712, -179.6218577 ,   25.0370153 ,
         28.12809705, -180.        ])
						array([0.05647653, 2.2366856 , 4.91607515, 5.51756311, 3.06412778,
       0.45111129, 2.20197879, 1.04980193, 0.70141286, 1.47066997])

 30223.6647256			array([-163.54424342,    4.21011823,    9.60375173,    1.70180194,
        106.25274038,  -90.06619512, -179.41912487,   24.98994097,
         28.12572302, -179.83264363])
						array([0.00238529, 0.09446672, 0.2076311 , 0.23303503, 0.12941385,
       0.01905275, 0.09300087, 0.04433853, 0.02962427, 0.06211395])

 30222.5895462			array([-163.54511536,    4.18747939,    9.66093373,    1.69978929,
        106.28443101,  -90.08260491, -179.37672045,   24.98194398,
         28.11097675, -179.82623143])
						array([0.0010063 , 0.03985315, 0.08759437, 0.09831165, 0.05459647,
       0.00803788, 0.03923474, 0.01870532, 0.01249774, 0.02620432])

 30222.2887092			array([-163.54524504,    4.15444747,    9.7416057 ,    1.79888486,
        106.29941603,  -90.08399814, -179.32128387,   24.95271292,
         28.1193994 , -179.85252632])
						array([0.00134173, 0.05313753, 0.1167925 , 0.1310822 , 0.07279529,
       0.01071717, 0.05231299, 0.02494042, 0.01666365, 0.03493909])

 30219.842063			array([-163.5446581 ,    4.11151559,    9.72807099,    1.81230679,
        106.29731426,  -90.09202223, -179.34073968,   24.9643848 ,
         28.12675731, -179.85155483])
						array([0.0010063 , 0.03985315, 0.08759437, 0.09831165, 0.05459647,
       0.00803788, 0.03923474, 0.01870532, 0.01249774, 0.02620432])

 30217.964395			array([-163.54486108,    4.09436688,    9.6362667 ,    1.70140363,
        106.29447238,  -90.08900518, -179.32752426,   24.97336712,
         28.13978773, -179.86353793])
						array([0.0010063 , 0.03985315, 0.08759437, 0.09831165, 0.05459647,
       0.00803788, 0.03923474, 0.01870532, 0.01249774, 0.02620432])

 30218.4428579			array([-163.5447803 ,    4.0748136 ,    9.63506609,    1.66509624,
        106.41945593,  -90.09389651, -179.27037967,   24.97560751,
         28.13809363, -179.84109041])
						array([0.00134173, 0.05313753, 0.1167925 , 0.1310822 , 0.07279529,
       0.01071717, 0.05231299, 0.02494042, 0.01666365, 0.03493909])

 30218.3079854			array([-163.54470428,    4.0458214 ,    9.62474899,    1.65109231,
        106.41652211,  -90.08876207, -179.26479018,   24.97133377,
         28.13555805, -179.84431796])
						array([0.0002388 , 0.00945734, 0.02078655, 0.02332982, 0.012956  ,
       0.00190743, 0.00931059, 0.00443886, 0.00296577, 0.00621841])

 30218.3794126			array([-163.54467756,    4.0420826 ,    9.61702544,    1.64869831,
        106.42093561,  -90.08914655, -179.24926272,   24.9683048 ,
         28.13738427, -179.84508459])
						array([0.0001791 , 0.007093  , 0.01558992, 0.01749736, 0.009717  ,
       0.00143057, 0.00698294, 0.00332914, 0.00222433, 0.00466381])

 30218.1854538			array([-163.54508733,    4.03586505,    9.62693637,    1.6525285 ,
        106.42993036,  -90.088702  , -179.25209589,   24.96605583,
         28.13982305, -179.84520055])
						array([0.0002388 , 0.00945734, 0.02078655, 0.02332982, 0.012956  ,
       0.00190743, 0.00931059, 0.00443886, 0.00296577, 0.00621841])

 30218.3229855			array([-163.54511861,    4.03000217,    9.61420713,    1.64935586,
        106.41807408,  -90.08877843, -179.24341319,   24.96348176,
         28.1412417 , -179.85354691])
						array([0.0003184 , 0.01260979, 0.02771541, 0.03110642, 0.01727466,
       0.00254323, 0.01241412, 0.00591848, 0.00395436, 0.00829121])

 30216.688165			array([-163.54489703,    4.044363  ,    9.68228482,    1.71801112,
        106.42220993,  -90.08907591, -179.25173818,   24.97102154,
         28.137209  , -179.86320141])
						array([0.00056604, 0.0224174 , 0.04927183, 0.0553003 , 0.03071051,
       0.00452131, 0.02206954, 0.01052174, 0.00702998, 0.01473993])

 30216.883147			array([-163.54407096,    4.04835784,    9.63805645,    1.84472056,
        106.43140889,  -90.08553411, -179.24582654,   24.97625852,
         28.14586531, -179.85119897])
						array([0.00075472, 0.02988986, 0.06569578, 0.07373374, 0.04094735,
       0.00602841, 0.02942606, 0.01402899, 0.0093733 , 0.01965324])

 30216.7750455			array([-163.54254826,    4.05817258,    9.56886101,    1.81603579,
        106.44354836,  -90.09321502, -179.30631725,   24.96342322,
         28.15568971, -179.84774441])
						array([0.0010063 , 0.03985315, 0.08759437, 0.09831165, 0.05459647,
       0.00803788, 0.03923474, 0.01870532, 0.01249774, 0.02620432])

 30216.1474637			array([-163.53848241,    4.08352753,    9.56098909,    1.73613216,
        106.41248843,  -90.07982993, -179.24964445,   24.99791298,
         28.10458705, -179.8163331 ])
						array([0.00238529, 0.09446672, 0.2076311 , 0.23303503, 0.12941385,
       0.01905275, 0.09300087, 0.04433853, 0.02962427, 0.06211395])

 30214.0546518			array([-163.53926953,    4.03471737,    9.64460567,    1.75548774,
        106.44736808,  -90.08298029, -179.23222231,   25.04826482,
         28.10503376, -179.80797332])
						array([0.00075472, 0.02988986, 0.06569578, 0.07373374, 0.04094735,
       0.00602841, 0.02942606, 0.01402899, 0.0093733 , 0.01965324])

 30213.9980509			array([-163.53902519,    4.03774756,    9.63228922,    1.76587679,
        106.38809337,  -90.08510133, -179.26988118,   25.06166221,
         28.10421717, -179.81404807])
						array([0.00075472, 0.02988986, 0.06569578, 0.07373374, 0.04094735,
       0.00602841, 0.02942606, 0.01402899, 0.0093733 , 0.01965324])

 30213.9102336			array([-163.53950489,    4.01320077,    9.622243  ,    1.76920321,
        106.42222877,  -90.08558558, -179.26251278,   25.0469255 ,
         28.09514846, -179.76385665])
						array([0.0010063 , 0.03985315, 0.08759437, 0.09831165, 0.05459647,
       0.00803788, 0.03923474, 0.01870532, 0.01249774, 0.02620432])

 30214.1628137			array([-163.53948678,    4.0149596 ,    9.62500927,    1.72895204,
        106.39314013,  -90.08247707, -179.27543328,   25.04651166,
         28.09641781, -179.76917601])
						array([0.00042453, 0.01681305, 0.03695388, 0.04147523, 0.02303289,
       0.00339098, 0.01655216, 0.00789131, 0.00527248, 0.01105495])

 30213.9010154			array([-163.53913944,    4.00131901,    9.66230017,    1.74953409,
        106.3994568 ,  -90.08428721, -179.28825208,   25.04944987,
         28.10326565, -179.77695894])
						array([0.00056604, 0.0224174 , 0.04927183, 0.0553003 , 0.03071051,
       0.00452131, 0.02206954, 0.01052174, 0.00702998, 0.01473993])

 30214.0600625			array([-163.53927379,    4.01683248,    9.61333801,    1.79132176,
        106.40153531,  -90.09395616, -179.30250712,   25.03761857,
         28.11233589, -179.78771316])
						array([0.00075472, 0.02988986, 0.06569578, 0.07373374, 0.04094735,
       0.00602841, 0.02942606, 0.01402899, 0.0093733 , 0.01965324])

 30213.9092081			array([-163.53911815,    4.0294505 ,    9.63576428,    1.76922226,
        106.43536384,  -90.08719416, -179.32630614,   25.0395116 ,
         28.1164736 , -179.75654578])
						array([0.00056604, 0.0224174 , 0.04927183, 0.0553003 , 0.03071051,
       0.00452131, 0.02206954, 0.01052174, 0.00702998, 0.01473993])

 30214.0220795			array([-163.53905857,    4.00995735,    9.66320919,    1.79373187,
        106.42224557,  -90.09027013, -179.34901049,   25.04830055,
         28.11319305, -179.76295816])
						array([0.0003184 , 0.01260979, 0.02771541, 0.03110642, 0.01727466,
       0.00254323, 0.01241412, 0.00591848, 0.00395436, 0.00829121])

 30214.0625141			array([-163.53893647,    4.00155316,    9.68153017,    1.76472153,
        106.41921664,  -90.09008155, -179.32855269,   25.04671589,
         28.11435929, -179.76718673])
						array([0.00042453, 0.01681305, 0.03695388, 0.04147523, 0.02303289,
       0.00339098, 0.01655216, 0.00789131, 0.00527248, 0.01105495])

 30214.2031388			array([-163.53860553,    3.97260801,    9.68066229,    1.73970979,
        106.44951727,  -90.10001719, -179.40513972,   25.05108192,
         28.10673283, -179.76045765])
						array([0.0010063 , 0.03985315, 0.08759437, 0.09831165, 0.05459647,
       0.00803788, 0.03923474, 0.01870532, 0.01249774, 0.02620432])

 30213.9714408			array([-163.53860611,    3.99012723,    9.66956929,    1.73500358,
        106.45614189,  -90.10546715, -179.42330141,   25.04876391,
         28.10983078, -179.76755648])
						array([0.0003184 , 0.01260979, 0.02771541, 0.03110642, 0.01727466,
       0.00254323, 0.01241412, 0.00591848, 0.00395436, 0.00829121])

 30213.4580117			array([-163.53788376,    3.98693449,    9.61484925,    1.76361145,
        106.46106267,  -90.10224079, -179.42904628,   25.04569732,
         28.11231636, -179.77734654])
						array([0.0003184 , 0.01260979, 0.02771541, 0.03110642, 0.01727466,
       0.00254323, 0.01241412, 0.00591848, 0.00395436, 0.00829121])

 30213.4366208			array([-163.53761513,    4.01605879,    9.62468101,    1.78521348,
        106.45934756,  -90.10513028, -179.43499615,   25.03932546,
         28.10949746, -179.77033115])
						array([0.00042453, 0.01681305, 0.03695388, 0.04147523, 0.02303289,
       0.00339098, 0.01655216, 0.00789131, 0.00527248, 0.01105495])

 30213.3923506			array([-163.53769453,    4.01924038,    9.64138925,    1.76006716,
        106.46479938,  -90.10498824, -179.43681891,   25.03839572,
         28.11309035, -179.77084565])
						array([0.00010074, 0.00398981, 0.00876933, 0.00984227, 0.00546581,
       0.0008047 , 0.0039279 , 0.00187264, 0.00125118, 0.00262339])

 30213.4153164			array([-163.5375543 ,    4.02542121,    9.64071787,    1.75780962,
        106.47601616,  -90.10566358, -179.4325286 ,   25.03574367,
         28.11391219, -179.77107439])
						array([0.00010074, 0.00398981, 0.00876933, 0.00984227, 0.00546581,
       0.0008047 , 0.0039279 , 0.00187264, 0.00125118, 0.00262339])

 30213.454568			array([-163.53746991,    4.02731576,    9.64440865,    1.75032784,
        106.47492698,  -90.10611186, -179.43177897,   25.03738915,
         28.11287416, -179.77347888])
						array([0.00013432, 0.00531975, 0.01169244, 0.01312302, 0.00728775,
       0.00107293, 0.00523721, 0.00249686, 0.00166825, 0.00349785])

 30213.2916371			array([-163.53729499,    4.02200453,    9.6397908 ,    1.76408465,
        106.45396375,  -90.10489162, -179.43081497,   25.03423149,
         28.11409632, -179.77127204])
						array([0.0002388 , 0.00945734, 0.02078655, 0.02332982, 0.012956  ,
       0.00190743, 0.00931059, 0.00443886, 0.00296577, 0.00621841])

 30213.3381561			array([-163.53746885,    4.01724232,    9.6220555 ,    1.76436496,
        106.4659501 ,  -90.10335445, -179.41907525,   25.03748561,
         28.11093676, -179.77303605])
						array([0.0003184 , 0.01260979, 0.02771541, 0.03110642, 0.01727466,
       0.00254323, 0.01241412, 0.00591848, 0.00395436, 0.00829121])

 30213.198795			array([-163.53722553,    4.00419521,    9.62986727,    1.77778184,
        106.42016563,  -90.09996483, -179.41462891,   25.02795642,
         28.11240036, -179.77490733])
						array([0.00056604, 0.0224174 , 0.04927183, 0.0553003 , 0.03071051,
       0.00452131, 0.02206954, 0.01052174, 0.00702998, 0.01473993])

 30213.4080498			array([-163.53724867,    4.02574349,    9.64838912,    1.78363359,
        106.45368227,  -90.1011607 , -179.41149073,   25.03261879,
         28.11081659, -179.76666368])
						array([0.00042453, 0.01681305, 0.03695388, 0.04147523, 0.02303289,
       0.00339098, 0.01655216, 0.00789131, 0.00527248, 0.01105495])

 30213.1616505			array([-163.53689657,    4.01775857,    9.62498727,    1.76893432,
        106.44227449,  -90.10339199, -179.41168204,   25.03075685,
         28.11299825, -179.74894698])
						array([0.0003184 , 0.01260979, 0.02771541, 0.03110642, 0.01727466,
       0.00254323, 0.01241412, 0.00591848, 0.00395436, 0.00829121])

 30213.3987854			array([-163.53693051,    4.01075516,    9.63794143,    1.72650621,
        106.46925208,  -90.10396998, -179.41648787,   25.02920531,
         28.10621112, -179.76369507])
						array([0.00042453, 0.01681305, 0.03695388, 0.04147523, 0.02303289,
       0.00339098, 0.01655216, 0.00789131, 0.00527248, 0.01105495])

 30213.0575209			array([-163.53607788,    4.0044616 ,    9.6013025 ,    1.76682939,
        106.47232653,  -90.10229936, -179.40416366,   25.0190531 ,
         28.10271413, -179.78724278])
						array([0.00056604, 0.0224174 , 0.04927183, 0.0553003 , 0.03071051,
       0.00452131, 0.02206954, 0.01052174, 0.00702998, 0.01473993])

 30212.8387735			array([-163.53587583,    3.99846522,    9.61791144,    1.75576335,
        106.47629775,  -90.10287812, -179.41932919,   25.02220259,
         28.10316439, -179.77651496])
						array([0.0003184 , 0.01260979, 0.02771541, 0.03110642, 0.01727466,
       0.00254323, 0.01241412, 0.00591848, 0.00395436, 0.00829121])

 30212.8195561			array([-163.53588579,    3.99078796,    9.64902015,    1.77542881,
        106.45834694,  -90.10704702, -179.4391699 ,   25.02823735,
         28.10611956, -179.77625899])
						array([0.0003184 , 0.01260979, 0.02771541, 0.03110642, 0.01727466,
       0.00254323, 0.01241412, 0.00591848, 0.00395436, 0.00829121])

 30212.7024027			array([-163.5355946 ,    3.99191736,    9.6330246 ,    1.77577686,
        106.46067392,  -90.10740793, -179.41860615,   25.03480115,
         28.10346883, -179.76562777])
						array([0.00042453, 0.01681305, 0.03695388, 0.04147523, 0.02303289,
       0.00339098, 0.01655216, 0.00789131, 0.00527248, 0.01105495])

 30213.3715027			array([-163.53554266,    4.00812374,    9.5816772 ,    1.79120145,
        106.46119926,  -90.10658572, -179.40562634,   25.03309669,
         28.10487635, -179.76108705])
						array([0.00056604, 0.0224174 , 0.04927183, 0.0553003 , 0.03071051,
       0.00452131, 0.02206954, 0.01052174, 0.00702998, 0.01473993])

 30212.8926993			array([-163.53467508,    4.01075449,    9.58813754,    1.77523523,
        106.47093785,  -90.10983776, -179.41725699,   25.02958985,
         28.10533575, -179.80397783])
						array([0.00075472, 0.02988986, 0.06569578, 0.07373374, 0.04094735,
       0.00602841, 0.02942606, 0.01402899, 0.0093733 , 0.01965324])

 30212.6302858			array([-163.53517005,    3.97984707,    9.62631621,    1.76664487,
        106.55600999,  -90.11907381, -179.42918352,   25.02190513,
         28.10330624, -179.77056107])
						array([0.00056604, 0.0224174 , 0.04927183, 0.0553003 , 0.03071051,
       0.00452131, 0.02206954, 0.01052174, 0.00702998, 0.01473993])

 30213.2091072			array([-163.53558534,    3.9508362 ,    9.64736235,    1.74533754,
        106.48469702,  -90.11874255, -179.41233379,   25.01994475,
         28.10228759, -179.77780401])
						array([0.00042453, 0.01681305, 0.03695388, 0.04147523, 0.02303289,
       0.00339098, 0.01655216, 0.00789131, 0.00527248, 0.01105495])

 30212.9910137			array([-163.53545241,    3.96042806,    9.63920537,    1.74497077,
        106.5316416 ,  -90.11867786, -179.43997962,   25.01239054,
         28.10705859, -179.76411634])
						array([0.00056604, 0.0224174 , 0.04927183, 0.0553003 , 0.03071051,
       0.00452131, 0.02206954, 0.01052174, 0.00702998, 0.01473993])

 30213.3980244			array([-163.53559431,    3.98275297,    9.69200332,    1.74691192,
        106.53111606,  -90.11727354, -179.42832059,   25.01146801,
         28.10328976, -179.75863945])
						array([0.0003184 , 0.01260979, 0.02771541, 0.03110642, 0.01727466,
       0.00254323, 0.01241412, 0.00591848, 0.00395436, 0.00829121])

 30213.3905717			array([-163.53549392,    3.98188119,    9.69018105,    1.74038499,
        106.53425813,  -90.11389883, -179.43072105,   25.00943274,
         28.10617738, -179.7587384 ])
						array([0.0001791 , 0.007093  , 0.01558992, 0.01749736, 0.009717  ,
       0.00143057, 0.00698294, 0.00332914, 0.00222433, 0.00466381])

 30213.4592328			array([-163.53533041,    3.97393663,    9.67842492,    1.72028375,
        106.54559207,  -90.11358503, -179.43023779,   25.0118632 ,
         28.10933029, -179.75317142])
						array([0.0002388 , 0.00945734, 0.02078655, 0.02332982, 0.012956  ,
       0.00190743, 0.00931059, 0.00443886, 0.00296577, 0.00621841])

 30212.5367485			array([-163.53481905,    3.98184269,    9.63444714,    1.77998734,
        106.57748877,  -90.11779542, -179.45795174,   24.9996704 ,
         28.11864592, -179.74219869])
						array([0.0010063 , 0.03985315, 0.08759437, 0.09831165, 0.05459647,
       0.00803788, 0.03923474, 0.01870532, 0.01249774, 0.02620432])

 30212.8895993			array([-163.53481395,    3.98604761,    9.63455092,    1.81157254,
        106.5650034 ,  -90.11000519, -179.42498786,   24.99901969,
         28.11095801, -179.73281119])
						array([0.00056604, 0.0224174 , 0.04927183, 0.0553003 , 0.03071051,
       0.00452131, 0.02206954, 0.01052174, 0.00702998, 0.01473993])

 30213.1864782			array([-163.53487427,    3.97979618,    9.58690557,    1.79734807,
        106.56458147,  -90.09843702, -179.40632673,   25.00332371,
         28.10064115, -179.74837798])
						array([0.00056604, 0.0224174 , 0.04927183, 0.0553003 , 0.03071051,
       0.00452131, 0.02206954, 0.01052174, 0.00702998, 0.01473993])

 30213.4061189			array([-163.53533578,    3.98741668,    9.57182935,    1.7733295 ,
        106.58420714,  -90.09458694, -179.36437833,   25.00540829,
         28.10572521, -179.76352372])
						array([0.00075472, 0.02988986, 0.06569578, 0.07373374, 0.04094735,
       0.00602841, 0.02942606, 0.01402899, 0.0093733 , 0.01965324])

 30212.0880459			array([-163.53139824,    3.99695715,    9.63395747,    1.7077898 ,
        106.58278178,  -90.09638424, -179.16505031,   25.01624597,
         28.06020833, -179.73155048])
						array([0.00238529, 0.09446672, 0.2076311 , 0.23303503, 0.12941385,
       0.01905275, 0.09300087, 0.04433853, 0.02962427, 0.06211395])

 30212.1105209			array([-163.53132432,    4.00254134,    9.66196877,    1.71191442,
        106.5908746 ,  -90.09638763, -179.16463686,   25.0148216 ,
         28.05759591, -179.73316279])
						array([0.0002388 , 0.00945734, 0.02078655, 0.02332982, 0.012956  ,
       0.00190743, 0.00931059, 0.00443886, 0.00296577, 0.00621841])

 30211.9060633			array([-163.53148435,    4.00316787,    9.6733645 ,    1.73623505,
        106.57164008,  -90.09643657, -179.14668755,   25.0115074 ,
         28.05554278, -179.73332641])
						array([0.0001791 , 0.007093  , 0.01558992, 0.01749736, 0.009717  ,
       0.00143057, 0.00698294, 0.00332914, 0.00222433, 0.00466381])

 30211.6895119			array([-163.53145146,    3.99886922,    9.66961077,    1.75548778,
        106.58234233,  -90.09633746, -179.15229563,   25.01172484,
         28.05298234, -179.73915415])
						array([0.0002388 , 0.00945734, 0.02078655, 0.02332982, 0.012956  ,
       0.00190743, 0.00931059, 0.00443886, 0.00296577, 0.00621841])

 30212.0452535			array([-163.53154345,    3.98918711,    9.68912787,    1.76266775,
        106.56892275,  -90.09481123, -179.13777944,   25.01288827,
         28.05158156, -179.74128058])
						array([0.0003184 , 0.01260979, 0.02771541, 0.03110642, 0.01727466,
       0.00254323, 0.01241412, 0.00591848, 0.00395436, 0.00829121])

 30211.8938			array([-163.53203309,    3.98170506,    9.65096015,    1.73543091,
        106.58567945,  -90.09266658, -179.13988677,   25.0179968 ,
         28.04850292, -179.73656052])
						array([0.00056604, 0.0224174 , 0.04927183, 0.0553003 , 0.03071051,
       0.00452131, 0.02206954, 0.01052174, 0.00702998, 0.01473993])

 30212.1737559			array([-163.53101222,    3.99761752,    9.68861637,    1.72566784,
        106.54516922,  -90.0901521 , -179.12848282,   25.00304217,
         28.04556589, -179.73726559])
						array([0.00056604, 0.0224174 , 0.04927183, 0.0553003 , 0.03071051,
       0.00452131, 0.02206954, 0.01052174, 0.00702998, 0.01473993])

 30211.5530776			array([-163.53058116,    4.01099836,    9.66372498,    1.7355625 ,
        106.57349803,  -90.08551773, -179.1346869 ,   25.0102723 ,
         28.04036665, -179.75008488])
						array([0.00056604, 0.0224174 , 0.04927183, 0.0553003 , 0.03071051,
       0.00452131, 0.02206954, 0.01052174, 0.00702998, 0.01473993])

 30212.0847068			array([-163.53068487,    3.97586736,    9.60245684,    1.81819496,
        106.56884824,  -90.08339884, -179.13862919,   25.01090053,
         28.0440536 , -179.75467726])
						array([0.00075472, 0.02988986, 0.06569578, 0.07373374, 0.04094735,
       0.00602841, 0.02942606, 0.01402899, 0.0093733 , 0.01965324])

 30212.0161593			array([-163.53074721,    4.00174451,    9.57265923,    1.7572037 ,
        106.54421503,  -90.07109613, -179.21221883,   24.98988646,
         28.03747724, -179.74574044])
						array([0.00056604, 0.0224174 , 0.04927183, 0.0553003 , 0.03071051,
       0.00452131, 0.02206954, 0.01052174, 0.00702998, 0.01473993])

 30212.1806173			array([-163.53086039,    3.99573421,    9.60355699,    1.82514855,
        106.5456194 ,  -90.07677197, -179.18266102,   24.99480448,
         28.03381262, -179.72225074])
						array([0.00056604, 0.0224174 , 0.04927183, 0.0553003 , 0.03071051,
       0.00452131, 0.02206954, 0.01052174, 0.00702998, 0.01473993])

 30211.9002207			array([-163.53101767,    3.98396056,    9.58700124,    1.78564567,
        106.50247856,  -90.08336652, -179.19643212,   24.98206274,
         28.03751658, -179.70955113])
						array([0.00075472, 0.02988986, 0.06569578, 0.07373374, 0.04094735,
       0.00602841, 0.02942606, 0.01402899, 0.0093733 , 0.01965324])

 30212.400496			array([-163.53065235,    3.97924321,    9.56579056,    1.73409439,
        106.52104499,  -90.08472742, -179.22141381,   24.9781959 ,
         28.02865671, -179.71907381])
						array([0.0003184 , 0.01260979, 0.02771541, 0.03110642, 0.01727466,
       0.00254323, 0.01241412, 0.00591848, 0.00395436, 0.00829121])

 30211.8953885			array([-163.53056722,    3.97833541,    9.58017349,    1.75138439,
        106.53211   ,  -90.08507473, -179.23079787,   24.9747137 ,
         28.02726578, -179.72302391])
						array([0.00013432, 0.00531975, 0.01169244, 0.01312302, 0.00728775,
       0.00107293, 0.00523721, 0.00249686, 0.00166825, 0.00349785])

 30211.9831811			array([-163.53070841,    3.9749203 ,    9.57769371,    1.77009797,
        106.53953242,  -90.08544023, -179.23091418,   24.97540154,
         28.02645373, -179.72150747])
						array([0.0001791 , 0.007093  , 0.01558992, 0.01749736, 0.009717  ,
       0.00143057, 0.00698294, 0.00332914, 0.00222433, 0.00466381])

 30212.1574616			array([-163.53078431,    3.9815502 ,    9.57107931,    1.78252834,
        106.55571721,  -90.08687742, -179.22925615,   24.97328143,
         28.02280265, -179.71087993])
						array([0.0002388 , 0.00945734, 0.02078655, 0.02332982, 0.012956  ,
       0.00190743, 0.00931059, 0.00443886, 0.00296577, 0.00621841])

 30212.0657853			array([-163.5306575 ,    3.97926401,    9.58220089,    1.79962057,
        106.54936825,  -90.08867669, -179.21261221,   24.97499867,
         28.0224841 , -179.70929551])
						array([0.0003184 , 0.01260979, 0.02771541, 0.03110642, 0.01727466,
       0.00254323, 0.01241412, 0.00591848, 0.00395436, 0.00829121])

 30211.9388238			array([-163.53070081,    3.96848918,    9.61742866,    1.81440491,
        106.56077381,  -90.08701619, -179.21388226,   24.98050794,
         28.02132767, -179.70866274])
						array([0.00042453, 0.01681305, 0.03695388, 0.04147523, 0.02303289,
       0.00339098, 0.01655216, 0.00789131, 0.00527248, 0.01105495])

 30212.0157682			array([-163.53037901,    3.9751031 ,    9.61737094,    1.82568505,
        106.55035716,  -90.08367393, -179.2109703 ,   24.9781624 ,
         28.01807614, -179.72227866])
						array([0.00056604, 0.0224174 , 0.04927183, 0.0553003 , 0.03071051,
       0.00452131, 0.02206954, 0.01052174, 0.00702998, 0.01473993])

 30211.6306526			array([-163.53055083,    3.95709783,    9.62802205,    1.78856752,
        106.61423506,  -90.0902931 , -179.2160005 ,   24.98094056,
         28.02266649, -179.72830556])
						array([0.00075472, 0.02988986, 0.06569578, 0.07373374, 0.04094735,
       0.00602841, 0.02942606, 0.01402899, 0.0093733 , 0.01965324])

 30211.5658652			array([-163.52983278,    3.99263182,    9.61706078,    1.71413866,
        106.64995507,  -90.08243515, -179.22906779,   24.9845523 ,
         28.02485606, -179.70196823])
						array([0.0010063 , 0.03985315, 0.08759437, 0.09831165, 0.05459647,
       0.00803788, 0.03923474, 0.01870532, 0.01249774, 0.02620432])

 30211.2748172			array([-163.52842213,    4.01818662,    9.67777601,    1.80427002,
        106.57097526,  -90.09164419, -179.23026627,   25.00650767,
         28.04035783, -179.70373182])
						array([0.00178897, 0.07085004, 0.15572333, 0.17477627, 0.09706039,
       0.01428956, 0.06975066, 0.0332539 , 0.0222182 , 0.04658546])

 30211.4092594			array([-163.52820195,    3.9779497 ,    9.64539026,    1.70047497,
        106.50932495,  -90.09533043, -179.21215422,   25.01935942,
         28.04158803, -179.72692832])
						array([0.00075472, 0.02988986, 0.06569578, 0.07373374, 0.04094735,
       0.00602841, 0.02942606, 0.01402899, 0.0093733 , 0.01965324])

 30211.3541085			array([-163.52832705,    3.99170153,    9.62927103,    1.7010685 ,
        106.51004756,  -90.09684264, -179.20745005,   25.01465436,
         28.04399411, -179.72346528])
						array([0.0002388 , 0.00945734, 0.02078655, 0.02332982, 0.012956  ,
       0.00190743, 0.00931059, 0.00443886, 0.00296577, 0.00621841])

 30211.0463186			array([-163.52848104,    4.00660326,    9.64389427,    1.71778334,
        106.52055284,  -90.10020898, -179.21427857,   25.00837398,
         28.04344203, -179.7236133 ])
						array([0.0003184 , 0.01260979, 0.02771541, 0.03110642, 0.01727466,
       0.00254323, 0.01241412, 0.00591848, 0.00395436, 0.00829121])

 30211.1389263			array([-163.52910343,    4.00772083,    9.59503626,    1.75133404,
        106.53898772,  -90.10952337, -179.2015368 ,   25.00988621,
         28.04901207, -179.73171892])
						array([0.00056604, 0.0224174 , 0.04927183, 0.0553003 , 0.03071051,
       0.00452131, 0.02206954, 0.01052174, 0.00702998, 0.01473993])

 30210.9081047			array([-163.52883709,    3.97654837,    9.65461049,    1.74594336,
        106.54186574,  -90.10301485, -179.18469   ,   25.00499913,
         28.05212995, -179.75925314])
						array([0.00075472, 0.02988986, 0.06569578, 0.07373374, 0.04094735,
       0.00602841, 0.02942606, 0.01402899, 0.0093733 , 0.01965324])

 30211.48697			array([-163.52878415,    3.98712573,    9.6897129 ,    1.73066215,
        106.52537277,  -90.09207184, -179.24184802,   25.0051356 ,
         28.04596732, -179.77295305])
						array([0.00056604, 0.0224174 , 0.04927183, 0.0553003 , 0.03071051,
       0.00452131, 0.02206954, 0.01052174, 0.00702998, 0.01473993])

 30211.225272			array([-163.52795982,    3.9458114 ,    9.62699263,    1.72930278,
        106.51978773,  -90.08986974, -179.26642922,   25.01711524,
         28.04902285, -179.76108693])
						array([0.00056604, 0.0224174 , 0.04927183, 0.0553003 , 0.03071051,
       0.00452131, 0.02206954, 0.01052174, 0.00702998, 0.01473993])

 30211.1734553			array([-163.52809521,    3.94461114,    9.61973384,    1.74239569,
        106.52683203,  -90.08521674, -179.25774195,   25.00786956,
         28.05396749, -179.78269638])
						array([0.00075472, 0.02988986, 0.06569578, 0.07373374, 0.04094735,
       0.00602841, 0.02942606, 0.01402899, 0.0093733 , 0.01965324])

 30210.8123618			array([-163.52790289,    3.95665343,    9.64246511,    1.74670557,
        106.50590105,  -90.08128794, -179.25746612,   24.98752865,
         28.05285345, -179.81287021])
						array([0.00042453, 0.01681305, 0.03695388, 0.04147523, 0.02303289,
       0.00339098, 0.01655216, 0.00789131, 0.00527248, 0.01105495])

 30210.8243696			array([-163.52819031,    3.9765007 ,    9.61169944,    1.73952838,
        106.48753297,  -90.08340708, -179.25790906,   24.98085784,
         28.05400421, -179.81603077])
						array([0.00042453, 0.01681305, 0.03695388, 0.04147523, 0.02303289,
       0.00339098, 0.01655216, 0.00789131, 0.00527248, 0.01105495])

 30211.1506451			array([-163.52831819,    3.97073993,    9.61819659,    1.71930474,
        106.48702502,  -90.08249412, -179.24255316,   24.98483422,
         28.05465863, -179.82293819])
						array([0.00056604, 0.0224174 , 0.04927183, 0.0553003 , 0.03071051,
       0.00452131, 0.02206954, 0.01052174, 0.00702998, 0.01473993])

 30208.8587831			array([-163.52644816,    4.23078915,    8.6643078 ,    1.69190488,
        106.8766025 ,  -90.07540749, -179.45146035,   24.94669418,
         28.08573843, -179.66390778])
						array([0.00565403, 0.22392112, 0.49216261, 0.55237933, 0.30675876,
       0.04516207, 0.22044652, 0.10509873, 0.07022049, 0.14723306])

 30207.6408524			array([-163.52949022,    4.13112779,    8.49358311,    1.70684138,
        106.7903898 ,  -90.0722007 , -179.41501388,   24.9474871 ,
         28.09507854, -179.69824512])
						array([0.00178897, 0.07085004, 0.15572333, 0.17477627, 0.09706039,
       0.01428956, 0.06975066, 0.0332539 , 0.0222182 , 0.04658546])

 30205.9598008			array([-163.52994311,    4.05207966,    8.46928188,    1.72157982,
        106.75895391,  -90.06593668, -179.32409131,   24.92751428,
         28.08404797, -179.74268894])
						array([0.00238529, 0.09446672, 0.2076311 , 0.23303503, 0.12941385,
       0.01905275, 0.09300087, 0.04433853, 0.02962427, 0.06211395])

 30202.5844196			array([-163.53066654,    4.01166036,    8.60336558,    1.66345419,
        106.82094956,  -90.05985032, -179.29816626,   24.92081389,
         28.07242207, -179.7724968 ])
						array([0.0010063 , 0.03985315, 0.08759437, 0.09831165, 0.05459647,
       0.00803788, 0.03923474, 0.01870532, 0.01249774, 0.02620432])

 30202.9462517			array([-163.52927646,    3.99613014,    8.64553866,    1.63745227,
        106.76885741,  -90.06780533, -179.32831078,   24.93675358,
         28.06881379, -179.75500796])
						array([0.0010063 , 0.03985315, 0.08759437, 0.09831165, 0.05459647,
       0.00803788, 0.03923474, 0.01870532, 0.01249774, 0.02620432])

 30200.5192095			array([-163.53089325,    3.98573115,    8.61434133,    1.75913788,
        106.75782885,  -90.0772223 , -179.30712315,   24.89743116,
         28.04863705, -179.76277064])
						array([0.00134173, 0.05313753, 0.1167925 , 0.1310822 , 0.07279529,
       0.01071717, 0.05231299, 0.02494042, 0.01666365, 0.03493909])

 30200.0412054			array([-163.52951486,    4.00162808,    8.6422575 ,    1.78836524,
        106.70007979,  -90.08207388, -179.28328406,   24.92470907,
         28.04854732, -179.71446463])
						array([0.00134173, 0.05313753, 0.1167925 , 0.1310822 , 0.07279529,
       0.01071717, 0.05231299, 0.02494042, 0.01666365, 0.03493909])

 30200.4934445			array([-163.52944803,    4.00480472,    8.67694331,    1.80566595,
        106.6940854 ,  -90.08190146, -179.29286105,   24.91850692,
         28.04777844, -179.69696549])
						array([0.0003184 , 0.01260979, 0.02771541, 0.03110642, 0.01727466,
       0.00254323, 0.01241412, 0.00591848, 0.00395436, 0.00829121])

 30200.4085709			array([-163.52890782,    4.01293667,    8.67597612,    1.80887493,
        106.70076707,  -90.08079297, -179.29657369,   24.91790124,
         28.05193295, -179.68566209])
						array([0.0002388 , 0.00945734, 0.02078655, 0.02332982, 0.012956  ,
       0.00190743, 0.00931059, 0.00443886, 0.00296577, 0.00621841])

 30200.0790823			array([-163.52909939,    4.01245426,    8.67277403,    1.77785317,
        106.67438715,  -90.07712338, -179.30779522,   24.92290908,
         28.05045745, -179.6850164 ])
						array([0.0003184 , 0.01260979, 0.02771541, 0.03110642, 0.01727466,
       0.00254323, 0.01241412, 0.00591848, 0.00395436, 0.00829121])

 30200.1503985			array([-163.52948272,    4.00154179,    8.67017562,    1.78273409,
        106.66727478,  -90.0799891 , -179.31172849,   24.91653882,
         28.03723209, -179.67840593])
						array([0.00056604, 0.0224174 , 0.04927183, 0.0553003 , 0.03071051,
       0.00452131, 0.02206954, 0.01052174, 0.00702998, 0.01473993])

 30200.1371575			array([-163.52910158,    3.99151261,    8.66884411,    1.79464529,
        106.66613604,  -90.08157479, -179.38773286,   24.90089314,
         28.04367855, -179.72473263])
						array([0.00075472, 0.02988986, 0.06569578, 0.07373374, 0.04094735,
       0.00602841, 0.02942606, 0.01402899, 0.0093733 , 0.01965324])

 30200.0490054			array([-163.52889679,    4.00302938,    8.63284845,    1.72789192,
        106.67501206,  -90.08941904, -179.37864313,   24.91292939,
         28.03568424, -179.72789335])
						array([0.00056604, 0.0224174 , 0.04927183, 0.0553003 , 0.03071051,
       0.00452131, 0.02206954, 0.01052174, 0.00702998, 0.01473993])

 30200.4657888			array([-163.52848108,    3.98897653,    8.66357475,    1.82626429,
        106.68827027,  -90.09064844, -179.39588035,   24.9053663 ,
         28.03852231, -179.74292242])
						array([0.00075472, 0.02988986, 0.06569578, 0.07373374, 0.04094735,
       0.00602841, 0.02942606, 0.01402899, 0.0093733 , 0.01965324])

 30199.9669228			array([-163.52890834,    3.98772114,    8.61634751,    1.78440165,
        106.76101395,  -90.08542824, -179.36731806,   24.90165484,
         28.01580235, -179.76720424])
						array([0.00134173, 0.05313753, 0.1167925 , 0.1310822 , 0.07279529,
       0.01071717, 0.05231299, 0.02494042, 0.01666365, 0.03493909])

 30200.3178135			array([-163.52844622,    3.96323484,    8.61134321,    1.72710496,
        106.80968751,  -90.08936404, -179.38748824,   24.89810831,
         28.01269248, -179.76167648])
						array([0.00042453, 0.01681305, 0.03695388, 0.04147523, 0.02303289,
       0.00339098, 0.01655216, 0.00789131, 0.00527248, 0.01105495])

 30200.1446785			array([-163.52827325,    3.97072334,    8.60695874,    1.73321204,
        106.83280581,  -90.08974009, -179.38966212,   24.90121139,
         28.01269833, -179.76187185])
						array([0.0001791 , 0.007093  , 0.01558992, 0.01749736, 0.009717  ,
       0.00143057, 0.00698294, 0.00332914, 0.00222433, 0.00466381])

 30199.7617728			array([-163.52812403,    3.97742267,    8.62335704,    1.74357726,
        106.83748664,  -90.08707383, -179.38202281,   24.90049603,
         28.01154147, -179.75741056])
						array([0.0002388 , 0.00945734, 0.02078655, 0.02332982, 0.012956  ,
       0.00190743, 0.00931059, 0.00443886, 0.00296577, 0.00621841])

 30199.6950686			array([-163.5280422 ,    3.98384217,    8.61938892,    1.74731953,
        106.86629567,  -90.08683252, -179.39293223,   24.89740471,
         28.01297579, -179.76025197])
						array([0.0003184 , 0.01260979, 0.02771541, 0.03110642, 0.01727466,
       0.00254323, 0.01241412, 0.00591848, 0.00395436, 0.00829121])

 30200.2217921			array([-163.52819012,    3.98305059,    8.58344766,    1.76538056,
        106.85178899,  -90.08491362, -179.39577036,   24.88851474,
         28.01248273, -179.7679098 ])
						array([0.00042453, 0.01681305, 0.03695388, 0.04147523, 0.02303289,
       0.00339098, 0.01655216, 0.00789131, 0.00527248, 0.01105495])

 30200.4337915			array([-163.52777514,    3.96806821,    8.5828047 ,    1.73449941,
        106.82842154,  -90.08724084, -179.37166034,   24.87208353,
         28.01446953, -179.77202337])
						array([0.00075472, 0.02988986, 0.06569578, 0.07373374, 0.04094735,
       0.00602841, 0.02942606, 0.01402899, 0.0093733 , 0.01965324])

 30200.332125			array([-163.52916864,    3.95455842,    8.66149501,    1.78158214,
        106.87682442,  -90.10190435, -179.45028917,   24.83842239,
         27.99859777, -179.80105532])
						array([0.00318039, 0.12595563, 0.27684147, 0.31071337, 0.1725518 ,
       0.02540366, 0.12400117, 0.05911804, 0.03949902, 0.08281859])

 30200.3720806			array([-163.52841449,    3.98437105,    8.63960245,    1.70449607,
        106.91854416,  -90.10224487, -179.39185181,   24.86205619,
         27.99111515, -179.80532613])
						array([0.00056604, 0.0224174 , 0.04927183, 0.0553003 , 0.03071051,
       0.00452131, 0.02206954, 0.01052174, 0.00702998, 0.01473993])

 30200.4984485			array([-163.52839678,    3.98243418,    8.62461597,    1.7017309 ,
        106.92150644,  -90.10204338, -179.38717718,   24.86223682,
         27.99058357, -179.80576166])
						array([0.00010074, 0.00398981, 0.00876933, 0.00984227, 0.00546581,
       0.0008047 , 0.0039279 , 0.00187264, 0.00125118, 0.00262339])

 30200.4562522			array([-163.52833457,    3.98593916,    8.63419826,    1.70014067,
        106.93108494,  -90.10223516, -179.3865588 ,   24.86332508,
         27.99046626, -179.80908129])
						array([7.55574040e-05, 2.99236110e-03, 6.57699590e-03, 7.38169960e-03,
       4.09935879e-03, 6.03521507e-04, 2.94592842e-03, 1.40448279e-03,
       9.38388722e-04, 1.96754322e-03])

 30200.4886964			array([-163.5285182 ,    3.98779405,    8.63507698,    1.70060323,
        106.93873345,  -90.10208476, -179.38725026,   24.8624261 ,
         27.98964812, -179.8099834 ])
						array([0.00010074, 0.00398981, 0.00876933, 0.00984227, 0.00546581,
       0.0008047 , 0.0039279 , 0.00187264, 0.00125118, 0.00262339])

 30200.1375327			array([-163.52853287,    3.98588737,    8.62239742,    1.72058145,
        106.93602739,  -90.10275978, -179.38294625,   24.86562031,
         27.99120285, -179.80748284])
						array([0.0002388 , 0.00945734, 0.02078655, 0.02332982, 0.012956  ,
       0.00190743, 0.00931059, 0.00443886, 0.00296577, 0.00621841])

 30200.4804026			array([-163.52841723,    3.97110822,    8.64855623,    1.70480355,
        106.94669746,  -90.10152511, -179.38691402,   24.86161018,
         27.98974871, -179.80818914])
						array([0.0003184 , 0.01260979, 0.02771541, 0.03110642, 0.01727466,
       0.00254323, 0.01241412, 0.00591848, 0.00395436, 0.00829121])

 30200.1113491			array([-163.52862251,    3.98104353,    8.59651545,    1.76347549,
        106.95268924,  -90.11004168, -179.39282162,   24.838239  ,
         27.99888155, -179.78740621])
						array([0.00042453, 0.01681305, 0.03695388, 0.04147523, 0.02303289,
       0.00339098, 0.01655216, 0.00789131, 0.00527248, 0.01105495])

 30199.7990891			array([-163.52843706,    3.99710387,    8.61127661,    1.7722006 ,
        106.94788501,  -90.10927095, -179.3923834 ,   24.84567747,
         27.99709686, -179.79025534])
						array([0.0003184 , 0.01260979, 0.02771541, 0.03110642, 0.01727466,
       0.00254323, 0.01241412, 0.00591848, 0.00395436, 0.00829121])

 30200.0866183			array([-163.52831125,    4.00437607,    8.59020535,    1.76731674,
        106.94538864,  -90.11494472, -179.388836  ,   24.84488567,
         27.99875213, -179.78067635])
						array([0.00042453, 0.01681305, 0.03695388, 0.04147523, 0.02303289,
       0.00339098, 0.01655216, 0.00789131, 0.00527248, 0.01105495])

 30200.1472237			array([-163.52834858,    4.03141908,    8.61160889,    1.79427362,
        106.93136055,  -90.11505837, -179.39115803,   24.84197021,
         27.99122259, -179.76316148])
						array([0.00056604, 0.0224174 , 0.04927183, 0.0553003 , 0.03071051,
       0.00452131, 0.02206954, 0.01052174, 0.00702998, 0.01473993])

 30200.4180217			array([-163.52859438,    4.03464613,    8.65123038,    1.81430583,
        107.0544801 ,  -90.11568073, -179.29644965,   24.8317782 ,
         28.01153384, -179.69047141])
						array([0.0010063 , 0.03985315, 0.08759437, 0.09831165, 0.05459647,
       0.00803788, 0.03923474, 0.01870532, 0.01249774, 0.02620432])

 30200.4094813			array([-163.52851084,    4.03238627,    8.6458619 ,    1.8174988 ,
        107.04709139,  -90.11670727, -179.30072645,   24.82851355,
         28.0113617 , -179.6836595 ])
						array([0.00010074, 0.00398981, 0.00876933, 0.00984227, 0.00546581,
       0.0008047 , 0.0039279 , 0.00187264, 0.00125118, 0.00262339])

 30200.3778775			array([-163.5284783 ,    4.04035562,    8.65297509,    1.80867853,
        107.05238246,  -90.1167275 , -179.30197643,   24.82459255,
         28.01170868, -179.67744693])
						array([0.00010074, 0.00398981, 0.00876933, 0.00984227, 0.00546581,
       0.0008047 , 0.0039279 , 0.00187264, 0.00125118, 0.00262339])

 30200.3423578			array([-163.5285009 ,    4.04072257,    8.6543636 ,    1.80530302,
        107.05285451,  -90.11632512, -179.29789826,   24.82168513,
         28.01299439, -179.67684499])
						array([0.00013432, 0.00531975, 0.01169244, 0.01312302, 0.00728775,
       0.00107293, 0.00523721, 0.00249686, 0.00166825, 0.00349785])

 30200.3667987			array([-163.5284015 ,    4.04210829,    8.64172197,    1.80918367,
        107.05612734,  -90.11596517, -179.30566389,   24.81872179,
         28.01416468, -179.68109144])
						array([0.0001791 , 0.007093  , 0.01558992, 0.01749736, 0.009717  ,
       0.00143057, 0.00698294, 0.00332914, 0.00222433, 0.00466381])

 30200.1588117			array([-163.5288504 ,    4.04317251,    8.64860719,    1.77167514,
        107.06778672,  -90.11666304, -179.3194191 ,   24.81698512,
         28.01140079, -179.68194566])
						array([0.0003184 , 0.01260979, 0.02771541, 0.03110642, 0.01727466,
       0.00254323, 0.01241412, 0.00591848, 0.00395436, 0.00829121])

 30200.4025323			array([-163.52841716,    4.05943886,    8.64993655,    1.75109099,
        107.08936909,  -90.11527724, -179.31306687,   24.81638726,
         28.01424983, -179.69299522])
						array([0.00042453, 0.01681305, 0.03695388, 0.04147523, 0.02303289,
       0.00339098, 0.01655216, 0.00789131, 0.00527248, 0.01105495])

 30200.3133901			array([-163.52821607,    4.05509065,    8.64367056,    1.74045596,
        107.07226402,  -90.11181591, -179.32123012,   24.81951711,
         28.01190006, -179.68326415])
						array([0.0002388 , 0.00945734, 0.02078655, 0.02332982, 0.012956  ,
       0.00190743, 0.00931059, 0.00443886, 0.00296577, 0.00621841])

 30200.1441192			array([-163.5287791 ,    4.04331117,    8.64076707,    1.75491224,
        107.06678716,  -90.11130919, -179.32366901,   24.82190731,
         28.00860835, -179.68994728])
						array([0.0002388 , 0.00945734, 0.02078655, 0.02332982, 0.012956  ,
       0.00190743, 0.00931059, 0.00443886, 0.00296577, 0.00621841])

 30200.1459142			array([-163.52870505,    4.03916939,    8.62073691,    1.75253797,
        107.07967438,  -90.11333808, -179.33453249,   24.82411487,
         28.00719733, -179.6921663 ])
						array([0.0003184 , 0.01260979, 0.02771541, 0.03110642, 0.01727466,
       0.00254323, 0.01241412, 0.00591848, 0.00395436, 0.00829121])

 30199.5315538			array([-163.52772177,    4.01136863,    8.65374188,    1.78305749,
        107.01096277,  -90.10754363, -179.3343804 ,   24.82170393,
         28.00377659, -179.70337708])
						array([0.00042453, 0.01681305, 0.03695388, 0.04147523, 0.02303289,
       0.00339098, 0.01655216, 0.00789131, 0.00527248, 0.01105495])

 30199.4560244			array([-163.52745438,    4.01770398,    8.63029863,    1.75320756,
        107.03147315,  -90.10849456, -179.35487096,   24.81981921,
         28.00101974, -179.6915595 ])
						array([0.00042453, 0.01681305, 0.03695388, 0.04147523, 0.02303289,
       0.00339098, 0.01655216, 0.00789131, 0.00527248, 0.01105495])

 30199.4324066			array([-163.52758651,    4.0085663 ,    8.64170269,    1.78068804,
        107.01803431,  -90.11259471, -179.37382647,   24.81991639,
         28.00396996, -179.70750568])
						array([0.00056604, 0.0224174 , 0.04927183, 0.0553003 , 0.03071051,
       0.00452131, 0.02206954, 0.01052174, 0.00702998, 0.01473993])

 30199.4020476			array([-163.52764994,    4.0036031 ,    8.6387753 ,    1.75763103,
        107.01341426,  -90.11062846, -179.36453683,   24.81777122,
         28.00372751, -179.71699518])
						array([0.00013432, 0.00531975, 0.01169244, 0.01312302, 0.00728775,
       0.00107293, 0.00523721, 0.00249686, 0.00166825, 0.00349785])

 30199.4722632			array([-163.52776948,    4.00248234,    8.65454812,    1.75636194,
        107.02446049,  -90.11085848, -179.3692388 ,   24.81704238,
         28.00555373, -179.7188825 ])
						array([0.00013432, 0.00531975, 0.01169244, 0.01312302, 0.00728775,
       0.00107293, 0.00523721, 0.00249686, 0.00166825, 0.00349785])

 30199.4593124			array([-163.52763192,    4.00109483,    8.65860181,    1.75489589,
        107.01742659,  -90.11202162, -179.37089391,   24.81957031,
         28.00426803, -179.72080325])
						array([0.0001791 , 0.007093  , 0.01558992, 0.01749736, 0.009717  ,
       0.00143057, 0.00698294, 0.00332914, 0.00222433, 0.00466381])

 30199.4749248			array([-163.52769258,    3.99744927,    8.65912431,    1.75583729,
        107.02072968,  -90.11170099, -179.36690348,   24.81855038,
         28.00437194, -179.71949269])
						array([5.66680530e-05, 2.24427082e-03, 4.93274692e-03, 5.53627470e-03,
       3.07451909e-03, 4.52641130e-04, 2.20944631e-03, 1.05336210e-03,
       7.03791542e-04, 1.47565742e-03])

 30199.4694746			array([-163.52773652,    3.99710458,    8.65641227,    1.75609748,
        107.02718422,  -90.11266822, -179.3673415 ,   24.81756809,
         28.0039683 , -179.72104087])
						array([5.66680530e-05, 2.24427082e-03, 4.93274692e-03, 5.53627470e-03,
       3.07451909e-03, 4.52641130e-04, 2.20944631e-03, 1.05336210e-03,
       7.03791542e-04, 1.47565742e-03])

 30199.4343368			array([-163.52766449,    3.99722972,    8.65620726,    1.76055571,
        107.02146917,  -90.11309339, -179.36099326,   24.81757188,
         28.00325146, -179.7208944 ])
						array([7.55574040e-05, 2.99236110e-03, 6.57699590e-03, 7.38169960e-03,
       4.09935879e-03, 6.03521507e-04, 2.94592842e-03, 1.40448279e-03,
       9.38388722e-04, 1.96754322e-03])

 30199.4819713			array([-163.52762366,    3.9984408 ,    8.66409991,    1.75999682,
        107.02422563,  -90.11443508, -179.35478127,   24.81757772,
         28.00320147, -179.72267583])
						array([0.00010074, 0.00398981, 0.00876933, 0.00984227, 0.00546581,
       0.0008047 , 0.0039279 , 0.00187264, 0.00125118, 0.00262339])

 30199.3601869			array([-163.5275294 ,    4.00049974,    8.64889978,    1.76803472,
        107.02015075,  -90.1127276 , -179.35857968,   24.81511944,
         28.00258804, -179.72128075])
						array([0.00013432, 0.00531975, 0.01169244, 0.01312302, 0.00728775,
       0.00107293, 0.00523721, 0.00249686, 0.00166825, 0.00349785])

 30199.4502517			array([-163.52716931,    3.99842421,    8.66179769,    1.73996634,
        107.03936072,  -90.11353398, -179.3534574 ,   24.816157  ,
         28.00506971, -179.72044138])
						array([0.0003184 , 0.01260979, 0.02771541, 0.03110642, 0.01727466,
       0.00254323, 0.01241412, 0.00591848, 0.00395436, 0.00829121])

 30199.2451116			array([-163.52661557,    3.99579782,    8.66220016,    1.74491116,
        107.05216181,  -90.11652543, -179.34325605,   24.81258749,
         28.0104458 , -179.71393824])
						array([0.00042453, 0.01681305, 0.03695388, 0.04147523, 0.02303289,
       0.00339098, 0.01655216, 0.00789131, 0.00527248, 0.01105495])

 30198.8117335			array([-163.52485904,    4.00856829,    8.6618041 ,    1.79314149,
        107.01851604,  -90.11231285, -179.33905875,   24.82358556,
         28.01954397, -179.65765193])
						array([0.00134173, 0.05313753, 0.1167925 , 0.1310822 , 0.07279529,
       0.01071717, 0.05231299, 0.02494042, 0.01666365, 0.03493909])

 30199.4161307			array([-163.52506452,    4.06083799,    8.65357665,    1.76531276,
        107.14120817,  -90.1316054 , -179.2283791 ,   24.78388428,
         28.04162142, -179.64195789])
						array([0.00178897, 0.07085004, 0.15572333, 0.17477627, 0.09706039,
       0.01428956, 0.06975066, 0.0332539 , 0.0222182 , 0.04658546])

 30199.196452			array([-163.52549279,    4.03865568,    8.62786626,    1.7868393 ,
        107.13284484,  -90.13140028, -179.22367688,   24.78387249,
         28.04059069, -179.64217332])
						array([0.0002388 , 0.00945734, 0.02078655, 0.02332982, 0.012956  ,
       0.00190743, 0.00931059, 0.00443886, 0.00296577, 0.00621841])

 30199.1012781			array([-163.52517888,    4.04276001,    8.65155202,    1.77879625,
        107.15040204,  -90.12807389, -179.22997752,   24.78412894,
         28.04177713, -179.64557532])
						array([0.0002388 , 0.00945734, 0.02078655, 0.02332982, 0.012956  ,
       0.00190743, 0.00931059, 0.00443886, 0.00296577, 0.00621841])

 30199.0580319			array([-163.5251285 ,    4.04354333,    8.64716436,    1.77143744,
        107.15828612,  -90.12834005, -179.23966593,   24.77803521,
         28.04000192, -179.64575681])
						array([0.0003184 , 0.01260979, 0.02771541, 0.03110642, 0.01727466,
       0.00254323, 0.01241412, 0.00591848, 0.00395436, 0.00829121])

 30199.231818			array([-163.52445236,    4.05564733,    8.61557529,    1.75593514,
        107.14016758,  -90.13083178, -179.22807785,   24.78080488,
         28.04524817, -179.65161379])
						array([0.00042453, 0.01681305, 0.03695388, 0.04147523, 0.02303289,
       0.00339098, 0.01655216, 0.00789131, 0.00527248, 0.01105495])

 30199.4679877			array([-163.52509757,    4.04114367,    8.59986205,    1.79236872,
        107.16038172,  -90.130013  , -179.23982518,   24.77395923,
         28.04389356, -179.65142132])
						array([0.00056604, 0.0224174 , 0.04927183, 0.0553003 , 0.03071051,
       0.00452131, 0.02206954, 0.01052174, 0.00702998, 0.01473993])

 30199.0672941			array([-163.5255936 ,    4.00754177,    8.60451087,    1.77398557,
        107.12218417,  -90.12589374, -179.27656064,   24.76969513,
         28.04493106, -179.65712004])
						array([0.00056604, 0.0224174 , 0.04927183, 0.0553003 , 0.03071051,
       0.00452131, 0.02206954, 0.01052174, 0.00702998, 0.01473993])

 30198.8136232			array([-163.52533179,    4.01812148,    8.62801561,    1.76192713,
        107.10201495,  -90.13000567, -179.28533949,   24.77329667,
         28.03811532, -179.66749267])
						array([0.0002388 , 0.00945734, 0.02078655, 0.02332982, 0.012956  ,
       0.00190743, 0.00931059, 0.00443886, 0.00296577, 0.00621841])

 30199.0229204			array([-163.52537199,    4.01141473,    8.67615225,    1.77972281,
        107.10856386,  -90.13160519, -179.27837828,   24.76597618,
         28.03600054, -179.66834755])
						array([0.0003184 , 0.01260979, 0.02771541, 0.03110642, 0.01727466,
       0.00254323, 0.01241412, 0.00591848, 0.00395436, 0.00829121])

 30198.828531			array([-163.52550185,    4.01798469,    8.64501539,    1.76494354,
        107.15014751,  -90.13309005, -179.31590395,   24.77635351,
         28.04126198, -179.6637041 ])
						array([0.00042453, 0.01681305, 0.03695388, 0.04147523, 0.02303289,
       0.00339098, 0.01655216, 0.00789131, 0.00527248, 0.01105495])

 30199.2326603			array([-163.52570551,    3.99810921,    8.68719618,    1.77323484,
        107.13772545,  -90.13258443, -179.32877511,   24.77946833,
         28.03578728, -179.65830344])
						array([0.0003184 , 0.01260979, 0.02771541, 0.03110642, 0.01727466,
       0.00254323, 0.01241412, 0.00591848, 0.00395436, 0.00829121])

 30199.0447629			array([-163.52542541,    3.9854431 ,    8.67928887,    1.77190416,
        107.10785199,  -90.12559193, -179.33187054,   24.77788924,
         28.04484608, -179.65480024])
						array([0.00042453, 0.01681305, 0.03695388, 0.04147523, 0.02303289,
       0.00339098, 0.01655216, 0.00789131, 0.00527248, 0.01105495])

 30199.1417037			array([-163.52509855,    3.96405115,    8.65831896,    1.79990167,
        107.09646297,  -90.12434493, -179.31803767,   24.77268101,
         28.05155604, -179.63919115])
						array([0.00075472, 0.02988986, 0.06569578, 0.07373374, 0.04094735,
       0.00602841, 0.02942606, 0.01402899, 0.0093733 , 0.01965324])

 30198.9582544			array([-163.52359148,    4.00572239,    8.70145498,    1.74884561,
        107.1292182 ,  -90.13727267, -179.34403664,   24.77659063,
         28.06645578, -179.65147637])
						array([0.00134173, 0.05313753, 0.1167925 , 0.1310822 , 0.07279529,
       0.01071717, 0.05231299, 0.02494042, 0.01666365, 0.03493909])

 30198.3072487			array([-163.52263952,    3.97425507,    8.62963456,    1.72802972,
        107.03441519,  -90.12515771, -179.40345755,   24.69213616,
         28.06426624, -179.75389043])
						array([0.00134173, 0.05313753, 0.1167925 , 0.1310822 , 0.07279529,
       0.01071717, 0.05231299, 0.02494042, 0.01666365, 0.03493909])

 30197.9339597			array([-163.52242226,    3.99181091,    8.62904448,    1.78385039,
        107.03715956,  -90.12027889, -179.39801407,   24.69280992,
         28.05791252, -179.74552813])
						array([0.00042453, 0.01681305, 0.03695388, 0.04147523, 0.02303289,
       0.00339098, 0.01655216, 0.00789131, 0.00527248, 0.01105495])

 30197.9085078			array([-163.52240987,    3.99034134,    8.62450532,    1.77437735,
        107.03416011,  -90.12108917, -179.40518968,   24.69643698,
         28.05680439, -179.74922262])
						array([0.00013432, 0.00531975, 0.01169244, 0.01312302, 0.00728775,
       0.00107293, 0.00523721, 0.00249686, 0.00166825, 0.00349785])

 30197.937748			array([-163.52232769,    3.99174635,    8.61854434,    1.75364523,
        107.0357701 ,  -90.12116622, -179.40286717,   24.69383983,
         28.05498011, -179.75205981])
						array([0.00013432, 0.00531975, 0.01169244, 0.01312302, 0.00728775,
       0.00107293, 0.00523721, 0.00249686, 0.00166825, 0.00349785])

 30197.8798422			array([-163.52217056,    3.98212028,    8.63979599,    1.74589138,
        107.0257485 ,  -90.12184563, -179.40282185,   24.68828067,
         28.05731935, -179.74976274])
						array([0.0001791 , 0.007093  , 0.01558992, 0.01749736, 0.009717  ,
       0.00143057, 0.00698294, 0.00332914, 0.00222433, 0.00466381])

 30197.8072069			array([-163.52185756,    3.98836769,    8.64626214,    1.74052036,
        107.02151066,  -90.12148582, -179.40808861,   24.68157988,
         28.05655168, -179.75446301])
						array([0.0001791 , 0.007093  , 0.01558992, 0.01749736, 0.009717  ,
       0.00143057, 0.00698294, 0.00332914, 0.00222433, 0.00466381])

 30197.7692377			array([-163.52182928,    3.98739808,    8.6443516 ,    1.74382438,
        107.02580849,  -90.12229519, -179.40495833,   24.67889454,
         28.0576511 , -179.75049705])
						array([0.00010074, 0.00398981, 0.00876933, 0.00984227, 0.00546581,
       0.0008047 , 0.0039279 , 0.00187264, 0.00125118, 0.00262339])

 30197.843223			array([-163.52206498,    3.98453064,    8.65691211,    1.75175271,
        107.02752307,  -90.12180886, -179.41169742,   24.67648098,
         28.05724266, -179.74836289])
						array([0.00013432, 0.00531975, 0.01169244, 0.01312302, 0.00728775,
       0.00107293, 0.00523721, 0.00249686, 0.00166825, 0.00349785])

 30197.7143973			array([-163.52169592,    3.97934116,    8.6540505 ,    1.76269168,
        107.0297485 ,  -90.12013834, -179.41275296,   24.67566924,
         28.06936162, -179.75923197])
						array([0.00042453, 0.01681305, 0.03695388, 0.04147523, 0.02303289,
       0.00339098, 0.01655216, 0.00789131, 0.00527248, 0.01105495])

 30197.6978041			array([-163.52169836,    3.9814555 ,    8.64520925,    1.77720451,
        107.03220858,  -90.12048028, -179.41092627,   24.67840341,
         28.07006078, -179.75911185])
						array([7.55574040e-05, 2.99236110e-03, 6.57699590e-03, 7.38169960e-03,
       4.09935879e-03, 6.03521507e-04, 2.94592842e-03, 1.40448279e-03,
       9.38388722e-04, 1.96754322e-03])

 30197.7118327			array([-163.52163319,    3.97711097,    8.65411772,    1.76547249,
        107.02686905,  -90.11973874, -179.41239899,   24.67927264,
         28.06870524, -179.76042068])
						array([7.55574040e-05, 2.99236110e-03, 6.57699590e-03, 7.38169960e-03,
       4.09935879e-03, 6.03521507e-04, 2.94592842e-03, 1.40448279e-03,
       9.38388722e-04, 1.96754322e-03])

 30197.7207162			array([-163.52162609,    3.98320778,    8.64648698,    1.78557158,
        107.0326354 ,  -90.12006061, -179.41114598,   24.68039828,
         28.06772008, -179.75788101])
						array([0.00010074, 0.00398981, 0.00876933, 0.00984227, 0.00546581,
       0.0008047 , 0.0039279 , 0.00187264, 0.00125118, 0.00262339])

 30197.6917841			array([-163.52157004,    3.9850178 ,    8.65712119,    1.77855741,
        107.0404154 ,  -90.11831474, -179.41464855,   24.6829735 ,
         28.0673234 , -179.75911732])
						array([0.00013432, 0.00531975, 0.01169244, 0.01312302, 0.00728775,
       0.00107293, 0.00523721, 0.00249686, 0.00166825, 0.00349785])

 30197.7335103			array([-163.52164208,    3.97521535,    8.65323603,    1.77141169,
        107.03468915,  -90.11860511, -179.41296888,   24.68315565,
         28.06587877, -179.75964971])
						array([0.0001791 , 0.007093  , 0.01558992, 0.01749736, 0.009717  ,
       0.00143057, 0.00698294, 0.00332914, 0.00222433, 0.00466381])

 30197.7022707			array([-163.52150015,    3.97731844,    8.62814875,    1.77767696,
        107.03710206,  -90.11891948, -179.42094424,   24.68201524,
         28.0681367 , -179.75679428])
						array([0.00010074, 0.00398981, 0.00876933, 0.00984227, 0.00546581,
       0.0008047 , 0.0039279 , 0.00187264, 0.00125118, 0.00262339])

 30197.7033346			array([-163.52150723,    3.97650716,    8.6265231 ,    1.77356912,
        107.03742425,  -90.11876111, -179.41760707,   24.68223867,
         28.06808231, -179.75812707])
						array([5.66680530e-05, 2.24427082e-03, 4.93274692e-03, 5.53627470e-03,
       3.07451909e-03, 4.52641130e-04, 2.20944631e-03, 1.05336210e-03,
       7.03791542e-04, 1.47565742e-03])

 30197.7232671			array([-163.52149655,    3.97686375,    8.62081917,    1.76461633,
        107.04521681,  -90.11850368, -179.41796794,   24.68178675,
         28.06748324, -179.75730689])
						array([7.55574040e-05, 2.99236110e-03, 6.57699590e-03, 7.38169960e-03,
       4.09935879e-03, 6.03521507e-04, 2.94592842e-03, 1.40448279e-03,
       9.38388722e-04, 1.96754322e-03])

 30197.6994932			array([-163.5214516 ,    3.97587364,    8.62497468,    1.75796602,
        107.04605784,  -90.11839971, -179.41761391,   24.68112058,
         28.06837999, -179.75579167])
						array([0.00010074, 0.00398981, 0.00876933, 0.00984227, 0.00546581,
       0.0008047 , 0.0039279 , 0.00187264, 0.00125118, 0.00262339])

 30197.6840181			array([-163.52150228,    3.97922964,    8.6244411 ,    1.76987576,
        107.03652639,  -90.11862164, -179.42046937,   24.68227801,
         28.06968253, -179.76047262])
						array([0.0001791 , 0.007093  , 0.01558992, 0.01749736, 0.009717  ,
       0.00143057, 0.00698294, 0.00332914, 0.00222433, 0.00466381])

 30197.6520908			array([-163.52142566,    3.97468301,    8.64777084,    1.77042398,
        107.02654825,  -90.11794961, -179.42046659,   24.68194432,
         28.06761916, -179.75093701])
						array([0.00013432, 0.00531975, 0.01169244, 0.01312302, 0.00728775,
       0.00107293, 0.00523721, 0.00249686, 0.00166825, 0.00349785])

 30197.6544292			array([-163.52143454,    3.97719809,    8.65453802,    1.76663586,
        107.02931545,  -90.11701462, -179.40723028,   24.68312994,
         28.06807134, -179.74958107])
						array([0.00010074, 0.00398981, 0.00876933, 0.00984227, 0.00546581,
       0.0008047 , 0.0039279 , 0.00187264, 0.00125118, 0.00262339])

 30197.5840134			array([-163.52131131,    3.97774692,    8.63912199,    1.76085637,
        107.03903993,  -90.11794431, -179.40612802,   24.68192497,
         28.06835094, -179.7463324 ])
						array([0.00013432, 0.00531975, 0.01169244, 0.01312302, 0.00728775,
       0.00107293, 0.00523721, 0.00249686, 0.00166825, 0.00349785])

 30197.5659758			array([-163.52133899,    3.98232823,    8.63497627,    1.76935897,
        107.04062493,  -90.11718389, -179.40547558,   24.68241205,
         28.06846726, -179.74475305])
						array([5.66680530e-05, 2.24427082e-03, 4.93274692e-03, 5.53627470e-03,
       3.07451909e-03, 4.52641130e-04, 2.20944631e-03, 1.05336210e-03,
       7.03791542e-04, 1.47565742e-03])

 30197.5654439			array([-163.5213604 ,    3.98181328,    8.63941577,    1.76636499,
        107.04246378,  -90.11785214, -179.40953895,   24.6831113 ,
         28.06814173, -179.74482244])
						array([5.66680530e-05, 2.24427082e-03, 4.93274692e-03, 5.53627470e-03,
       3.07451909e-03, 4.52641130e-04, 2.20944631e-03, 1.05336210e-03,
       7.03791542e-04, 1.47565742e-03])

 30197.5473625			array([-163.52130095,    3.98541864,    8.64003854,    1.77557038,
        107.04178658,  -90.11838067, -179.41135649,   24.68379702,
         28.06767025, -179.74237742])
						array([7.55574040e-05, 2.99236110e-03, 6.57699590e-03, 7.38169960e-03,
       4.09935879e-03, 6.03521507e-04, 2.94592842e-03, 1.40448279e-03,
       9.38388722e-04, 1.96754322e-03])

 30197.5353164			array([-163.52128413,    3.98459597,    8.64030063,    1.77228461,
        107.02955802,  -90.11928907, -179.41491003,   24.68215843,
         28.06683402, -179.73733448])
						array([0.0001791 , 0.007093  , 0.01558992, 0.01749736, 0.009717  ,
       0.00143057, 0.00698294, 0.00332914, 0.00222433, 0.00466381])

 30197.5165059			array([-163.5211183 ,    3.98372316,    8.63474749,    1.75379505,
        107.04462199,  -90.11778236, -179.41596542,   24.68238626,
         28.065417  , -179.73472436])
						array([0.00013432, 0.00531975, 0.01169244, 0.01312302, 0.00728775,
       0.00107293, 0.00523721, 0.00249686, 0.00166825, 0.00349785])

 30197.4582977			array([-163.52093959,    3.98176713,    8.63160513,    1.76643885,
        107.04097761,  -90.11775295, -179.41717773,   24.68029503,
         28.06580445, -179.73622657])
						array([0.00013432, 0.00531975, 0.01169244, 0.01312302, 0.00728775,
       0.00107293, 0.00523721, 0.00249686, 0.00166825, 0.00349785])

 30197.3708088			array([-163.52069516,    3.98498635,    8.65019143,    1.77140755,
        107.04260059,  -90.11826179, -179.41998478,   24.67913191,
         28.06631275, -179.74091843])
						array([0.0001791 , 0.007093  , 0.01558992, 0.01749736, 0.009717  ,
       0.00143057, 0.00698294, 0.00332914, 0.00222433, 0.00466381])

 30197.3742311			array([-163.52066031,    3.98404508,    8.65015257,    1.77443648,
        107.04165905,  -90.11877172, -179.41854775,   24.67836013,
         28.06781689, -179.74083318])
						array([3.18757798e-05, 1.26240234e-03, 2.77467014e-03, 3.11415452e-03,
       1.72941699e-03, 2.54610636e-04, 1.24281355e-03, 5.92516178e-04,
       3.95882742e-04, 8.30057297e-04])

 30197.374996			array([-163.52065124,    3.98399051,    8.65021813,    1.7752256 ,
        107.04131406,  -90.11891244, -179.41808035,   24.67863086,
         28.06750013, -179.7405024 ])
						array([1.79301262e-05, 7.10101315e-04, 1.56075196e-03, 1.75171192e-03,
       9.72797056e-04, 1.43218483e-04, 6.99082623e-04, 3.33290350e-04,
       2.22684043e-04, 4.66907230e-04])

 30197.3670669			array([-163.52066305,    3.98366897,    8.64721817,    1.77397739,
        107.0421258 ,  -90.11893437, -179.41718369,   24.67819293,
         28.0677485 , -179.74018646])
						array([2.39068349e-05, 9.46801754e-04, 2.08100261e-03, 2.33561589e-03,
       1.29706274e-03, 1.90957977e-04, 9.32110163e-04, 4.44387134e-04,
       2.96912057e-04, 6.22542973e-04])

 30197.3191607			array([-163.52054662,    3.98490393,    8.63845516,    1.77350918,
        107.04463953,  -90.1194531 , -179.41756236,   24.67861075,
         28.06755844, -179.7424485 ])
						array([7.55574040e-05, 2.99236110e-03, 6.57699590e-03, 7.38169960e-03,
       4.09935879e-03, 6.03521507e-04, 2.94592842e-03, 1.40448279e-03,
       9.38388722e-04, 1.96754322e-03])

 30197.3185442			array([-163.52059756,    3.98993801,    8.64579306,    1.75658037,
        107.04107602,  -90.12023709, -179.42008796,   24.67771848,
         28.06889905, -179.74232386])
						array([0.00013432, 0.00531975, 0.01169244, 0.01312302, 0.00728775,
       0.00107293, 0.00523721, 0.00249686, 0.00166825, 0.00349785])

 30197.3125319			array([-163.52063195,    3.99540527,    8.6494041 ,    1.76276222,
        107.05101045,  -90.11960097, -179.41728325,   24.67901167,
         28.06820871, -179.74352094])
						array([0.0001791 , 0.007093  , 0.01558992, 0.01749736, 0.009717  ,
       0.00143057, 0.00698294, 0.00332914, 0.00222433, 0.00466381])

 30197.3112702			array([-163.52062589,    3.99480622,    8.64745802,    1.75960114,
        107.05180247,  -90.11978498, -179.41701003,   24.67940128,
         28.0680005 , -179.74254554])
						array([1.79301262e-05, 7.10101315e-04, 1.56075196e-03, 1.75171192e-03,
       9.72797056e-04, 1.43218483e-04, 6.99082623e-04, 3.33290350e-04,
       2.22684043e-04, 4.66907230e-04])

 30197.3109644			array([-163.52061713,    3.99465121,    8.64633094,    1.75787945,
        107.05239412,  -90.12002593, -179.41660171,   24.67892683,
         28.06827183, -179.7422984 ])
						array([1.79301262e-05, 7.10101315e-04, 1.56075196e-03, 1.75171192e-03,
       9.72797056e-04, 1.43218483e-04, 6.99082623e-04, 3.33290350e-04,
       2.22684043e-04, 4.66907230e-04])

 30197.3102061			array([-163.52061667,    3.99473032,    8.64510862,    1.75737302,
        107.05175493,  -90.1200658 , -179.41711625,   24.67896176,
         28.06804115, -179.74208735])
						array([2.39068349e-05, 9.46801754e-04, 2.08100261e-03, 2.33561589e-03,
       1.29706274e-03, 1.90957977e-04, 9.32110163e-04, 4.44387134e-04,
       2.96912057e-04, 6.22542973e-04])

 30197.302188			array([-163.52061869,    3.9961037 ,    8.64113069,    1.75897264,
        107.05028506,  -90.12028533, -179.41613262,   24.67828699,
         28.06826465, -179.74163149])
						array([3.18757798e-05, 1.26240234e-03, 2.77467014e-03, 3.11415452e-03,
       1.72941699e-03, 2.54610636e-04, 1.24281355e-03, 5.92516178e-04,
       3.95882742e-04, 8.30057297e-04])

 30197.2902015			array([-163.52059527,    3.99547507,    8.64354476,    1.76237616,
        107.04514355,  -90.12159437, -179.41739043,   24.67780128,
         28.06748292, -179.74135905])
						array([0.00010074, 0.00398981, 0.00876933, 0.00984227, 0.00546581,
       0.0008047 , 0.0039279 , 0.00187264, 0.00125118, 0.00262339])

------------------------------------ 


------------------------------------ 
TOTAL GENERATIONS: 1000
------------------------------------ 
