------------------------------------ 
PARAMETERS used: 
 - DNA SIZE: '10'
 - c: '0.75'
 - s: '15'
 - num rotors in robot: '4'
 - num total generations: '1000'
------------------------------------ 


------------------------------------ 
Fitness_value		Individual
------------------------------------ 
 39051.5397274			array([ -82.90487994,   78.54570401, -140.86503041,  -63.00433342,
         80.34405724,  167.25345723,    2.59550784, -116.41192727,
         49.39027012,  -68.83858829])
						array([3.84312305, 8.5278412 , 6.16432457, 8.52804672, 7.15676598,
       8.81645363, 3.32813799, 0.83722983, 9.31277687, 3.43696435])

 38420.7078734			array([ -82.02716308,   67.81064424, -144.11559263,  -63.38971164,
         79.87818338,  172.90849659,    7.2198816 , -117.16055298,
         46.6374883 ,  -71.413583  ])
						array([1.62131754, 3.597683  , 2.60057443, 3.59776971, 3.01926065,
       3.71944138, 1.40405821, 0.35320633, 3.92882774, 1.44996934])

 36893.3713418			array([ -79.75903723,   70.71379719, -140.84311575,  -59.09882227,
         86.35489305,  167.26635697,    7.64097933, -117.20420362,
         47.75926445,  -70.92340769])
						array([1.62131754, 3.597683  , 2.60057443, 3.59776971, 3.01926065,
       3.71944138, 1.40405821, 0.35320633, 3.92882774, 1.44996934])

 35510.0304414			array([ -80.31111187,   67.94934305, -139.21418477,  -53.44249226,
         88.07760873,  173.38454206,    8.93000379, -117.02840419,
         48.37782927,  -72.23032942])
						array([2.16175672, 4.79691067, 3.46743257, 4.79702628, 4.02568087,
       4.95925517, 1.87207762, 0.47094178, 5.23843699, 1.93329245])

 34229.351898			array([ -80.67183965,   68.37810687, -135.49452051,  -50.162806  ,
         81.77237016,  171.2673562 ,   10.3917861 , -116.58520973,
         51.6889157 ,  -71.66835009])
						array([2.88234229, 6.3958809 , 4.62324343, 6.39603504, 5.36757449,
       6.61234022, 2.49610349, 0.62792237, 6.98458265, 2.57772326])

 32987.3837695			array([ -80.64709577,   64.90269637, -133.47371044,  -47.61600856,
         86.99900053,  171.56731211,   10.72013465, -116.28892175,
         57.80992925,  -74.1600206 ])
						array([3.84312305, 8.5278412 , 6.16432457, 8.52804672, 7.15676598,
       8.81645363, 3.32813799, 0.83722983, 9.31277687, 3.43696435])

 29613.8974384			array([ -76.76971487,   64.82504941, -124.17364467,  -45.51228185,
         81.01728059,  165.47828496,   13.13103166, -115.78634389,
         62.35881666,  -79.25665024])
						array([ 5.12416407, 11.37045493,  8.21909943, 11.37072896,  9.54235464,
       11.75527151,  4.43751732,  1.11630644, 12.41703582,  4.58261913])

 29117.9691577			array([ -76.49814928,   55.2474109 , -128.97128499,  -37.48774147,
         76.60550269,  163.01901734,   13.05072193, -114.74287414,
         61.09647727,  -84.41649581])
						array([ 6.83221876, 15.16060657, 10.95879923, 15.16097194, 12.72313952,
       15.67369535,  5.91668976,  1.48840858, 16.55604777,  6.11015885])

 25106.7704993			array([ -75.58653454,   51.95838157, -119.97433669,  -16.35628078,
         92.40375108,  146.05193505,   17.97914828, -117.11789478,
         58.49300919,  -90.80079857])
						array([12.14616669, 26.95218946, 19.48230975, 26.95283901, 22.61891471,
       27.86434728, 10.51855957,  2.6460597 , 29.43297381, 10.86250461])

 18381.0788702			array([ -63.46778921,  -12.33983545, -106.86286597,  -17.06043167,
         68.70688441,  102.34978457,   -0.79961441, -118.43384838,
         94.26274356,  -94.97398589])
						array([21.59318523, 47.91500348, 34.63521733, 47.91615824, 40.21140393,
       49.53661739, 18.69966146,  4.70410613, 52.32528677, 19.31111932])

 11760.9769541			array([ -43.68807797,    8.26118542,  -87.90041694,  -19.09404939,
         46.19711268,   88.37799551,   16.10888994, -124.26790266,
        129.86860727,  -98.5282114 ])
						array([28.79091364, 63.88667131, 46.18028978, 63.88821098, 53.61520524,
       66.04882318, 24.93288194,  6.27214151, 69.76704902, 25.74815909])

 3798.34973836			array([ -14.15623523,  -17.01637015,  -36.35973351,  -30.61270899,
        -89.62926576,  112.5305401 ,   56.98074922, -109.37661243,
        -11.13468594,  -91.71389533])
						array([38.38788485, 85.18222841, 61.5737197 , 85.18428131, 71.48694032,
       88.06509758, 33.24384259,  8.36285534, 93.02273203, 34.33087878])

 2795.86910398			array([  -4.23404544,  -27.64629629,  -19.30653903,  -28.18873926,
       -103.82131687,   96.40232572,   60.30861409, -108.70400709,
         18.99350014,  -90.13513025])
						array([ 5.12416407, 11.37045493,  8.21909943, 11.37072896,  9.54235464,
       11.75527151,  4.43751732,  1.11630644, 12.41703582,  4.58261913])

 2756.58094606			array([  -0.33205529,  -26.91900556,  -19.19877914,  -29.84632871,
       -104.41748394,   91.13294243,   61.42511645, -110.23643428,
         21.08702885,  -88.92229087])
						array([2.88234229, 6.3958809 , 4.62324343, 6.39603504, 5.36757449,
       6.61234022, 2.49610349, 0.62792237, 6.98458265, 2.57772326])

 2303.84264869			array([  -0.18836915,  -28.85501854,  -16.71169525,  -21.29809329,
       -106.90359452,   91.66924841,   56.32089414, -109.27680465,
          3.41064573,  -90.31826047])
						array([3.84312305, 8.5278412 , 6.16432457, 8.52804672, 7.15676598,
       8.81645363, 3.32813799, 0.83722983, 9.31277687, 3.43696435])

 1703.97283554			array([   2.43988073,  -28.74718795,   -7.47008794,  -14.61896691,
        -97.48624619,   96.56702567,   53.41972628, -109.36564737,
          5.4855115 ,  -90.33685797])
						array([ 5.12416407, 11.37045493,  8.21909943, 11.37072896,  9.54235464,
       11.75527151,  4.43751732,  1.11630644, 12.41703582,  4.58261913])

 1516.18573102			array([   8.96789571,  -30.78394631,   -4.6235405 ,   -6.01972735,
        -97.97139203,   84.77436562,   59.63706633, -111.61446478,
         -4.08696564,  -91.36094564])
						array([ 6.83221876, 15.16060657, 10.95879923, 15.16097194, 12.72313952,
       15.67369535,  5.91668976,  1.48840858, 16.55604777,  6.11015885])

 385.901010083			array([   5.58217844,   -9.01640228,   -5.03160313,   -1.81216495,
       -102.25157662,  109.7038759 ,   55.71049194, -111.71915336,
         10.30948571,  -82.41098635])
						array([ 9.10962502, 20.21414209, 14.61173231, 20.21462926, 16.96418603,
       20.89826046,  7.88891968,  1.98454477, 22.07473035,  8.14687846])

 179.847205826			array([   7.84896465,   -2.56330299,    6.85993445,    8.55109894,
        -96.72362369,   44.1862922 ,   52.98457545, -113.51012442,
         33.28482589,  -86.50373892])
						array([ 6.83221876, 15.16060657, 10.95879923, 15.16097194, 12.72313952,
       15.67369535,  5.91668976,  1.48840858, 16.55604777,  6.11015885])

 121.919562211			array([   6.70327927,   -0.55226546,    7.86284782,    2.90104344,
        -97.85594244,   49.59796468,   50.98677265, -113.3270933 ,
         32.26329479,  -87.1336982 ])
						array([0.91199112, 2.02369669, 1.46282312, 2.02374546, 1.69833411,
       2.09218577, 0.78978275, 0.19867856, 2.2099656 , 0.81560775])

 109.396970067			array([   7.07874601,    0.55374329,    8.85787873,    1.14650563,
        -99.29475925,   51.06204818,   51.67964165, -113.25786821,
         30.64095832,  -86.55695276])
						array([0.68399334, 1.51777252, 1.09711734, 1.5178091 , 1.27375059,
       1.56913933, 0.59233706, 0.14900892, 1.6574742 , 0.61170581])

 99.1554842556			array([   8.22671831,   -0.66259869,    8.76456348,    3.66263997,
       -100.11627687,   49.93479799,   52.09791343, -113.23268134,
         30.8412005 ,  -86.25376826])
						array([0.91199112, 2.02369669, 1.46282312, 2.02374546, 1.69833411,
       2.09218577, 0.78978275, 0.19867856, 2.2099656 , 0.81560775])

 74.8554296635			array([   8.3809341 ,    1.36603295,    5.65301122,    2.18068972,
       -102.00839098,   46.52084473,   53.07775522, -113.29865398,
         35.1633523 ,  -85.53062919])
						array([2.16175672, 4.79691067, 3.46743257, 4.79702628, 4.02568087,
       4.95925517, 1.87207762, 0.47094178, 5.23843699, 1.93329245])

 72.1843350522			array([  10.40247467,    2.65905635,    2.58255474,   -1.79684071,
       -106.90788702,   42.34080757,   53.8385467 , -113.55161902,
         28.5088325 ,  -82.38867586])
						array([1.21598815, 2.69826225, 1.95043082, 2.69832728, 2.26444549,
       2.78958103, 1.05304366, 0.26490475, 2.94662081, 1.087477  ])

 59.2662847307			array([   9.53324948,    3.89601682,    4.38923959,    0.26224448,
       -108.32260589,   45.18278752,   53.8321371 , -113.17975482,
         25.62638535,  -82.17698065])
						array([1.21598815, 2.69826225, 1.95043082, 2.69832728, 2.26444549,
       2.78958103, 1.05304366, 0.26490475, 2.94662081, 1.087477  ])

 42.3746983217			array([   8.21877455,    1.85043336,    5.72737001,   -1.1035447 ,
       -111.29425466,   47.287641  ,   54.62223563, -113.27283473,
         26.24875343,  -82.11108164])
						array([0.91199112, 2.02369669, 1.46282312, 2.02374546, 1.69833411,
       2.09218577, 0.78978275, 0.19867856, 2.2099656 , 0.81560775])

 41.7107380881			array([ 9.90034360e+00,  7.01550849e+00,  5.39049614e+00,  9.38532514e-02,
       -1.10320221e+02,  4.88853264e+01,  5.35978957e+01, -1.13242592e+02,
        2.64839770e+01, -8.10871616e+01])
						array([1.21598815, 2.69826225, 1.95043082, 2.69832728, 2.26444549,
       2.78958103, 1.05304366, 0.26490475, 2.94662081, 1.087477  ])

 41.7947499507			array([  10.53897452,    4.114603  ,    4.46243761,    0.56019537,
       -109.79336146,   49.29054468,   53.22754736, -113.20581533,
         28.31770958,  -81.04917289])
						array([0.68399334, 1.51777252, 1.09711734, 1.5178091 , 1.27375059,
       1.56913933, 0.59233706, 0.14900892, 1.6574742 , 0.61170581])

 5.69784042673			array([  10.1172186 ,    5.02561727,    3.78688926,    1.86068169,
       -108.39963878,   46.16206612,   53.16016577, -112.97912959,
         27.53545038,  -80.67146383])
						array([0.512995  , 1.13832939, 0.822838  , 1.13835682, 0.95531294,
       1.1768545 , 0.44425279, 0.11175669, 1.24310565, 0.45877936])

 6.0444242508			array([  10.11105021,    5.06805824,    3.61315617,    1.6314648 ,
       -108.39346469,   46.26240466,   53.16331655, -112.97011201,
         27.45699101,  -80.71758651])
						array([0.06847657, 0.15194863, 0.10983561, 0.15195229, 0.12751888,
       0.15709111, 0.05930059, 0.01491772, 0.16593457, 0.06123965])

 1.58942642945			array([  10.10442631,    4.98531067,    3.7159982 ,    1.75255102,
       -108.56705001,   46.02172889,   53.17099049, -112.97169689,
         27.62254128,  -80.79748677])
						array([0.09130209, 0.20259817, 0.14644749, 0.20260306, 0.17002518,
       0.20945482, 0.07906745, 0.01989029, 0.2212461 , 0.08165287])

 2.13050450213			array([  10.09477051,    4.99458798,    3.68243731,    1.6967042 ,
       -108.53315626,   46.05482263,   53.21295622, -112.97673815,
         27.54698075,  -80.80302089])
						array([0.01624981, 0.03605812, 0.02606451, 0.03605899, 0.03026083,
       0.03727846, 0.01407231, 0.00354004, 0.03937705, 0.01453246])

 1.52272725616			array([  10.0901577 ,    5.00292337,    3.68576654,    1.73241006,
       -108.51520479,   46.062588  ,   53.20547442, -112.980981  ,
         27.56047772,  -80.80596997])
						array([0.01218736, 0.02704359, 0.01954838, 0.02704424, 0.02269562,
       0.02795884, 0.01055423, 0.00265503, 0.02953279, 0.01089934])

 2.08861697706			array([  10.07463993,    5.01034051,    3.69054307,    1.71762484,
       -108.533255  ,   46.05446122,   53.21006933, -112.97934816,
         27.58135415,  -80.78939983])
						array([0.01218736, 0.02704359, 0.01954838, 0.02704424, 0.02269562,
       0.02795884, 0.01055423, 0.00265503, 0.02953279, 0.01089934])

 2.1636595833			array([  10.08280664,    4.99392865,    3.72960834,    1.74711368,
       -108.49444388,   46.07343661,   53.22851813, -112.98341777,
         27.61952535,  -80.79603338])
						array([0.01624981, 0.03605812, 0.02606451, 0.03605899, 0.03026083,
       0.03727846, 0.01407231, 0.00354004, 0.03937705, 0.01453246])

 2.40069302153			array([  10.076622  ,    4.98247814,    3.71803398,    1.7184922 ,
       -108.51484922,   46.0667978 ,   53.23271619, -112.98159554,
         27.56734872,  -80.79365426])
						array([0.00685539, 0.01521202, 0.01099596, 0.01521239, 0.01276629,
       0.01572685, 0.00593675, 0.00149346, 0.01661219, 0.00613088])

 2.3724844004			array([  10.07554106,    4.97560308,    3.71722033,    1.72242721,
       -108.52068495,   46.0613917 ,   53.23907929, -112.98201798,
         27.5713784 ,  -80.79520782])
						array([0.00289212, 0.00641757, 0.00463892, 0.00641773, 0.00538578,
       0.00663476, 0.00250457, 0.00063005, 0.00700827, 0.00258647])

 2.32320687542			array([  10.07763269,    4.97678462,    3.71923517,    1.72510148,
       -108.51321578,   46.06602406,   53.24242394, -112.98194042,
         27.57199168,  -80.79354286])
						array([0.00289212, 0.00641757, 0.00463892, 0.00641773, 0.00538578,
       0.00663476, 0.00250457, 0.00063005, 0.00700827, 0.00258647])

 2.34109538231			array([  10.07364942,    4.98578602,    3.71739096,    1.72377617,
       -108.51589185,   46.05659139,   53.24400407, -112.98216203,
         27.58343257,  -80.78877331])
						array([0.00385616, 0.00855676, 0.00618523, 0.00855697, 0.00718104,
       0.00884635, 0.00333942, 0.00084007, 0.00934436, 0.00344862])

 2.39123743073			array([  10.07502535,    4.97969073,    3.71338456,    1.7165154 ,
       -108.53018004,   46.04069971,   53.23750501, -112.9812923 ,
         27.59511162,  -80.78992575])
						array([0.00685539, 0.01521202, 0.01099596, 0.01521239, 0.01276629,
       0.01572685, 0.00593675, 0.00149346, 0.01661219, 0.00613088])

 2.18716801503			array([  10.07517566,    4.96803736,    3.70031007,    1.80985628,
       -108.43016418,   46.04947644,   53.24363834, -112.98400523,
         27.65252959,  -80.80200039])
						array([0.03851807, 0.0854711 , 0.06178253, 0.08547316, 0.07172937,
       0.08836375, 0.03335658, 0.00839122, 0.0933382 , 0.0344473 ])

 1.52400016232			array([  10.09548319,    5.00788986,    3.67324955,    1.80569398,
       -108.36149536,   46.03572665,   53.2469875 , -112.98798734,
         27.5420751 ,  -80.8061519 ])
						array([0.01624981, 0.03605812, 0.02606451, 0.03605899, 0.03026083,
       0.03727846, 0.01407231, 0.00354004, 0.03937705, 0.01453246])

 2.34660854176			array([  10.0999071 ,    4.96197063,    3.68445868,    1.83673929,
       -108.37625127,   46.10575677,   53.25723107, -112.98692923,
         27.53151613,  -80.79749126])
						array([0.01624981, 0.03605812, 0.02606451, 0.03605899, 0.03026083,
       0.03727846, 0.01407231, 0.00354004, 0.03937705, 0.01453246])

 2.41490322648			array([  10.0944644 ,    4.94570666,    3.72736553,    1.78738226,
       -108.33051242,   46.06596994,   53.27165205, -112.98774216,
         27.54173486,  -80.78767459])
						array([0.02166641, 0.0480775 , 0.03475267, 0.04807866, 0.04034777,
       0.04970461, 0.01876308, 0.00472006, 0.05250274, 0.01937661])

 2.38523316083			array([  10.13506002,    4.96073475,    3.71271681,    1.82703011,
       -108.27616456,   45.99222564,   53.30329341, -112.98676985,
         27.61086119,  -80.81514092])
						array([0.02888855, 0.06410333, 0.0463369 , 0.06410487, 0.05379703,
       0.06627281, 0.02501744, 0.00629341, 0.07000365, 0.02583548])

 1.68091959726			array([  10.16083498,    4.98717739,    3.62531373,    1.74709314,
       -108.21596604,   45.83826752,   53.35468599, -112.98626496,
         27.59898049,  -80.81008116])
						array([0.09130209, 0.20259817, 0.14644749, 0.20260306, 0.17002518,
       0.20945482, 0.07906745, 0.01989029, 0.2212461 , 0.08165287])

 2.20192581548			array([  10.17225988,    5.01697116,    3.62285506,    1.80051991,
       -108.17207053,   45.80221283,   53.34137622, -112.99433357,
         27.63190896,  -80.84113063])
						array([0.01624981, 0.03605812, 0.02606451, 0.03605899, 0.03026083,
       0.03727846, 0.01407231, 0.00354004, 0.03937705, 0.01453246])

 2.46267662545			array([  10.15418267,    5.01908971,    3.60121403,    1.80476371,
       -108.17645353,   45.81414377,   53.36392714, -112.98899769,
         27.59683929,  -80.83685992])
						array([0.00914052, 0.02028269, 0.01466128, 0.02028318, 0.01702172,
       0.02096913, 0.00791567, 0.00199127, 0.02214959, 0.00817451])

 2.46898404325			array([  10.15326181,    5.01580438,    3.59418434,    1.79459682,
       -108.17317011,   45.79047483,   53.36882017, -112.98958328,
         27.59895848,  -80.83334807])
						array([0.00685539, 0.01521202, 0.01099596, 0.01521239, 0.01276629,
       0.01572685, 0.00593675, 0.00149346, 0.01661219, 0.00613088])

 2.20028596982			array([  10.15743564,    5.00330469,    3.6041616 ,    1.79639661,
       -108.17399148,   45.77122473,   53.36554895, -112.98806825,
         27.5871188 ,  -80.84811877])
						array([0.00914052, 0.02028269, 0.01466128, 0.02028318, 0.01702172,
       0.02096913, 0.00791567, 0.00199127, 0.02214959, 0.00817451])

 1.86286112066			array([  10.15496845,    5.00220368,    3.61157137,    1.78244784,
       -108.1720107 ,   45.76048623,   53.36341231, -112.98616874,
         27.58962494,  -80.83865837])
						array([0.01218736, 0.02704359, 0.01954838, 0.02704424, 0.02269562,
       0.02795884, 0.01055423, 0.00265503, 0.02953279, 0.01089934])

 1.69288280738			array([  10.16269676,    4.99501941,    3.62674811,    1.78532787,
       -108.19049189,   45.789699  ,   53.38839621, -112.98897515,
         27.60673532,  -80.84027338])
						array([0.01624981, 0.03605812, 0.02606451, 0.03605899, 0.03026083,
       0.03727846, 0.01407231, 0.00354004, 0.03937705, 0.01453246])

 2.01501094675			array([  10.17224147,    4.96033778,    3.68590526,    1.80246501,
       -108.16565182,   45.80254696,   53.39699305, -112.99300302,
         27.67019206,  -80.83901386])
						array([0.02166641, 0.0480775 , 0.03475267, 0.04807866, 0.04034777,
       0.04970461, 0.01876308, 0.00472006, 0.05250274, 0.01937661])

 2.46549167907			array([  10.16068387,    4.91653951,    3.68386048,    1.77000213,
       -108.14471394,   45.76944136,   53.37463613, -112.99301685,
         27.60276499,  -80.85223233])
						array([0.01218736, 0.02704359, 0.01954838, 0.02704424, 0.02269562,
       0.02795884, 0.01055423, 0.00265503, 0.02953279, 0.01089934])

 2.28634314104			array([  10.16214438,    4.92361028,    3.68195908,    1.773696  ,
       -108.16921384,   45.76866298,   53.35707851, -112.99447322,
         27.60890377,  -80.84243481])
						array([0.00685539, 0.01521202, 0.01099596, 0.01521239, 0.01276629,
       0.01572685, 0.00593675, 0.00149346, 0.01661219, 0.00613088])

 1.92549646628			array([  10.16412608,    4.93922389,    3.68004507,    1.77046091,
       -108.14803557,   45.76309208,   53.35953623, -112.99437862,
         27.58079936,  -80.8450518 ])
						array([0.00685539, 0.01521202, 0.01099596, 0.01521239, 0.01276629,
       0.01572685, 0.00593675, 0.00149346, 0.01661219, 0.00613088])

 1.82363505426			array([  10.17216842,    4.95108305,    3.67350286,    1.772511  ,
       -108.15633766,   45.76565042,   53.35768884, -112.99390043,
         27.56275792,  -80.83588313])
						array([0.00914052, 0.02028269, 0.01466128, 0.02028318, 0.01702172,
       0.02096913, 0.00791567, 0.00199127, 0.02214959, 0.00817451])

 1.99056831419			array([  10.16074482,    4.94730162,    3.70642802,    1.76233358,
       -108.12219457,   45.81527237,   53.35032174, -112.99665452,
         27.56691591,  -80.82748367])
						array([0.01624981, 0.03605812, 0.02606451, 0.03605899, 0.03026083,
       0.03727846, 0.01407231, 0.00354004, 0.03937705, 0.01453246])

 1.19272653956			array([  10.14370236,    4.97067752,    3.66956094,    1.7557013 ,
       -108.14280637,   45.83795495,   53.34458447, -113.00319076,
         27.51178633,  -80.83132882])
						array([0.02166641, 0.0480775 , 0.03475267, 0.04807866, 0.04034777,
       0.04970461, 0.01876308, 0.00472006, 0.05250274, 0.01937661])

 1.4239619144			array([  10.09857349,    4.98976764,    3.70147166,    1.74727657,
       -108.18104583,   45.76631475,   53.35072219, -113.00520309,
         27.50923429,  -80.85542362])
						array([0.02888855, 0.06410333, 0.0463369 , 0.06410487, 0.05379703,
       0.06627281, 0.02501744, 0.00629341, 0.07000365, 0.02583548])

 1.33402978316			array([  10.1059586 ,    4.96002271,    3.68240332,    1.77493131,
       -108.19164912,   45.84509542,   53.33940042, -113.00419419,
         27.56009323,  -80.85574092])
						array([0.01218736, 0.02704359, 0.01954838, 0.02704424, 0.02269562,
       0.02795884, 0.01055423, 0.00265503, 0.02953279, 0.01089934])

 1.49198749249			array([  10.10972871,    5.0077146 ,    3.68139706,    1.72199667,
       -108.22493706,   45.89113453,   53.33801646, -113.00469994,
         27.56113746,  -80.86997055])
						array([0.00685539, 0.01521202, 0.01099596, 0.01521239, 0.01276629,
       0.01572685, 0.00593675, 0.00149346, 0.01661219, 0.00613088])

 1.37417448905			array([  10.12129842,    5.0034739 ,    3.67936544,    1.72495531,
       -108.2215914 ,   45.89290916,   53.33864312, -113.00542985,
         27.55910427,  -80.86208947])
						array([0.00514154, 0.01140902, 0.00824697, 0.01140929, 0.00957472,
       0.01179514, 0.00445257, 0.00112009, 0.01245915, 0.00459816])

 1.4294580539			array([  10.12412579,    5.01169768,    3.67824633,    1.72413954,
       -108.22209804,   45.90082721,   53.33619155, -113.00514932,
         27.55928288,  -80.85978731])
						array([0.00685539, 0.01521202, 0.01099596, 0.01521239, 0.01276629,
       0.01572685, 0.00593675, 0.00149346, 0.01661219, 0.00613088])

 1.43805108727			array([  10.13237506,    5.02941859,    3.673101  ,    1.73757995,
       -108.21319407,   45.91953366,   53.32742561, -113.00691829,
         27.53120403,  -80.85781218])
						array([0.00914052, 0.02028269, 0.01466128, 0.02028318, 0.01702172,
       0.02096913, 0.00791567, 0.00199127, 0.02214959, 0.00817451])

 1.09057633109			array([  10.1157994 ,    4.98942421,    3.6716931 ,    1.74573788,
       -108.21839155,   45.90476322,   53.3229164 , -113.00965175,
         27.5415117 ,  -80.85256838])
						array([0.01218736, 0.02704359, 0.01954838, 0.02704424, 0.02269562,
       0.02795884, 0.01055423, 0.00265503, 0.02953279, 0.01089934])

 1.27889813846			array([  10.11796999,    4.99355025,    3.63128274,    1.75303881,
       -108.26282251,   45.88722699,   53.32456287, -113.00536939,
         27.52100389,  -80.86782058])
						array([0.02166641, 0.0480775 , 0.03475267, 0.04807866, 0.04034777,
       0.04970461, 0.01876308, 0.00472006, 0.05250274, 0.01937661])

 1.38554345226			array([  10.12125229,    5.02556428,    3.69638071,    1.76230147,
       -108.2993506 ,   45.9760738 ,   53.34658107, -113.0045474 ,
         27.60354923,  -80.86748524])
						array([0.03851807, 0.0854711 , 0.06178253, 0.08547316, 0.07172937,
       0.08836375, 0.03335658, 0.00839122, 0.0933382 , 0.0344473 ])

 1.30615140551			array([  10.12818785,    5.0056596 ,    3.6477342 ,    1.79743012,
       -108.33498166,   45.99229266,   53.36127376, -113.00703883,
         27.66041295,  -80.88042261])
						array([0.01624981, 0.03605812, 0.02606451, 0.03605899, 0.03026083,
       0.03727846, 0.01407231, 0.00354004, 0.03937705, 0.01453246])

 1.05854933102			array([  10.12040439,    4.99699439,    3.65311082,    1.77587968,
       -108.33376495,   46.00084582,   53.35993751, -113.00704845,
         27.66353169,  -80.87653795])
						array([0.00385616, 0.00855676, 0.00618523, 0.00855697, 0.00718104,
       0.00884635, 0.00333942, 0.00084007, 0.00934436, 0.00344862])

 1.04248036227			array([  10.1214788 ,    4.99231961,    3.65364265,    1.77355488,
       -108.33317153,   46.00680246,   53.36028744, -113.00703762,
         27.67902875,  -80.88285285])
						array([0.00385616, 0.00855676, 0.00618523, 0.00855697, 0.00718104,
       0.00884635, 0.00333942, 0.00084007, 0.00934436, 0.00344862])

 1.20280360694			array([  10.12088179,    4.98147009,    3.65120544,    1.79146457,
       -108.33863999,   46.00432271,   53.35502522, -113.00827208,
         27.68379623,  -80.87496069])
						array([0.00514154, 0.01140902, 0.00824697, 0.01140929, 0.00957472,
       0.01179514, 0.00445257, 0.00112009, 0.01245915, 0.00459816])

 1.23824604272			array([  10.11532094,    4.98018991,    3.64229378,    1.78571662,
       -108.3414864 ,   45.98342821,   53.35109904, -113.00932697,
         27.69507111,  -80.87367806])
						array([0.00685539, 0.01521202, 0.01099596, 0.01521239, 0.01276629,
       0.01572685, 0.00593675, 0.00149346, 0.01661219, 0.00613088])

 1.1470092325			array([  10.1089377 ,    4.96983258,    3.66091499,    1.76601781,
       -108.35909806,   45.96203681,   53.35441617, -113.00961003,
         27.68982001,  -80.88676364])
						array([0.01218736, 0.02704359, 0.01954838, 0.02704424, 0.02269562,
       0.02795884, 0.01055423, 0.00265503, 0.02953279, 0.01089934])

 1.17883767426			array([  10.0939242 ,    4.98721215,    3.67186895,    1.7652567 ,
       -108.33502876,   45.98073973,   53.36907076, -113.01397273,
         27.63649664,  -80.88594211])
						array([0.01624981, 0.03605812, 0.02606451, 0.03605899, 0.03026083,
       0.03727846, 0.01407231, 0.00354004, 0.03937705, 0.01453246])

 1.34558128529			array([  10.08903302,    5.00736513,    3.68282641,    1.75488304,
       -108.33160779,   45.94686978,   53.36904409, -113.01517283,
         27.65342226,  -80.89437199])
						array([0.00914052, 0.02028269, 0.01466128, 0.02028318, 0.01702172,
       0.02096913, 0.00791567, 0.00199127, 0.02214959, 0.00817451])

 1.41471539706			array([  10.08880227,    5.02111558,    3.67423465,    1.75777404,
       -108.33569521,   45.93869584,   53.36617464, -113.01499923,
         27.64573412,  -80.88979407])
						array([0.00514154, 0.01140902, 0.00824697, 0.01140929, 0.00957472,
       0.01179514, 0.00445257, 0.00112009, 0.01245915, 0.00459816])

 1.39261936389			array([  10.08514512,    4.99237832,    3.68614626,    1.75260053,
       -108.33506866,   45.94917173,   53.37298963, -113.01342825,
         27.63586834,  -80.88385061])
						array([0.00514154, 0.01140902, 0.00824697, 0.01140929, 0.00957472,
       0.01179514, 0.00445257, 0.00112009, 0.01245915, 0.00459816])

 1.44490540376			array([  10.08345689,    4.99830691,    3.68846246,    1.75236979,
       -108.33131269,   45.96325549,   53.37548136, -113.01458418,
         27.6384854 ,  -80.87344961])
						array([0.00685539, 0.01521202, 0.01099596, 0.01521239, 0.01276629,
       0.01572685, 0.00593675, 0.00149346, 0.01661219, 0.00613088])

 1.40242023619			array([  10.09475942,    4.98884206,    3.69932833,    1.75299733,
       -108.31897014,   45.9826942 ,   53.37623031, -113.01477659,
         27.63666241,  -80.86204367])
						array([0.00514154, 0.01140902, 0.00824697, 0.01140929, 0.00957472,
       0.01179514, 0.00445257, 0.00112009, 0.01245915, 0.00459816])

 1.33435170644			array([  10.09680266,    5.00137087,    3.69484774,    1.75382732,
       -108.31642825,   45.99862791,   53.3800477 , -113.01506451,
         27.62831462,  -80.86695316])
						array([0.00289212, 0.00641757, 0.00463892, 0.00641773, 0.00538578,
       0.00663476, 0.00250457, 0.00063005, 0.00700827, 0.00258647])

 1.43967898508			array([  10.09742972,    4.9986849 ,    3.69857801,    1.74272176,
       -108.31852761,   45.99465263,   53.38211745, -113.01482743,
         27.62405044,  -80.86841634])
						array([0.00289212, 0.00641757, 0.00463892, 0.00641773, 0.00538578,
       0.00663476, 0.00250457, 0.00063005, 0.00700827, 0.00258647])

 1.31334303793			array([  10.10065289,    4.99822269,    3.69128173,    1.74419301,
       -108.3117591 ,   45.99486358,   53.38153239, -113.01575653,
         27.62714432,  -80.87010708])
						array([0.00385616, 0.00855676, 0.00618523, 0.00855697, 0.00718104,
       0.00884635, 0.00333942, 0.00084007, 0.00934436, 0.00344862])

 1.4097607841			array([  10.10048965,    4.9965589 ,    3.69079475,    1.73426609,
       -108.31020107,   45.99183093,   53.38276991, -113.01543035,
         27.6316237 ,  -80.86453368])
						array([0.00514154, 0.01140902, 0.00824697, 0.01140929, 0.00957472,
       0.01179514, 0.00445257, 0.00112009, 0.01245915, 0.00459816])

 1.37637498113			array([  10.11173339,    4.97911766,    3.67296101,    1.72581814,
       -108.29242602,   45.98233724,   53.38716644, -113.01574968,
         27.60658542,  -80.86749094])
						array([0.00914052, 0.02028269, 0.01466128, 0.02028318, 0.01702172,
       0.02096913, 0.00791567, 0.00199127, 0.02214959, 0.00817451])

 1.29608540978			array([  10.10355036,    4.96890315,    3.67910526,    1.74537398,
       -108.26661226,   45.98576108,   53.37527302, -113.01461212,
         27.59393367,  -80.86119546])
						array([0.00685539, 0.01521202, 0.01099596, 0.01521239, 0.01276629,
       0.01572685, 0.00593675, 0.00149346, 0.01661219, 0.00613088])

 1.43679505514			array([  10.09424821,    4.96766086,    3.65783977,    1.73947518,
       -108.24636032,   45.98489505,   53.37597231, -113.01437261,
         27.60048516,  -80.86392742])
						array([0.00514154, 0.01140902, 0.00824697, 0.01140929, 0.00957472,
       0.01179514, 0.00445257, 0.00112009, 0.01245915, 0.00459816])

 1.42780778326			array([  10.09122949,    4.96365428,    3.66465449,    1.74809115,
       -108.23019495,   45.99206846,   53.37600923, -113.01409916,
         27.58600141,  -80.86210273])
						array([0.00385616, 0.00855676, 0.00618523, 0.00855697, 0.00718104,
       0.00884635, 0.00333942, 0.00084007, 0.00934436, 0.00344862])

 1.36660836595			array([  10.10006793,    4.9605406 ,    3.66499057,    1.74832623,
       -108.23455861,   46.01305274,   53.37787073, -113.01299587,
         27.59344138,  -80.85815157])
						array([0.00514154, 0.01140902, 0.00824697, 0.01140929, 0.00957472,
       0.01179514, 0.00445257, 0.00112009, 0.01245915, 0.00459816])

 1.29593752346			array([  10.10906005,    4.98726407,    3.65555589,    1.73135137,
       -108.25804694,   46.02753968,   53.38156639, -113.01657385,
         27.60865216,  -80.87465481])
						array([0.01218736, 0.02704359, 0.01954838, 0.02704424, 0.02269562,
       0.02795884, 0.01055423, 0.00265503, 0.02953279, 0.01089934])

 1.43930481499			array([  10.09289206,    4.99087099,    3.66732304,    1.72923491,
       -108.24467939,   46.01270334,   53.31590225, -112.99791737,
         27.7078823 ,  -80.88657764])
						array([0.05135743, 0.11396147, 0.08237671, 0.11396422, 0.09563916,
       0.11781833, 0.04447544, 0.01118829, 0.12445093, 0.04592974])

 1.48245283528			array([  10.10027797,    5.03641355,    3.67189017,    1.76627444,
       -108.25361839,   46.0455453 ,   53.31609135, -112.99931422,
         27.72351702,  -80.8794576 ])
						array([0.00914052, 0.02028269, 0.01466128, 0.02028318, 0.01702172,
       0.02096913, 0.00791567, 0.00199127, 0.02214959, 0.00817451])

 1.45424811668			array([  10.09935686,    5.03390711,    3.67295795,    1.76193489,
       -108.2503076 ,   46.04642567,   53.31516517, -113.00011462,
         27.72563595,  -80.88017754])
						array([0.00122011, 0.00270741, 0.00195705, 0.00270748, 0.00227212,
       0.00279904, 0.00105661, 0.0002658 , 0.00295661, 0.00109116])

 1.43527840191			array([  10.0992308 ,    5.03289483,    3.67208692,    1.76405634,
       -108.25043041,   46.04442296,   53.31589318, -112.99992422,
         27.72553605,  -80.87900118])
						array([0.00122011, 0.00270741, 0.00195705, 0.00270748, 0.00227212,
       0.00279904, 0.00105661, 0.0002658 , 0.00295661, 0.00109116])

 1.4072238939			array([  10.09846289,    5.03073785,    3.67015954,    1.7679544 ,
       -108.24783945,   46.04670255,   53.31575316, -113.00035012,
         27.72700968,  -80.8793132 ])
						array([0.00162682, 0.00360988, 0.00260939, 0.00360997, 0.0030295 ,
       0.00373206, 0.00140882, 0.0003544 , 0.00394215, 0.00145489])

 1.4408897912			array([  10.09888613,    5.03315772,    3.67132725,    1.76587554,
       -108.24805924,   46.0460953 ,   53.31428315, -113.00063656,
         27.72130293,  -80.87983687])
						array([0.00216909, 0.00481318, 0.00347919, 0.00481329, 0.00403933,
       0.00497607, 0.00187843, 0.00047254, 0.0052562 , 0.00193985])

 1.44670635155			array([  10.10181119,    5.03478976,    3.67062494,    1.75929523,
       -108.24163795,   46.04240507,   53.31492301, -113.00089856,
         27.71601848,  -80.88350777])
						array([0.00385616, 0.00855676, 0.00618523, 0.00855697, 0.00718104,
       0.00884635, 0.00333942, 0.00084007, 0.00934436, 0.00344862])

 1.21446776635			array([  10.10515641,    5.01988402,    3.67185593,    1.76846949,
       -108.24278398,   46.07149063,   53.30020345, -113.00372323,
         27.73161126,  -80.86541314])
						array([0.01218736, 0.02704359, 0.01954838, 0.02704424, 0.02269562,
       0.02795884, 0.01055423, 0.00265503, 0.02953279, 0.01089934])

 1.21517869834			array([  10.1101282 ,    5.0178193 ,    3.65882801,    1.7498534 ,
       -108.22974756,   46.04821989,   53.26426882, -113.00564241,
         27.73380383,  -80.86959306])
						array([0.02166641, 0.0480775 , 0.03475267, 0.04807866, 0.04034777,
       0.04970461, 0.01876308, 0.00472006, 0.05250274, 0.01937661])

 1.30719192894			array([  10.11222916,    5.01677448,    3.6667755 ,    1.73588903,
       -108.22214046,   46.06983369,   53.27526893, -113.00731067,
         27.72232186,  -80.88291966])
						array([0.00914052, 0.02028269, 0.01466128, 0.02028318, 0.01702172,
       0.02096913, 0.00791567, 0.00199127, 0.02214959, 0.00817451])

 1.23748213493			array([  10.1301627 ,    5.01099009,    3.65488291,    1.73885061,
       -108.19493227,   46.08801947,   53.28522293, -113.00572031,
         27.72450356,  -80.88975556])
						array([0.00685539, 0.01521202, 0.01099596, 0.01521239, 0.01276629,
       0.01572685, 0.00593675, 0.00149346, 0.01661219, 0.00613088])

 1.01184120312			array([  10.12824962,    4.99019663,    3.65958686,    1.76783586,
       -108.19363929,   46.06019354,   53.27638353, -113.00515808,
         27.73979052,  -80.90106715])
						array([0.00685539, 0.01521202, 0.01099596, 0.01521239, 0.01276629,
       0.01572685, 0.00593675, 0.00149346, 0.01661219, 0.00613088])

 1.07668459328			array([  10.13234534,    4.99407245,    3.64881597,    1.76900526,
       -108.19579324,   46.04041512,   53.26211261, -113.00642107,
         27.72819547,  -80.89905543])
						array([0.00914052, 0.02028269, 0.01466128, 0.02028318, 0.01702172,
       0.02096913, 0.00791567, 0.00199127, 0.02214959, 0.00817451])

 1.15119663297			array([  10.12437634,    4.983238  ,    3.6427631 ,    1.75416183,
       -108.18780555,   46.0547175 ,   53.25508973, -113.00333056,
         27.74209204,  -80.89166686])
						array([0.01218736, 0.02704359, 0.01954838, 0.02704424, 0.02269562,
       0.02795884, 0.01055423, 0.00265503, 0.02953279, 0.01089934])

 1.30856476346			array([  10.12689925,    4.9756316 ,    3.67656524,    1.73101653,
       -108.22456491,   46.03916353,   53.24839953, -113.00305797,
         27.798862  ,  -80.8854819 ])
						array([0.01624981, 0.03605812, 0.02606451, 0.03605899, 0.03026083,
       0.03727846, 0.01407231, 0.00354004, 0.03937705, 0.01453246])

 1.24578481688			array([  10.1149752 ,    4.98366687,    3.68457243,    1.73727853,
       -108.24289685,   46.05526992,   53.25376334, -113.00032526,
         27.7500303 ,  -80.87852941])
						array([0.00685539, 0.01521202, 0.01099596, 0.01521239, 0.01276629,
       0.01572685, 0.00593675, 0.00149346, 0.01661219, 0.00613088])

 1.19854529653			array([  10.12051721,    4.98958548,    3.67540189,    1.73486365,
       -108.23111386,   46.0484209 ,   53.2561366 , -112.99485667,
         27.7551921 ,  -80.87645236])
						array([0.00514154, 0.01140902, 0.00824697, 0.01140929, 0.00957472,
       0.01179514, 0.00445257, 0.00112009, 0.01245915, 0.00459816])

 1.32199909301			array([  10.12396641,    4.98794491,    3.67364978,    1.72561911,
       -108.22203294,   46.05592985,   53.26122132, -112.99432202,
         27.73428161,  -80.87778913])
						array([0.00514154, 0.01140902, 0.00824697, 0.01140929, 0.00957472,
       0.01179514, 0.00445257, 0.00112009, 0.01245915, 0.00459816])

 1.34620329674			array([  10.11567515,    5.00796401,    3.67479239,    1.72777769,
       -108.20166093,   46.04919032,   53.25692344, -112.9947476 ,
         27.75115871,  -80.87292109])
						array([0.00685539, 0.01521202, 0.01099596, 0.01521239, 0.01276629,
       0.01572685, 0.00593675, 0.00149346, 0.01661219, 0.00613088])

 1.36961095308			array([  10.10227921,    4.99615833,    3.6760577 ,    1.72873917,
       -108.2122485 ,   46.05976036,   53.24997896, -112.99321462,
         27.74500439,  -80.86445533])
						array([0.00914052, 0.02028269, 0.01466128, 0.02028318, 0.01702172,
       0.02096913, 0.00791567, 0.00199127, 0.02214959, 0.00817451])

 1.46211748624			array([  10.10134617,    5.03219307,    3.68452337,    1.76454771,
       -108.1808569 ,   46.01679048,   53.23796744, -113.00034857,
         27.77044311,  -80.87267888])
						array([0.02166641, 0.0480775 , 0.03475267, 0.04807866, 0.04034777,
       0.04970461, 0.01876308, 0.00472006, 0.05250274, 0.01937661])

 1.45695704085			array([  10.09770292,    5.02242633,    3.69451386,    1.76919341,
       -108.17808006,   46.01507999,   53.23788219, -112.99998587,
         27.76360083,  -80.87117589])
						array([0.00289212, 0.00641757, 0.00463892, 0.00641773, 0.00538578,
       0.00663476, 0.00250457, 0.00063005, 0.00700827, 0.00258647])

 1.49765933427			array([  10.0970958 ,    5.02519887,    3.69475693,    1.7672877 ,
       -108.1763108 ,   46.01173737,   53.24123093, -112.99933112,
         27.74918734,  -80.87100851])
						array([0.00216909, 0.00481318, 0.00347919, 0.00481329, 0.00403933,
       0.00497607, 0.00187843, 0.00047254, 0.0052562 , 0.00193985])

 1.44166210025			array([  10.09761262,    5.02203512,    3.69361808,    1.76339255,
       -108.18721457,   46.01152319,   53.24047012, -112.99969916,
         27.75150223,  -80.87082522])
						array([0.00216909, 0.00481318, 0.00347919, 0.00481329, 0.00403933,
       0.00497607, 0.00187843, 0.00047254, 0.0052562 , 0.00193985])

 1.42442614883			array([  10.09858502,    5.01837822,    3.69654182,    1.76625945,
       -108.18187932,   46.00833538,   53.24093793, -112.99945489,
         27.75430137,  -80.86896042])
						array([0.00289212, 0.00641757, 0.00463892, 0.00641773, 0.00538578,
       0.00663476, 0.00250457, 0.00063005, 0.00700827, 0.00258647])

 1.37648801757			array([  10.10409122,    5.02239513,    3.69256421,    1.76404381,
       -108.17944352,   46.01793257,   53.24020986, -112.99946996,
         27.74105565,  -80.86940366])
						array([0.00385616, 0.00855676, 0.00618523, 0.00855697, 0.00718104,
       0.00884635, 0.00333942, 0.00084007, 0.00934436, 0.00344862])

 1.35239571426			array([  10.10126854,    5.01787649,    3.68851548,    1.77965236,
       -108.18776926,   46.02145493,   53.23906271, -113.00131015,
         27.73919769,  -80.86925301])
						array([0.00514154, 0.01140902, 0.00824697, 0.01140929, 0.00957472,
       0.01179514, 0.00445257, 0.00112009, 0.01245915, 0.00459816])

 1.22949404249			array([  10.10649509,    5.02182593,    3.67293909,    1.76878176,
       -108.18585489,   46.03770478,   53.22372503, -113.00172951,
         27.75259578,  -80.86703329])
						array([0.00914052, 0.02028269, 0.01466128, 0.02028318, 0.01702172,
       0.02096913, 0.00791567, 0.00199127, 0.02214959, 0.00817451])

 1.14424479096			array([  10.11057703,    4.99949732,    3.67498742,    1.7437074 ,
       -108.18551429,   46.00245031,   53.21074335, -113.00191664,
         27.76763271,  -80.86375861])
						array([0.01624981, 0.03605812, 0.02606451, 0.03605899, 0.03026083,
       0.03727846, 0.01407231, 0.00354004, 0.03937705, 0.01453246])

 1.48929944123			array([  10.09819702,    5.02870375,    3.68816794,    1.7551355 ,
       -108.14018482,   46.04019133,   53.19534378, -112.99978182,
         27.82273481,  -80.86265469])
						array([0.01218736, 0.02704359, 0.01954838, 0.02704424, 0.02269562,
       0.02795884, 0.01055423, 0.00265503, 0.02953279, 0.01089934])

 1.27990509995			array([  10.1005789 ,    5.01511171,    3.68170937,    1.77910987,
       -108.13458407,   46.06385397,   53.20346126, -113.00096075,
         27.7853578 ,  -80.87460882])
						array([0.00685539, 0.01521202, 0.01099596, 0.01521239, 0.01276629,
       0.01572685, 0.00593675, 0.00149346, 0.01661219, 0.00613088])

 1.34556364327			array([  10.09842134,    5.01600547,    3.68916377,    1.77518763,
       -108.11267317,   46.06482474,   53.20196346, -113.00001906,
         27.77418472,  -80.8810071 ])
						array([0.00685539, 0.01521202, 0.01099596, 0.01521239, 0.01276629,
       0.01572685, 0.00593675, 0.00149346, 0.01661219, 0.00613088])

 1.42134512489			array([  10.10493832,    5.00739574,    3.70401344,    1.77966897,
       -108.11563624,   46.07584535,   53.1985085 , -112.99868608,
         27.78023676,  -80.8804585 ])
						array([0.00914052, 0.02028269, 0.01466128, 0.02028318, 0.01702172,
       0.02096913, 0.00791567, 0.00199127, 0.02214959, 0.00817451])

 1.44281171511			array([  10.09997438,    4.975425  ,    3.69716038,    1.78739796,
       -108.13719638,   46.08625464,   53.1975431 , -113.00005106,
         27.81118201,  -80.910136  ])
						array([0.02888855, 0.06410333, 0.0463369 , 0.06410487, 0.05379703,
       0.06627281, 0.02501744, 0.00629341, 0.07000365, 0.02583548])

 1.46855198222			array([  10.09096104,    4.9822913 ,    3.69344625,    1.7428056 ,
       -108.12214582,   46.05120536,   53.19140656, -112.99812697,
         27.81790086,  -80.90715282])
						array([0.00685539, 0.01521202, 0.01099596, 0.01521239, 0.01276629,
       0.01572685, 0.00593675, 0.00149346, 0.01661219, 0.00613088])

 1.36805282434			array([  10.09135592,    5.00572941,    3.68803721,    1.75032725,
       -108.1172297 ,   46.04764608,   53.19506649, -112.99672867,
         27.82175186,  -80.91151594])
						array([0.00385616, 0.00855676, 0.00618523, 0.00855697, 0.00718104,
       0.00884635, 0.00333942, 0.00084007, 0.00934436, 0.00344862])

 1.38477175438			array([  10.09116255,    5.00469249,    3.68947301,    1.74922186,
       -108.10694714,   46.03950794,   53.19088737, -112.99560703,
         27.81777724,  -80.9118455 ])
						array([0.00385616, 0.00855676, 0.00618523, 0.00855697, 0.00718104,
       0.00884635, 0.00333942, 0.00084007, 0.00934436, 0.00344862])

 1.28882560925			array([  10.0937804 ,    4.99688077,    3.68655291,    1.75162169,
       -108.09413702,   46.0269306 ,   53.18885223, -112.99635743,
         27.82067085,  -80.9135867 ])
						array([0.00514154, 0.01140902, 0.00824697, 0.01140929, 0.00957472,
       0.01179514, 0.00445257, 0.00112009, 0.01245915, 0.00459816])

 1.37804000576			array([  10.09767822,    5.00218126,    3.66172881,    1.73140281,
       -108.09677094,   46.05805647,   53.1847902 , -112.99868972,
         27.83809517,  -80.91253041])
						array([0.01218736, 0.02704359, 0.01954838, 0.02704424, 0.02269562,
       0.02795884, 0.01055423, 0.00265503, 0.02953279, 0.01089934])

 1.18557440988			array([  10.09839804,    5.00270469,    3.65255333,    1.75950937,
       -108.09569589,   46.0404961 ,   53.19326662, -112.99695836,
         27.81935095,  -80.90639137])
						array([0.01624981, 0.03605812, 0.02606451, 0.03605899, 0.03026083,
       0.03727846, 0.01407231, 0.00354004, 0.03937705, 0.01453246])

 1.40986275861			array([  10.09525435,    4.99077023,    3.64800816,    1.79624683,
       -108.05627235,   46.00818907,   53.20815642, -112.99824065,
         27.81641252,  -80.91767564])
						array([0.02166641, 0.0480775 , 0.03475267, 0.04807866, 0.04034777,
       0.04970461, 0.01876308, 0.00472006, 0.05250274, 0.01937661])

 1.49870066144			array([  10.10001514,    4.966097  ,    3.63565529,    1.78347595,
       -108.09125837,   45.95872784,   53.18615373, -112.99986718,
         27.8170686 ,  -80.93176377])
						array([0.00914052, 0.02028269, 0.01466128, 0.02028318, 0.01702172,
       0.02096913, 0.00791567, 0.00199127, 0.02214959, 0.00817451])

 1.43816818496			array([  10.10494803,    4.96903697,    3.63196656,    1.77697645,
       -108.08782964,   45.96839897,   53.1855561 , -112.99915615,
         27.81320332,  -80.93492254])
						array([0.00289212, 0.00641757, 0.00463892, 0.00641773, 0.00538578,
       0.00663476, 0.00250457, 0.00063005, 0.00700827, 0.00258647])

 1.29770017547			array([  10.10736774,    4.9794073 ,    3.63501525,    1.77504129,
       -108.08012614,   45.97696687,   53.18530505, -112.999679  ,
         27.79581116,  -80.93894372])
						array([0.00289212, 0.00641757, 0.00463892, 0.00641773, 0.00538578,
       0.00663476, 0.00250457, 0.00063005, 0.00700827, 0.00258647])

 1.30191822834			array([  10.10621127,    4.98080419,    3.63410331,    1.77264989,
       -108.09100297,   45.97875986,   53.18177824, -113.00047713,
         27.79784082,  -80.93787394])
						array([0.00385616, 0.00855676, 0.00618523, 0.00855697, 0.00718104,
       0.00884635, 0.00333942, 0.00084007, 0.00934436, 0.00344862])

 1.35049463212			array([  10.10696654,    4.97521593,    3.64513788,    1.79289254,
       -108.09381118,   45.98438917,   53.18968234, -113.00138338,
         27.78967865,  -80.93360479])
						array([0.00514154, 0.01140902, 0.00824697, 0.01140929, 0.00957472,
       0.01179514, 0.00445257, 0.00112009, 0.01245915, 0.00459816])

 1.28614957762			array([  10.12004028,    4.97992027,    3.63575153,    1.78388663,
       -108.10016577,   46.00816201,   53.18784566, -112.99963261,
         27.77147159,  -80.92454411])
						array([0.00914052, 0.02028269, 0.01466128, 0.02028318, 0.01702172,
       0.02096913, 0.00791567, 0.00199127, 0.02214959, 0.00817451])

 1.21838228784			array([  10.12136476,    5.00602642,    3.67887858,    1.7936709 ,
       -108.14413113,   45.97763268,   53.18677656, -112.99934793,
         27.73047427,  -80.91772538])
						array([0.02166641, 0.0480775 , 0.03475267, 0.04807866, 0.04034777,
       0.04970461, 0.01876308, 0.00472006, 0.05250274, 0.01937661])

 1.22044830349			array([  10.11913377,    4.9807923 ,    3.67610504,    1.79526091,
       -108.13655625,   46.02249652,   53.176252  , -112.99565632,
         27.70917538,  -80.90733986])
						array([0.02888855, 0.06410333, 0.0463369 , 0.06410487, 0.05379703,
       0.06627281, 0.02501744, 0.00629341, 0.07000365, 0.02583548])

 1.4382346325			array([  10.12508461,    4.99349877,    3.66748416,    1.81283308,
       -108.18533518,   45.97915343,   53.18569186, -112.99384677,
         27.71195577,  -80.91454642])
						array([0.00914052, 0.02028269, 0.01466128, 0.02028318, 0.01702172,
       0.02096913, 0.00791567, 0.00199127, 0.02214959, 0.00817451])

 1.14212114029			array([  10.11593845,    4.98362758,    3.65228236,    1.7853523 ,
       -108.21951145,   45.97781015,   53.19298225, -112.99364512,
         27.70423328,  -80.90779837])
						array([0.00685539, 0.01521202, 0.01099596, 0.01521239, 0.01276629,
       0.01572685, 0.00593675, 0.00149346, 0.01661219, 0.00613088])

 1.13870487339			array([  10.11675886,    4.97524784,    3.65585086,    1.78151574,
       -108.19108952,   45.95729422,   53.18286213, -112.9911256 ,
         27.68729956,  -80.90448744])
						array([0.00685539, 0.01521202, 0.01099596, 0.01521239, 0.01276629,
       0.01572685, 0.00593675, 0.00149346, 0.01661219, 0.00613088])

 1.32833664627			array([  10.11558153,    4.95765939,    3.66429793,    1.78514149,
       -108.19343678,   45.96360429,   53.17963788, -112.9943497 ,
         27.68469699,  -80.9122696 ])
						array([0.00914052, 0.02028269, 0.01466128, 0.02028318, 0.01702172,
       0.02096913, 0.00791567, 0.00199127, 0.02214959, 0.00817451])

 1.43299497088			array([  10.11261431,    4.97141856,    3.67575728,    1.80497106,
       -108.22138514,   45.9475619 ,   53.17637439, -112.99276793,
         27.69911572,  -80.896544  ])
						array([0.01218736, 0.02704359, 0.01954838, 0.02704424, 0.02269562,
       0.02795884, 0.01055423, 0.00265503, 0.02953279, 0.01089934])

 1.18311381506			array([  10.14667313,    5.00044261,    3.65824846,    1.74870427,
       -108.03847473,   46.17252764,   53.18444064, -112.98877175,
         27.48734264,  -80.89860707])
						array([0.03851807, 0.0854711 , 0.06178253, 0.08547316, 0.07172937,
       0.08836375, 0.03335658, 0.00839122, 0.0933382 , 0.0344473 ])

 1.40525394684			array([  10.15178662,    5.02668441,    3.67649044,    1.77027022,
       -108.01946929,   46.17630099,   53.17508921, -112.99257265,
         27.48556955,  -80.89231632])
						array([0.00514154, 0.01140902, 0.00824697, 0.01140929, 0.00957472,
       0.01179514, 0.00445257, 0.00112009, 0.01245915, 0.00459816])

 1.48224644211			array([  10.1566351 ,    5.02140101,    3.68986988,    1.7668627 ,
       -108.01338918,   46.16750172,   53.17464446, -112.99105621,
         27.46850215,  -80.89559043])
						array([0.00514154, 0.01140902, 0.00824697, 0.01140929, 0.00957472,
       0.01179514, 0.00445257, 0.00112009, 0.01245915, 0.00459816])

 1.44672393769			array([  10.14472131,    5.01980225,    3.69939555,    1.77061001,
       -108.01465971,   46.18181765,   53.17288885, -112.99240844,
         27.48439302,  -80.88603544])
						array([0.00685539, 0.01521202, 0.01099596, 0.01521239, 0.01276629,
       0.01572685, 0.00593675, 0.00149346, 0.01661219, 0.00613088])

 1.32286532293			array([  10.13374202,    5.02585907,    3.68560633,    1.75564148,
       -108.03082193,   46.15974494,   53.16770783, -112.9914613 ,
         27.48725602,  -80.89022366])
						array([0.01218736, 0.02704359, 0.01954838, 0.02704424, 0.02269562,
       0.02795884, 0.01055423, 0.00265503, 0.02953279, 0.01089934])

 1.39579657836			array([  10.14492946,    5.01652393,    3.68337285,    1.73864968,
       -108.02255043,   46.16553219,   53.17133687, -112.98907127,
         27.50044574,  -80.89300378])
						array([0.00514154, 0.01140902, 0.00824697, 0.01140929, 0.00957472,
       0.01179514, 0.00445257, 0.00112009, 0.01245915, 0.00459816])

 1.32032118615			array([  10.14787083,    5.00372249,    3.66667254,    1.73499333,
       -108.0251073 ,   46.16119737,   53.17126046, -112.98965696,
         27.50528041,  -80.88843486])
						array([0.00385616, 0.00855676, 0.00618523, 0.00855697, 0.00718104,
       0.00884635, 0.00333942, 0.00084007, 0.00934436, 0.00344862])

 1.38290021583			array([  10.15295565,    5.00775441,    3.66657783,    1.7360402 ,
       -108.02146139,   46.17898391,   53.16417403, -112.98903132,
         27.49148745,  -80.88437945])
						array([0.00385616, 0.00855676, 0.00618523, 0.00855697, 0.00718104,
       0.00884635, 0.00333942, 0.00084007, 0.00934436, 0.00344862])

 1.42651808574			array([  10.15444121,    5.00300097,    3.67319267,    1.73266942,
       -108.01163417,   46.18845565,   53.16142761, -112.98945261,
         27.48301499,  -80.88657982])
						array([0.00514154, 0.01140902, 0.00824697, 0.01140929, 0.00957472,
       0.01179514, 0.00445257, 0.00112009, 0.01245915, 0.00459816])

 1.36440837306			array([  10.15251263,    4.98732682,    3.68017179,    1.73694794,
       -108.00895752,   46.18840901,   53.16605055, -112.9897911 ,
         27.46814905,  -80.88422379])
						array([0.00685539, 0.01521202, 0.01099596, 0.01521239, 0.01276629,
       0.01572685, 0.00593675, 0.00149346, 0.01661219, 0.00613088])

 1.47347774618			array([  10.15044344,    4.98999557,    3.66976504,    1.72447184,
       -108.018285  ,   46.16327796,   53.17623896, -112.99012788,
         27.4603658 ,  -80.88496113])
						array([0.00914052, 0.02028269, 0.01466128, 0.02028318, 0.01702172,
       0.02096913, 0.00791567, 0.00199127, 0.02214959, 0.00817451])

 1.35473083028			array([  10.15045365,    4.96389646,    3.67444311,    1.75137108,
       -108.01200131,   46.18910629,   53.16968029, -112.98930999,
         27.41969804,  -80.87757844])
						array([0.01624981, 0.03605812, 0.02606451, 0.03605899, 0.03026083,
       0.03727846, 0.01407231, 0.00354004, 0.03937705, 0.01453246])

 1.24959124931			array([  10.14667155,    5.0090752 ,    3.64574039,    1.77180516,
       -108.01967268,   46.21493384,   53.18077409, -112.99798369,
         27.35659973,  -80.86314573])
						array([0.02166641, 0.0480775 , 0.03475267, 0.04807866, 0.04034777,
       0.04970461, 0.01876308, 0.00472006, 0.05250274, 0.01937661])

 1.36759343369			array([  10.1512703 ,    5.01079283,    3.64316507,    1.78056155,
       -108.03268422,   46.21236559,   53.18638383, -112.99783133,
         27.35993184,  -80.86703519])
						array([0.00514154, 0.01140902, 0.00824697, 0.01140929, 0.00957472,
       0.01179514, 0.00445257, 0.00112009, 0.01245915, 0.00459816])

 1.38817783088			array([  10.15341003,    5.00879943,    3.65185136,    1.79014346,
       -108.0399066 ,   46.20157812,   53.18149718, -112.99698865,
         27.35541622,  -80.86580846])
						array([0.00289212, 0.00641757, 0.00463892, 0.00641773, 0.00538578,
       0.00663476, 0.00250457, 0.00063005, 0.00700827, 0.00258647])

 1.353787417			array([  10.14964527,    5.00007385,    3.65234455,    1.79488546,
       -108.03891747,   46.20174038,   53.18079623, -112.99707378,
         27.35813539,  -80.86793997])
						array([0.00289212, 0.00641757, 0.00463892, 0.00641773, 0.00538578,
       0.00663476, 0.00250457, 0.00063005, 0.00700827, 0.00258647])

 1.31676263197			array([  10.14845696,    4.99744275,    3.6522719 ,    1.79319362,
       -108.04128406,   46.21076138,   53.18042476, -112.99811945,
         27.36751507,  -80.86795687])
						array([0.00385616, 0.00855676, 0.00618523, 0.00855697, 0.00718104,
       0.00884635, 0.00333942, 0.00084007, 0.00934436, 0.00344862])

 1.18542101574			array([  10.14361561,    5.00472754,    3.65244765,    1.77984689,
       -108.03233962,   46.19099488,   53.18121382, -112.99879086,
         27.34870364,  -80.86614751])
						array([0.00514154, 0.01140902, 0.00824697, 0.01140929, 0.00957472,
       0.01179514, 0.00445257, 0.00112009, 0.01245915, 0.00459816])

 1.31930744649			array([  10.14402715,    5.01379656,    3.65207714,    1.78903059,
       -108.03407093,   46.18103573,   53.18310586, -112.99735575,
         27.35820735,  -80.8666392 ])
						array([0.00685539, 0.01521202, 0.01099596, 0.01521239, 0.01276629,
       0.01572685, 0.00593675, 0.00149346, 0.01661219, 0.00613088])

 1.48929392104			array([  10.1337075 ,    5.00654614,    3.65836066,    1.81170536,
       -108.07114463,   46.19783706,   53.17399116, -112.99531582,
         27.33572373,  -80.86699157])
						array([0.01624981, 0.03605812, 0.02606451, 0.03605899, 0.03026083,
       0.03727846, 0.01407231, 0.00354004, 0.03937705, 0.01453246])

 1.41269585058			array([  10.13014023,    5.01040823,    3.66560924,    1.80734886,
       -108.0685122 ,   46.19626827,   53.17073988, -112.9962095 ,
         27.33212218,  -80.86593559])
						array([0.00216909, 0.00481318, 0.00347919, 0.00481329, 0.00403933,
       0.00497607, 0.00187843, 0.00047254, 0.0052562 , 0.00193985])

 1.37721127755			array([  10.13013506,    5.00870238,    3.66961807,    1.80576166,
       -108.06596808,   46.20832309,   53.17060118, -112.99633143,
         27.32973719,  -80.86742227])
						array([0.00162682, 0.00360988, 0.00260939, 0.00360997, 0.0030295 ,
       0.00373206, 0.00140882, 0.0003544 , 0.00394215, 0.00145489])

 1.32856570343			array([  10.13019923,    5.00576789,    3.66974001,    1.80368233,
       -108.06753474,   46.20536258,   53.16941959, -112.99621551,
         27.32792564,  -80.86799923])
						array([0.00122011, 0.00270741, 0.00195705, 0.00270748, 0.00227212,
       0.00279904, 0.00105661, 0.0002658 , 0.00295661, 0.00109116])

 1.30698573606			array([  10.12901205,    5.00986846,    3.67460525,    1.79991941,
       -108.07150869,   46.2052721 ,   53.17044534, -112.99575933,
         27.33268948,  -80.86582295])
						array([0.00162682, 0.00360988, 0.00260939, 0.00360997, 0.0030295 ,
       0.00373206, 0.00140882, 0.0003544 , 0.00394215, 0.00145489])

 1.31341423973			array([  10.12764274,    4.99845509,    3.67277759,    1.80448035,
       -108.07603749,   46.19809496,   53.17062583, -112.99569257,
         27.32960387,  -80.86615546])
						array([0.00385616, 0.00855676, 0.00618523, 0.00855697, 0.00718104,
       0.00884635, 0.00333942, 0.00084007, 0.00934436, 0.00344862])

 1.31927783685			array([  10.13354349,    5.03087056,    3.65949759,    1.77140147,
       -108.11129037,   46.18167161,   53.1645367 , -112.99435095,
         27.36567227,  -80.85729073])
						array([0.01218736, 0.02704359, 0.01954838, 0.02704424, 0.02269562,
       0.02795884, 0.01055423, 0.00265503, 0.02953279, 0.01089934])

 1.16908831503			array([  10.12613596,    5.00999416,    3.64603056,    1.77755244,
       -108.11158598,   46.18103485,   53.16954539, -112.99437385,
         27.33940944,  -80.87938694])
						array([0.01624981, 0.03605812, 0.02606451, 0.03605899, 0.03026083,
       0.03727846, 0.01407231, 0.00354004, 0.03937705, 0.01453246])

 1.21362312323			array([  10.09067606,    4.9973217 ,    3.66937715,    1.76380566,
       -108.20890333,   46.25015985,   53.20072232, -112.99237463,
         27.39389963,  -80.93384288])
						array([0.06847657, 0.15194863, 0.10983561, 0.15195229, 0.12751888,
       0.15709111, 0.05930059, 0.01491772, 0.16593457, 0.06123965])

 1.15944721551			array([  10.09795724,    5.00090583,    3.67688483,    1.7625086 ,
       -108.20734474,   46.2279682 ,   53.19922176, -112.99297989,
         27.40982215,  -80.93696781])
						array([0.00685539, 0.01521202, 0.01099596, 0.01521239, 0.01276629,
       0.01572685, 0.00593675, 0.00149346, 0.01661219, 0.00613088])

 1.07933872435			array([  10.10844718,    4.98293414,    3.67691127,    1.76544881,
       -108.21472646,   46.21341398,   53.20207093, -112.99424377,
         27.4044398 ,  -80.93571768])
						array([0.00514154, 0.01140902, 0.00824697, 0.01140929, 0.00957472,
       0.01179514, 0.00445257, 0.00112009, 0.01245915, 0.00459816])

 1.1393977605			array([  10.10827831,    4.9767524 ,    3.67900112,    1.7750068 ,
       -108.20635018,   46.20952697,   53.20501766, -112.99258586,
         27.41764605,  -80.93138023])
						array([0.00514154, 0.01140902, 0.00824697, 0.01140929, 0.00957472,
       0.01179514, 0.00445257, 0.00112009, 0.01245915, 0.00459816])

 1.12934782902			array([  10.10943382,    4.97272926,    3.6756288 ,    1.76397936,
       -108.19995136,   46.17501201,   53.2029421 , -112.99155034,
         27.42727783,  -80.93563052])
						array([0.00685539, 0.01521202, 0.01099596, 0.01521239, 0.01276629,
       0.01572685, 0.00593675, 0.00149346, 0.01661219, 0.00613088])

 1.1063894392			array([  10.12208682,    4.9810258 ,    3.68187958,    1.75155841,
       -108.21027956,   46.1477931 ,   53.19489125, -112.98994784,
         27.43632693,  -80.93873266])
						array([0.01218736, 0.02704359, 0.01954838, 0.02704424, 0.02269562,
       0.02795884, 0.01055423, 0.00265503, 0.02953279, 0.01089934])

 1.04731249877			array([  10.11646718,    4.98345089,    3.66982986,    1.7544944 ,
       -108.2026909 ,   46.15499803,   53.19655863, -112.98911228,
         27.43372321,  -80.9362635 ])
						array([0.00514154, 0.01140902, 0.00824697, 0.01140929, 0.00957472,
       0.01179514, 0.00445257, 0.00112009, 0.01245915, 0.00459816])

 1.04501621827			array([  10.11923618,    4.99537896,    3.67624333,    1.75378445,
       -108.20325049,   46.16433874,   53.19475925, -112.99053936,
         27.43490624,  -80.93541455])
						array([0.00216909, 0.00481318, 0.00347919, 0.00481329, 0.00403933,
       0.00497607, 0.00187843, 0.00047254, 0.0052562 , 0.00193985])

 1.04575479339			array([  10.11951481,    4.99426137,    3.67481246,    1.75232508,
       -108.2029777 ,   46.16592538,   53.19351966, -112.99052238,
         27.43458912,  -80.93537479])
						array([0.00068631, 0.00152292, 0.00110084, 0.00152296, 0.00127807,
       0.00157446, 0.00059435, 0.00014951, 0.0016631 , 0.00061378])

 1.04754296821			array([  10.11968235,    4.99456541,    3.67557119,    1.75246597,
       -108.20271926,   46.16402318,   53.19384993, -112.99052183,
         27.43422481,  -80.93551101])
						array([0.00091508, 0.00203056, 0.00146778, 0.00203061, 0.00170409,
       0.00209928, 0.00079246, 0.00019935, 0.00221746, 0.00081837])

 1.03388211831			array([  10.11725539,    4.9932329 ,    3.67758692,    1.75924856,
       -108.2001405 ,   46.16834037,   53.19287622, -112.99059646,
         27.43499511,  -80.93601584])
						array([0.00216909, 0.00481318, 0.00347919, 0.00481329, 0.00403933,
       0.00497607, 0.00187843, 0.00047254, 0.0052562 , 0.00193985])

 1.01731396137			array([  10.11601103,    4.98821162,    3.6713498 ,    1.76153121,
       -108.21940327,   46.16510272,   53.19010723, -112.99083768,
         27.43550905,  -80.93521411])
						array([0.00685539, 0.01521202, 0.01099596, 0.01521239, 0.01276629,
       0.01572685, 0.00593675, 0.00149346, 0.01661219, 0.00613088])

 1.01301155352			array([  10.11426136,    4.99054521,    3.66799909,    1.76568298,
       -108.21482661,   46.16951657,   53.18685924, -112.99081525,
         27.43566489,  -80.93564631])
						array([0.00122011, 0.00270741, 0.00195705, 0.00270748, 0.00227212,
       0.00279904, 0.00105661, 0.0002658 , 0.00295661, 0.00109116])

 1.01018165944			array([  10.11562562,    4.98933553,    3.66846498,    1.76637747,
       -108.21398904,   46.16929215,   53.18596305, -112.99131349,
         27.43657829,  -80.93636617])
						array([0.00068631, 0.00152292, 0.00110084, 0.00152296, 0.00127807,
       0.00157446, 0.00059435, 0.00014951, 0.0016631 , 0.00061378])

 1.00786409981			array([  10.11561795,    4.99115971,    3.66778228,    1.76553064,
       -108.21410949,   46.16706642,   53.18421361, -112.99128322,
         27.43760826,  -80.93623375])
						array([0.00068631, 0.00152292, 0.00110084, 0.00152296, 0.00127807,
       0.00157446, 0.00059435, 0.00014951, 0.0016631 , 0.00061378])

 1.01069346823			array([  10.11493379,    4.99070023,    3.66804074,    1.76452856,
       -108.21423316,   46.16592907,   53.1846703 , -112.99137545,
         27.43642672,  -80.93700742])
						array([0.00091508, 0.00203056, 0.00146778, 0.00203061, 0.00170409,
       0.00209928, 0.00079246, 0.00019935, 0.00221746, 0.00081837])

 1.01273221491			array([  10.11512142,    4.98846295,    3.6674568 ,    1.76417128,
       -108.21515742,   46.16876425,   53.18535867, -112.99139071,
         27.43845972,  -80.93794476])
						array([0.00122011, 0.00270741, 0.00195705, 0.00270748, 0.00227212,
       0.00279904, 0.00105661, 0.0002658 , 0.00295661, 0.00109116])

 1.00832366851			array([  10.11757994,    4.98810546,    3.66918256,    1.76310043,
       -108.21745013,   46.16589641,   53.18485787, -112.99124272,
         27.44455317,  -80.93880397])
						array([0.00216909, 0.00481318, 0.00347919, 0.00481329, 0.00403933,
       0.00497607, 0.00187843, 0.00047254, 0.0052562 , 0.00193985])

 1.0060328111			array([  10.1181305 ,    4.99790692,    3.6671928 ,    1.76562792,
       -108.2238007 ,   46.162933  ,   53.18557384, -112.99070253,
         27.44123274,  -80.9357196 ])
						array([0.00216909, 0.00481318, 0.00347919, 0.00481329, 0.00403933,
       0.00497607, 0.00187843, 0.00047254, 0.0052562 , 0.00193985])

 1.01243476694			array([  10.12039311,    5.00113746,    3.66441765,    1.76700337,
       -108.22493064,   46.16147246,   53.18668708, -112.99108877,
         27.44238628,  -80.93402611])
						array([0.00091508, 0.00203056, 0.00146778, 0.00203061, 0.00170409,
       0.00209928, 0.00079246, 0.00019935, 0.00221746, 0.00081837])

 1.00837760855			array([  10.12047001,    5.00016832,    3.66513098,    1.76619379,
       -108.22529797,   46.16124361,   53.18462828, -112.99160633,
         27.44074272,  -80.93478645])
						array([0.00091508, 0.00203056, 0.00146778, 0.00203061, 0.00170409,
       0.00209928, 0.00079246, 0.00019935, 0.00221746, 0.00081837])

 1.00501640189			array([  10.12053539,    4.99888346,    3.66609841,    1.76353873,
       -108.2263692 ,   46.15817964,   53.1834622 , -112.99181054,
         27.43658228,  -80.93548125])
						array([0.00122011, 0.00270741, 0.00195705, 0.00270748, 0.00227212,
       0.00279904, 0.00105661, 0.0002658 , 0.00295661, 0.00109116])

 1.00275368742			array([  10.12010813,    4.99796185,    3.66661749,    1.76603513,
       -108.22547998,   46.15397524,   53.18134562, -112.99199581,
         27.43573603,  -80.9386144 ])
						array([0.00162682, 0.00360988, 0.00260939, 0.00360997, 0.0030295 ,
       0.00373206, 0.00140882, 0.0003544 , 0.00394215, 0.00145489])

 1.00432409774			array([  10.12002923,    4.98874142,    3.66761303,    1.76978321,
       -108.23226831,   46.15952269,   53.17873791, -112.99345363,
         27.43241927,  -80.94194473])
						array([0.00289212, 0.00641757, 0.00463892, 0.00641773, 0.00538578,
       0.00663476, 0.00250457, 0.00063005, 0.00700827, 0.00258647])

 0.997891571433			array([  10.12233514,    4.99253308,    3.66908906,    1.76819363,
       -108.22903566,   46.16812757,   53.17742214, -112.99290519,
         27.42995   ,  -80.94325908])
						array([0.00162682, 0.00360988, 0.00260939, 0.00360997, 0.0030295 ,
       0.00373206, 0.00140882, 0.0003544 , 0.00394215, 0.00145489])

 1.00278420632			array([  10.11968488,    4.9901538 ,    3.66979069,    1.76843141,
       -108.22516396,   46.16800083,   53.17594808, -112.99280357,
         27.43500266,  -80.94623582])
						array([0.00162682, 0.00360988, 0.00260939, 0.00360997, 0.0030295 ,
       0.00373206, 0.00140882, 0.0003544 , 0.00394215, 0.00145489])

 1.0010517279			array([  10.12188555,    4.98951608,    3.6678432 ,    1.76952502,
       -108.22847245,   46.16462731,   53.17506685, -112.9930037 ,
         27.43420887,  -80.94460877])
						array([0.00216909, 0.00481318, 0.00347919, 0.00481329, 0.00403933,
       0.00497607, 0.00187843, 0.00047254, 0.0052562 , 0.00193985])

 1.00346085626			array([  10.11915147,    4.98830845,    3.6679987 ,    1.76724955,
       -108.22356603,   46.16686618,   53.17887769, -112.99154004,
         27.43738154,  -80.94264675])
						array([0.00385616, 0.00855676, 0.00618523, 0.00855697, 0.00718104,
       0.00884635, 0.00333942, 0.00084007, 0.00934436, 0.00344862])

 1.00223753799			array([  10.12369627,    4.99080425,    3.66140707,    1.76310801,
       -108.22954318,   46.17022296,   53.17750204, -112.9905536 ,
         27.43186325,  -80.94084964])
						array([0.00289212, 0.00641757, 0.00463892, 0.00641773, 0.00538578,
       0.00663476, 0.00250457, 0.00063005, 0.00700827, 0.00258647])

 0.998993939904			array([  10.12236235,    4.98917075,    3.66656897,    1.76284139,
       -108.2259116 ,   46.16654552,   53.17697562, -112.98986383,
         27.43968882,  -80.93900909])
						array([0.00162682, 0.00360988, 0.00260939, 0.00360997, 0.0030295 ,
       0.00373206, 0.00140882, 0.0003544 , 0.00394215, 0.00145489])

 0.998070937414			array([  10.12222177,    4.98943493,    3.66496847,    1.76623933,
       -108.22960867,   46.16263043,   53.17794635, -112.9901085 ,
         27.43914866,  -80.94107893])
						array([0.00162682, 0.00360988, 0.00260939, 0.00360997, 0.0030295 ,
       0.00373206, 0.00140882, 0.0003544 , 0.00394215, 0.00145489])

 0.996278428086			array([  10.12236462,    4.99193475,    3.66799562,    1.76719601,
       -108.22745833,   46.17164944,   53.17860398, -112.98959949,
         27.4347763 ,  -80.94069172])
						array([0.00216909, 0.00481318, 0.00347919, 0.00481329, 0.00403933,
       0.00497607, 0.00187843, 0.00047254, 0.0052562 , 0.00193985])

 1.00262736554			array([  10.11972549,    4.98772381,    3.66653414,    1.76537934,
       -108.23269014,   46.18349088,   53.17945154, -112.98899515,
         27.43735668,  -80.94348111])
						array([0.00289212, 0.00641757, 0.00463892, 0.00641773, 0.00538578,
       0.00663476, 0.00250457, 0.00063005, 0.00700827, 0.00258647])

------------------------------------ 


------------------------------------ 
TOTAL GENERATIONS: 1000
------------------------------------ 
