------------------------------------ 
PARAMETERS used: 
 - DNA SIZE: '10'
 - c: '0.75'
 - s: '15'
 - num rotors in robot: '4'
 - num total generations: '1000'
------------------------------------ 


------------------------------------ 
Fitness_value		Individual
------------------------------------ 
 33305.0504786			array([  75.86016882, -140.3352037 ,   87.71002468,   23.77518605,
         46.25224632, -166.50063177,  -26.72976646, -133.23661034,
       -115.20924229,  -77.92442581])
						array([1.41874578, 1.10149223, 2.90046894, 3.82945052, 2.4953023 ,
       4.75850094, 4.95994616, 2.80961595, 1.09898181, 0.74857251])

 33224.5690202			array([  76.16098375, -140.65462036,   86.42617271,   23.41824538,
         45.78334636, -163.43058902,  -28.0059557 , -134.89090613,
       -115.07748701,  -77.98465243])
						array([0.59853337, 0.46469203, 1.22363533, 1.61554944, 1.05270566,
       2.00749258, 2.09247729, 1.18530673, 0.46363295, 0.31580403])

 33091.5186534			array([  76.25991931, -140.26494765,   86.56886097,   22.71755305,
         45.11349225, -164.71380889,  -29.45686597, -133.59456028,
       -115.21068473,  -77.73993327])
						array([0.7980445 , 0.61958938, 1.63151378, 2.15406592, 1.40360755,
       2.67665678, 2.78996972, 1.58040897, 0.61817727, 0.42107204])

 32869.7961178			array([  77.69194567, -138.34074837,   88.11905741,   18.72921563,
         43.7698321 , -168.65281311,  -14.56575481, -138.22335799,
       -116.64802676,  -76.89920551])
						array([2.52221471, 1.95820841, 5.15638922, 6.80791204, 4.43609298,
       8.45955723, 8.81768206, 4.9948728 , 1.95374544, 1.33079558])

 31550.0452995			array([  77.77790768, -136.16980499,   82.12187434,   25.21216149,
         52.42090541, -169.89178496,  -17.2880717 , -142.69196937,
       -115.33336892,  -77.02416715])
						array([ 3.36295295,  2.61094454,  6.87518563,  9.07721605,  5.91479064,
       11.27940964, 11.75690942,  6.6598304 ,  2.60499392,  1.77439411])

 27271.0852893			array([  71.51726587, -131.75458581,   67.92305524,   20.77382997,
         69.06052474, -154.80565749,   13.19056616, -139.69258911,
       -115.13984171,  -81.77459688])
						array([ 7.97144403,  6.18890558, 16.2967363 , 21.51636397, 14.02024449,
       26.73637841, 27.86822973, 15.78626466,  6.1748004 ,  4.20597121])

 23080.0994525			array([  44.7434363 , -103.40717117,   96.24076888,  -34.11993674,
         48.28940621, -180.        ,   41.52593247, -153.69762044,
       -114.49870693,  -91.69631077])
						array([ 33.59159954,  26.07999716,  68.67431265,  90.66978069,
        59.08119489, 112.66687855, 117.43649071,  66.52318935,
        26.02055807,  17.72392808])

 17322.1855725			array([  43.95599347,  -74.36054437,   94.04849326,  -37.12224771,
        -20.39460193, -180.        ,   82.72356737, -149.6961771 ,
       -128.66935353,  -73.4832838 ])
						array([18.89527474, 14.6699984 , 38.62930086, 51.00175164, 33.23317213,
       63.37511918, 66.05802602, 37.41929401, 14.63656391,  9.96970955])

 13899.6072555			array([  40.25693319,  -76.07872494,   81.4304042 ,  -11.61266589,
         -7.43720348, -180.        ,   73.3341506 , -164.5684358 ,
       -144.53588611,  -68.1475766 ])
						array([ 7.97144403,  6.18890558, 16.2967363 , 21.51636397, 14.02024449,
       26.73637841, 27.86822973, 15.78626466,  6.1748004 ,  4.20597121])

 13652.9778369			array([  36.10778547,  -72.82096404,   84.20207807,  -14.118764  ,
         -9.00858505, -177.61835531,   82.55768202, -157.09057388,
       -144.90791434,  -69.4244848 ])
						array([ 3.36295295,  2.61094454,  6.87518563,  9.07721605,  5.91479064,
       11.27940964, 11.75690942,  6.6598304 ,  2.60499392,  1.77439411])

 12677.784212			array([  37.53569538,  -72.67389328,   77.7994413 ,  -12.40454645,
        -12.73236048, -167.21566258,   94.12870336, -168.23066616,
       -146.18283289,  -70.06380122])
						array([ 4.48393727,  3.48125939,  9.16691417, 12.10295474,  7.88638753,
       15.03921285, 15.67587922,  8.87977387,  3.47332523,  2.36585881])

 11156.7373104			array([  32.79199222,  -75.52601002,   62.66035868,  -19.76170512,
         -7.37121882, -180.        ,  105.52331106, -166.16867104,
       -151.18863734,  -68.22343278])
						array([ 5.97858302,  4.64167918, 12.22255223, 16.13727298, 10.51518337,
       20.0522838 , 20.9011723 , 11.8396985 ,  4.6311003 ,  3.15447841])

 9641.83462272			array([  31.62208349,  -75.7728699 ,   48.68064451,  -18.71199727,
          3.69938889, -172.44675594,  116.64497115, -150.99078839,
       -144.56775736,  -67.88325517])
						array([ 7.97144403,  6.18890558, 16.2967363 , 21.51636397, 14.02024449,
       26.73637841, 27.86822973, 15.78626466,  6.1748004 ,  4.20597121])

 8249.60026691			array([  23.53817964,  -63.01971638,   24.43573645,  -51.50405806,
         15.57305924, -166.43954242,   88.11203624, -134.74963023,
       -146.46580932,  -69.91328122])
						array([14.17145606, 11.0024988 , 28.97197565, 38.25131373, 24.92487909,
       47.53133939, 49.54351952, 28.06447051, 10.97742293,  7.47728216])

 3073.07992408			array([  18.11161949,  -30.010349  ,   30.78301343,  -29.39409749,
         30.08944464, -110.16242146,  103.62557859,  -86.24817178,
       -148.19364204,  -87.46833139])
						array([14.17145606, 11.0024988 , 28.97197565, 38.25131373, 24.92487909,
       47.53133939, 49.54351952, 28.06447051, 10.97742293,  7.47728216])

 2784.08977221			array([  21.36891226,  -34.10356627,   25.70923134,  -21.50488556,
         26.80579106, -101.00893243,   87.4569844 ,  -90.38186911,
       -145.72962537,  -87.61029062])
						array([ 3.36295295,  2.61094454,  6.87518563,  9.07721605,  5.91479064,
       11.27940964, 11.75690942,  6.6598304 ,  2.60499392,  1.77439411])

 2621.15190526			array([  16.09364552,  -37.32671324,   28.02128603,   -7.35655125,
         25.73474719,  -85.17632665,  108.22987318, -102.53185058,
       -145.90531725,  -84.89809998])
						array([ 3.36295295,  2.61094454,  6.87518563,  9.07721605,  5.91479064,
       11.27940964, 11.75690942,  6.6598304 ,  2.60499392,  1.77439411])

 2584.13300535			array([  17.34771306,  -35.59469541,   29.23802413,   -8.03669087,
         33.61752555,  -82.05961764,  100.47806519, -107.19654232,
       -150.18806128,  -86.70986702])
						array([ 4.48393727,  3.48125939,  9.16691417, 12.10295474,  7.88638753,
       15.03921285, 15.67587922,  8.87977387,  3.47332523,  2.36585881])

 2501.95194608			array([  27.38015171,  -37.84790261,    9.59034804,  -12.85075399,
         37.1167685 , -101.83265099,   82.71372601, -114.68001605,
       -150.03427349,  -86.08032676])
						array([ 7.97144403,  6.18890558, 16.2967363 , 21.51636397, 14.02024449,
       26.73637841, 27.86822973, 15.78626466,  6.1748004 ,  4.20597121])

 1810.40221739			array([  16.43917839,  -34.92299934,   11.84975199,    1.5417631 ,
         45.6612277 , -114.14343558,   47.25189387, -107.08120383,
       -149.51339626,  -88.90628933])
						array([ 4.48393727,  3.48125939,  9.16691417, 12.10295474,  7.88638753,
       15.03921285, 15.67587922,  8.87977387,  3.47332523,  2.36585881])

 1726.44041577			array([  19.01921157,  -31.58025423,   17.43116449,    0.4414866 ,
         41.99382628, -113.36702485,   47.30871897, -116.01149515,
       -150.5318728 ,  -87.92435027])
						array([2.52221471, 1.95820841, 5.15638922, 6.80791204, 4.43609298,
       8.45955723, 8.81768206, 4.9948728 , 1.95374544, 1.33079558])

 1551.93095489			array([  21.96241024,  -28.78795724,   16.42340464,    0.42780942,
         36.4526808 , -101.14282694,   50.46325343, -114.36531102,
       -148.14275336,  -87.9209899 ])
						array([2.52221471, 1.95820841, 5.15638922, 6.80791204, 4.43609298,
       8.45955723, 8.81768206, 4.9948728 , 1.95374544, 1.33079558])

 1491.98775264			array([  22.80351177,  -26.58633682,   12.85142098,   -9.61120981,
         39.75524948, -103.4758264 ,   71.04758863, -116.18030593,
       -149.32888126,  -86.70907935])
						array([ 3.36295295,  2.61094454,  6.87518563,  9.07721605,  5.91479064,
       11.27940964, 11.75690942,  6.6598304 ,  2.60499392,  1.77439411])

 1330.18776147			array([  20.62181285,  -22.16893901,   13.91845957,   18.67417789,
         17.25452983, -131.54471789,   36.1103509 ,  -95.03958935,
       -147.22688469,  -86.11609035])
						array([ 5.97858302,  4.64167918, 12.22255223, 16.13727298, 10.51518337,
       20.0522838 , 20.9011723 , 11.8396985 ,  4.6311003 ,  3.15447841])

 724.183524948			array([  20.34507583,  -13.50900076,   12.09946332,   12.64357359,
         21.59885272, -133.51544422,  -16.78707933,  -75.35347597,
       -142.83955807,  -92.09691152])
						array([ 5.97858302,  4.64167918, 12.22255223, 16.13727298, 10.51518337,
       20.0522838 , 20.9011723 , 11.8396985 ,  4.6311003 ,  3.15447841])

 704.608987746			array([  16.06439599,   -8.64162889,   -0.9141169 ,   21.68247591,
         32.33167874, -143.63572334,  -13.89774668,  -80.25307957,
       -143.3128034 ,  -90.83802999])
						array([2.52221471, 1.95820841, 5.15638922, 6.80791204, 4.43609298,
       8.45955723, 8.81768206, 4.9948728 , 1.95374544, 1.33079558])

 689.479289057			array([  16.87605805,   -8.17625801,    1.24490246,   21.83751865,
         35.82764032, -140.33453039,  -17.77485189,  -77.92886766,
       -143.54222083,  -92.06404914])
						array([1.41874578, 1.10149223, 2.90046894, 3.82945052, 2.4953023 ,
       4.75850094, 4.95994616, 2.80961595, 1.09898181, 0.74857251])

 627.958139697			array([  16.73678226,   -6.54472971,   -0.5542571 ,   20.40769078,
         37.33227395, -138.17037336,  -29.75898662,  -77.68211317,
       -144.52503102,  -91.88173277])
						array([1.89166103, 1.4686563 , 3.86729192, 5.10593403, 3.32706974,
       6.34466792, 6.61326155, 3.7461546 , 1.46530908, 0.99809668])

 604.316576987			array([  17.09958821,   -3.58229771,    2.58600377,   22.37962939,
         37.84990756, -141.13016939,  -22.42534098,  -75.96352955,
       -145.97945068,  -92.04965402])
						array([2.52221471, 1.95820841, 5.15638922, 6.80791204, 4.43609298,
       8.45955723, 8.81768206, 4.9948728 , 1.95374544, 1.33079558])

 516.551342604			array([  25.95747756,    5.76789367,    8.66226701,   16.83000067,
         37.41752131, -118.75015043,  -36.03642071,  -83.67962175,
       -141.65000159,  -89.00978469])
						array([ 5.97858302,  4.64167918, 12.22255223, 16.13727298, 10.51518337,
       20.0522838 , 20.9011723 , 11.8396985 ,  4.6311003 ,  3.15447841])

 416.127251332			array([  24.07460804,    7.56821423,   10.53793731,   13.19100734,
         35.1945194 , -125.09755439,  -40.12321242,  -80.02727766,
       -139.52720606,  -85.50918764])
						array([2.52221471, 1.95820841, 5.15638922, 6.80791204, 4.43609298,
       8.45955723, 8.81768206, 4.9948728 , 1.95374544, 1.33079558])

 258.719062167			array([  22.60676988,    8.92533486,    6.60174222,    9.67576971,
         37.31977871, -123.97836553,  -33.22231886,  -84.2099109 ,
       -138.97499547,  -84.87316735])
						array([1.41874578, 1.10149223, 2.90046894, 3.82945052, 2.4953023 ,
       4.75850094, 4.95994616, 2.80961595, 1.09898181, 0.74857251])

 254.289049646			array([  23.40021456,    8.71241193,    6.59423119,    6.40928604,
         36.06350559, -122.84314672,  -27.90807082,  -86.03962628,
       -138.92774758,  -84.92830635])
						array([0.7980445 , 0.61958938, 1.63151378, 2.15406592, 1.40360755,
       2.67665678, 2.78996972, 1.58040897, 0.61817727, 0.42107204])

 247.959107557			array([  23.95029386,    8.85689439,    4.96677208,    6.69819026,
         35.71503018, -118.04603503,  -32.22276258,  -86.30069628,
       -139.18458135,  -84.76344678])
						array([1.06405933, 0.82611917, 2.1753517 , 2.87208789, 1.87147673,
       3.56887571, 3.71995962, 2.10721196, 0.82423636, 0.56142939])

 222.808374743			array([ 2.33620098e+01,  8.55303945e+00,  5.53193393e+00, -1.30271895e-01,
        3.40049215e+01, -1.14329776e+02, -3.80532799e+01, -8.89591068e+01,
       -1.38780748e+02, -8.50983453e+01])
						array([1.41874578, 1.10149223, 2.90046894, 3.82945052, 2.4953023 ,
       4.75850094, 4.95994616, 2.80961595, 1.09898181, 0.74857251])

 207.621909998			array([  21.26055566,    6.91627978,   10.13115494,   -1.42783996,
         38.52577689, -121.44172249,  -41.59030595,  -86.31929989,
       -138.42507287,  -86.79426258])
						array([ 4.48393727,  3.48125939,  9.16691417, 12.10295474,  7.88638753,
       15.03921285, 15.67587922,  8.87977387,  3.47332523,  2.36585881])

 97.7854174636			array([  17.01955435,    9.30208251,    6.82107508,   -0.38826675,
         44.92824775, -114.82911471,  -44.90471185,  -88.18564096,
       -134.43134995,  -91.85707093])
						array([ 5.97858302,  4.64167918, 12.22255223, 16.13727298, 10.51518337,
       20.0522838 , 20.9011723 , 11.8396985 ,  4.6311003 ,  3.15447841])

 94.741411465			array([  16.52892079,    9.2561035 ,    6.51813002,    0.72485359,
         44.50882583, -115.51413407,  -43.83190733,  -87.43155661,
       -134.35021212,  -91.7686622 ])
						array([0.1893797 , 0.14703146, 0.38716587, 0.51116994, 0.33308265,
       0.6351832 , 0.66207289, 0.37503846, 0.14669636, 0.09992237])

 95.0828558007			array([  16.54404167,    9.27671993,    6.6452105 ,    0.67205424,
         44.45761817, -115.45372554,  -43.91979056,  -87.38495497,
       -134.32909226,  -91.76977247])
						array([0.03370552, 0.02616844, 0.06890721, 0.09097727, 0.05928156,
       0.11304896, 0.11783475, 0.06674879, 0.0261088 , 0.01778403])

 93.5037702082			array([  16.54211243,    9.25095534,    6.58283106,    0.69064323,
         44.39938919, -115.52234246,  -43.96833055,  -87.37424745,
       -134.30872851,  -91.76325759])
						array([0.01895935, 0.01471975, 0.0387603 , 0.05117471, 0.03334588,
       0.06359004, 0.06628205, 0.03754619, 0.0146862 , 0.01000352])

 93.9720928286			array([  16.54200523,    9.24264257,    6.5698142 ,    0.67054994,
         44.44168436, -115.50796196,  -44.03759319,  -87.33963255,
       -134.30911344,  -91.75395499])
						array([0.02527914, 0.01962633, 0.0516804 , 0.06823295, 0.04446117,
       0.08478672, 0.08837606, 0.05006159, 0.0195816 , 0.01333803])

 92.3495651997			array([  16.57691199,    9.23144969,    6.62255632,    0.83776595,
         44.48245825, -115.4412362 ,  -44.12892593,  -87.38579177,
       -134.33362152,  -91.75939439])
						array([0.03370552, 0.02616844, 0.06890721, 0.09097727, 0.05928156,
       0.11304896, 0.11783475, 0.06674879, 0.0261088 , 0.01778403])

 88.9541252701			array([  16.55990042,    9.20206789,    6.66975937,    0.80089654,
         44.43495732, -115.37047321,  -44.0324056 ,  -87.34228788,
       -134.30526993,  -91.78559869])
						array([0.04494069, 0.03489126, 0.09187628, 0.12130302, 0.07904207,
       0.15073195, 0.157113  , 0.08899838, 0.03481173, 0.02371205])

 85.7971410045			array([  16.60056396,    9.13046012,    6.67463037,    0.73476793,
         44.42449294, -115.33945398,  -43.83274512,  -87.43493857,
       -134.28533877,  -91.73064266])
						array([0.05992092, 0.04652167, 0.1225017 , 0.16173736, 0.10538943,
       0.20097593, 0.209484  , 0.11866451, 0.04641565, 0.03161606])

 85.8448649353			array([  16.5800732 ,    9.09401725,    6.58296662,    0.86960977,
         44.46805611, -115.36917887,  -43.65324474,  -87.49584102,
       -134.34095188,  -91.68706038])
						array([0.07989456, 0.0620289 , 0.1633356 , 0.21564982, 0.14051924,
       0.26796791, 0.279312  , 0.15821935, 0.06188753, 0.04215475])

 82.3869335148			array([  17.07220273,    9.08951768,    6.63720023,   -0.4536221 ,
         44.65690452, -114.96743519,  -43.38825563,  -87.54504846,
       -134.23204413,  -91.71920406])
						array([0.25250627, 0.19604195, 0.51622116, 0.68155992, 0.4441102 ,
       0.84691093, 0.88276386, 0.50005128, 0.19559515, 0.13322982])

 68.6285572077			array([  16.09590652,    7.92368363,    6.07295735,    0.90092267,
         45.82296425, -115.67483477,  -49.68999608,  -85.53412101,
       -134.08952698,  -91.3939282 ])
						array([0.59853337, 0.46469203, 1.22363533, 1.61554944, 1.05270566,
       2.00749258, 2.09247729, 1.18530673, 0.46363295, 0.31580403])

 66.9508486936			array([  16.27816449,    8.09652408,    5.74360693,    1.04804812,
         45.76168464, -114.99895002,  -50.23566825,  -85.10799643,
       -134.01865713,  -91.32574404])
						array([0.10652608, 0.0827052 , 0.2177808 , 0.28753309, 0.18735899,
       0.35729055, 0.372416  , 0.21095913, 0.0825167 , 0.05620633])

 63.9777802311			array([  16.23875719,    7.98990869,    5.64373035,    1.4145245 ,
         45.75432145, -114.24526375,  -51.13893704,  -84.97144697,
       -134.10261994,  -91.31553498])
						array([0.10652608, 0.0827052 , 0.2177808 , 0.28753309, 0.18735899,
       0.35729055, 0.372416  , 0.21095913, 0.0825167 , 0.05620633])

 59.4212045353			array([  16.23986995,    8.05765793,    5.64575125,    1.00973249,
         45.62063638, -113.79527846,  -50.49630631,  -85.17051809,
       -134.1949087 ,  -91.31369899])
						array([0.14203478, 0.1102736 , 0.2903744 , 0.38337745, 0.24981199,
       0.4763874 , 0.49655467, 0.28127884, 0.11002227, 0.07494178])

 50.8106985205			array([  16.24190231,    8.024196  ,    5.711613  ,    0.8324353 ,
         45.78150566, -113.48647373,  -50.5636632 ,  -85.37841904,
       -134.16582459,  -91.34231253])
						array([0.04494069, 0.03489126, 0.09187628, 0.12130302, 0.07904207,
       0.15073195, 0.157113  , 0.08899838, 0.03481173, 0.02371205])

 49.3769598617			array([  16.22094582,    8.04093728,    5.70325597,    0.80252058,
         45.84936562, -113.4580003 ,  -50.5781335 ,  -85.39454417,
       -134.18939249,  -91.34400491])
						array([0.01895935, 0.01471975, 0.0387603 , 0.05117471, 0.03334588,
       0.06359004, 0.06628205, 0.03754619, 0.0146862 , 0.01000352])

 48.6495209178			array([  16.20284235,    8.04371773,    5.62518459,    0.81902089,
         45.88673515, -113.47671027,  -50.48599911,  -85.46899756,
       -134.18324202,  -91.32722892])
						array([0.01895935, 0.01471975, 0.0387603 , 0.05117471, 0.03334588,
       0.06359004, 0.06628205, 0.03754619, 0.0146862 , 0.01000352])

 47.817483647			array([  16.19644323,    8.02442442,    5.6588927 ,    0.82164829,
         45.88364969, -113.43741511,  -50.41362402,  -85.45311517,
       -134.1632575 ,  -91.31862944])
						array([0.02527914, 0.01962633, 0.0516804 , 0.06823295, 0.04446117,
       0.08478672, 0.08837606, 0.05006159, 0.0195816 , 0.01333803])

 46.5963602111			array([  16.13933368,    7.98533459,    5.72864421,    0.7272853 ,
         45.66283237, -113.36454976,  -50.31242575,  -85.3185542 ,
       -134.10744929,  -91.34699699])
						array([0.05992092, 0.04652167, 0.1225017 , 0.16173736, 0.10538943,
       0.20097593, 0.209484  , 0.11866451, 0.04641565, 0.03161606])

 47.1770133731			array([  16.1650915 ,    8.01614606,    5.6616602 ,    0.84517016,
         45.55718592, -113.34540135,  -50.30131027,  -85.2482692 ,
       -134.08765749,  -91.37766327])
						array([0.03370552, 0.02616844, 0.06890721, 0.09097727, 0.05928156,
       0.11304896, 0.11783475, 0.06674879, 0.0261088 , 0.01778403])

 47.0158446354			array([  16.19084536,    7.99663832,    5.65089954,    0.73242446,
         45.51048814, -113.40283898,  -50.37184446,  -85.26599392,
       -134.11271709,  -91.37858876])
						array([0.03370552, 0.02616844, 0.06890721, 0.09097727, 0.05928156,
       0.11304896, 0.11783475, 0.06674879, 0.0261088 , 0.01778403])

 47.069342899			array([  16.1894924 ,    7.97905948,    5.62131116,    0.73677161,
         45.45350207, -113.51335695,  -50.13285512,  -85.33346623,
       -134.10940065,  -91.38617321])
						array([0.04494069, 0.03489126, 0.09187628, 0.12130302, 0.07904207,
       0.15073195, 0.157113  , 0.08899838, 0.03481173, 0.02371205])

 45.8576948885			array([  16.09782956,    7.90417807,    5.65017047,    0.78376887,
         45.54752258, -113.60440597,  -49.89974316,  -85.42237083,
       -134.10589509,  -91.44836263])
						array([0.07989456, 0.0620289 , 0.1633356 , 0.21564982, 0.14051924,
       0.26796791, 0.279312  , 0.15821935, 0.06188753, 0.04215475])

 46.3508978504			array([  16.15072644,    7.91016205,    5.64967817,    0.75735439,
         45.56757078, -113.48398018,  -50.10969076,  -85.4043792 ,
       -134.09907395,  -91.47714085])
						array([0.03370552, 0.02616844, 0.06890721, 0.09097727, 0.05928156,
       0.11304896, 0.11783475, 0.06674879, 0.0261088 , 0.01778403])

 46.3147609813			array([  16.15199564,    7.92882176,    5.61987879,    0.79598228,
         45.52703329, -113.49186818,  -50.00727332,  -85.36519134,
       -134.11325109,  -91.46522941])
						array([0.01421952, 0.01103981, 0.02907023, 0.03838103, 0.02500941,
       0.04769253, 0.04971154, 0.02815964, 0.01101465, 0.00750264])

 46.3086058071			array([  16.14881712,    7.9366559 ,    5.60861132,    0.79759979,
         45.53045741, -113.46605098,  -50.05945887,  -85.34271533,
       -134.12027507,  -91.46254139])
						array([0.00799848, 0.00620989, 0.016352  , 0.02158933, 0.01406779,
       0.02682705, 0.02796274, 0.0158398 , 0.00619574, 0.00422023])

 46.4245964521			array([  16.1562424 ,    7.9366114 ,    5.60528735,    0.78117086,
         45.54636532, -113.48386384,  -50.08432036,  -85.31302595,
       -134.11299121,  -91.46435023])
						array([0.01066464, 0.00827986, 0.02180267, 0.02878578, 0.01875705,
       0.0357694 , 0.03728365, 0.02111973, 0.00826099, 0.00562698])

 46.4643370418			array([  16.16166335,    7.92962705,    5.6575443 ,    0.81042957,
         45.55767139, -113.45218704,  -50.0791299 ,  -85.32883147,
       -134.10999694,  -91.46228161])
						array([0.01895935, 0.01471975, 0.0387603 , 0.05117471, 0.03334588,
       0.06359004, 0.06628205, 0.03754619, 0.0146862 , 0.01000352])

 46.0467228777			array([  16.14851755,    7.92516553,    5.68015091,    0.78096879,
         45.55093384, -113.44471007,  -50.02903082,  -85.32523192,
       -134.11408966,  -91.46268548])
						array([0.00799848, 0.00620989, 0.016352  , 0.02158933, 0.01406779,
       0.02682705, 0.02796274, 0.0158398 , 0.00619574, 0.00422023])

 45.9343352407			array([  16.13266931,    7.93001955,    5.6829233 ,    0.80772478,
         45.54600939, -113.48019408,  -50.03349674,  -85.32983322,
       -134.11336577,  -91.46268794])
						array([0.00599886, 0.00465742, 0.012264  , 0.016192  , 0.01055084,
       0.02012029, 0.02097205, 0.01187985, 0.00464681, 0.00316518])

 46.2238467824			array([  16.13482301,    7.9298421 ,    5.71229264,    0.78629804,
         45.54670218, -113.46477106,  -50.07664039,  -85.32804917,
       -134.11698704,  -91.46362527])
						array([0.00599886, 0.00465742, 0.012264  , 0.016192  , 0.01055084,
       0.02012029, 0.02097205, 0.01187985, 0.00464681, 0.00316518])

 46.3795619798			array([  16.13446126,    7.91586686,    5.70838361,    0.76937758,
         45.55424719, -113.45423549,  -50.07879006,  -85.32336403,
       -134.11282743,  -91.4627608 ])
						array([0.00799848, 0.00620989, 0.016352  , 0.02158933, 0.01406779,
       0.02682705, 0.02796274, 0.0158398 , 0.00619574, 0.00422023])

 46.1343650202			array([  16.13418798,    7.92668975,    5.67803267,    0.72369544,
         45.59067261, -113.42099044,  -50.00225259,  -85.32218655,
       -134.0998059 ,  -91.45128667])
						array([0.01895935, 0.01471975, 0.0387603 , 0.05117471, 0.03334588,
       0.06359004, 0.06628205, 0.03754619, 0.0146862 , 0.01000352])

 45.6562959973			array([  16.12525079,    7.93768898,    5.64211643,    0.81122571,
         45.67369628, -113.32230783,  -49.92839426,  -85.28939466,
       -134.09204315,  -91.4632088 ])
						array([0.05992092, 0.04652167, 0.1225017 , 0.16173736, 0.10538943,
       0.20097593, 0.209484  , 0.11866451, 0.04641565, 0.03161606])

 46.205374063			array([  16.12071167,    7.91991269,    5.60655233,    0.7431454 ,
         45.65508386, -113.34452059,  -49.86792086,  -85.32384579,
       -134.11003165,  -91.45073662])
						array([0.02527914, 0.01962633, 0.0516804 , 0.06823295, 0.04446117,
       0.08478672, 0.08837606, 0.05006159, 0.0195816 , 0.01333803])

 45.381819373			array([  16.09622103,    7.92512331,    5.64330009,    0.7840497 ,
         45.57272323, -113.34642055,  -49.95490557,  -85.36866005,
       -134.08640331,  -91.46543665])
						array([0.01421952, 0.01103981, 0.02907023, 0.03838103, 0.02500941,
       0.04769253, 0.04971154, 0.02815964, 0.01101465, 0.00750264])

 45.2459628292			array([  16.09181916,    7.93191292,    5.6503821 ,    0.78760737,
         45.58563144, -113.35839109,  -49.98654653,  -85.37391785,
       -134.08409135,  -91.46420427])
						array([0.01066464, 0.00827986, 0.02180267, 0.02878578, 0.01875705,
       0.0357694 , 0.03728365, 0.02111973, 0.00826099, 0.00562698])

 45.3484855831			array([  16.10516863,    7.92916342,    5.64574243,    0.788803  ,
         45.59430602, -113.35564527,  -50.02182947,  -85.34745899,
       -134.10008341,  -91.46337278])
						array([0.01421952, 0.01103981, 0.02907023, 0.03838103, 0.02500941,
       0.04769253, 0.04971154, 0.02815964, 0.01101465, 0.00750264])

 45.052417456			array([  16.10801969,    7.95808386,    5.65458897,    0.74204329,
         45.66694858, -113.44886947,  -50.02989088,  -85.3684828 ,
       -134.13497557,  -91.48382383])
						array([0.03370552, 0.02616844, 0.06890721, 0.09097727, 0.05928156,
       0.11304896, 0.11783475, 0.06674879, 0.0261088 , 0.01778403])

 45.1002951968			array([  16.09725577,    7.99285807,    5.64052287,    0.8044063 ,
         45.70829137, -113.44767092,  -50.14815725,  -85.3223986 ,
       -134.15234073,  -91.48078928])
						array([0.01895935, 0.01471975, 0.0387603 , 0.05117471, 0.03334588,
       0.06359004, 0.06628205, 0.03754619, 0.0146862 , 0.01000352])

 45.3167087882			array([  16.11266615,    7.99362295,    5.64038597,    0.81360569,
         45.68338506, -113.45890984,  -50.10763451,  -85.29402078,
       -134.14955647,  -91.4893896 ])
						array([0.01066464, 0.00827986, 0.02180267, 0.02878578, 0.01875705,
       0.0357694 , 0.03728365, 0.02111973, 0.00826099, 0.00562698])

 45.1553373789			array([  16.11478342,    8.01174399,    5.64976784,    0.78624933,
         45.64210632, -113.44854174,  -50.13234945,  -85.25493284,
       -134.16069223,  -91.48697754])
						array([0.01421952, 0.01103981, 0.02907023, 0.03838103, 0.02500941,
       0.04769253, 0.04971154, 0.02815964, 0.01101465, 0.00750264])

 44.9913911205			array([  16.08110471,    8.00858816,    5.65512557,    0.76983177,
         45.60944063, -113.54972348,  -50.11981473,  -85.31614034,
       -134.18472719,  -91.48096279])
						array([0.02527914, 0.01962633, 0.0516804 , 0.06823295, 0.04446117,
       0.08478672, 0.08837606, 0.05006159, 0.0195816 , 0.01333803])

 45.1947112724			array([  16.09003275,    8.01134197,    5.68714663,    0.77725675,
         45.59114017, -113.55394601,  -50.12665596,  -85.31786226,
       -134.19210625,  -91.48767985])
						array([0.01066464, 0.00827986, 0.02180267, 0.02878578, 0.01875705,
       0.0357694 , 0.03728365, 0.02111973, 0.00826099, 0.00562698])

 45.4876655479			array([  16.088761  ,    8.00670804,    5.69917924,    0.80100951,
         45.60565859, -113.52915006,  -50.14928423,  -85.29022703,
       -134.1936828 ,  -91.49108094])
						array([0.01066464, 0.00827986, 0.02180267, 0.02878578, 0.01875705,
       0.0357694 , 0.03728365, 0.02111973, 0.00826099, 0.00562698])

 45.3045577256			array([  16.0870618 ,    8.01557098,    5.67446563,    0.80029857,
         45.62558042, -113.48521031,  -50.10596761,  -85.29519737,
       -134.18031145,  -91.49316311])
						array([0.01421952, 0.01103981, 0.02907023, 0.03838103, 0.02500941,
       0.04769253, 0.04971154, 0.02815964, 0.01101465, 0.00750264])

 45.2199609301			array([  16.07482058,    8.00548753,    5.68184899,    0.79320889,
         45.60589934, -113.40525901,  -50.07363664,  -85.29770973,
       -134.19456128,  -91.51319226])
						array([0.03370552, 0.02616844, 0.06890721, 0.09097727, 0.05928156,
       0.11304896, 0.11783475, 0.06674879, 0.0261088 , 0.01778403])

 43.4206917723			array([  16.13196145,    8.04676588,    4.70482274,    0.78142707,
         45.4089367 , -114.04333273,  -49.09922264,  -85.11377057,
       -134.07441006,  -91.60995569])
						array([0.1893797 , 0.14703146, 0.38716587, 0.51116994, 0.33308265,
       0.6351832 , 0.66207289, 0.37503846, 0.14669636, 0.09992237])

 43.1345833747			array([  16.13758319,    8.04566708,    4.66046511,    0.78519392,
         45.42313486, -113.94878175,  -49.06115825,  -85.10734283,
       -134.05425065,  -91.58414369])
						array([0.01895935, 0.01471975, 0.0387603 , 0.05117471, 0.03334588,
       0.06359004, 0.06628205, 0.03754619, 0.0146862 , 0.01000352])

 43.1966927733			array([  16.14427058,    8.0447352 ,    4.65759602,    0.77116082,
         45.41901161, -113.93769947,  -48.99100491,  -85.103622  ,
       -134.03249043,  -91.58629551])
						array([0.01421952, 0.01103981, 0.02907023, 0.03838103, 0.02500941,
       0.04769253, 0.04971154, 0.02815964, 0.01101465, 0.00750264])

 43.2461339463			array([  16.13830283,    8.04510002,    4.66882332,    0.79772543,
         45.41111785, -113.91189304,  -48.99065877,  -85.08717352,
       -134.0424995 ,  -91.58701467])
						array([0.01895935, 0.01471975, 0.0387603 , 0.05117471, 0.03334588,
       0.06359004, 0.06628205, 0.03754619, 0.0146862 , 0.01000352])

 43.3606548115			array([  16.13832109,    8.03395942,    4.66812472,    0.82261827,
         45.39476891, -113.82673945,  -49.00286621,  -85.05070011,
       -134.05571511,  -91.58230212])
						array([0.02527914, 0.01962633, 0.0516804 , 0.06823295, 0.04446117,
       0.08478672, 0.08837606, 0.05006159, 0.0195816 , 0.01333803])

 43.2227925267			array([  16.11457883,    8.03983906,    4.63720001,    0.81899032,
         45.44167926, -113.82659916,  -49.21856186,  -85.00517813,
       -134.01449421,  -91.58797491])
						array([0.03370552, 0.02616844, 0.06890721, 0.09097727, 0.05928156,
       0.11304896, 0.11783475, 0.06674879, 0.0261088 , 0.01778403])

 42.9821144237			array([  16.11092932,    8.00646045,    4.71646822,    0.81406407,
         45.32235617, -114.04814954,  -49.43434189,  -84.77512141,
       -133.93543079,  -91.61801845])
						array([0.10652608, 0.0827052 , 0.2177808 , 0.28753309, 0.18735899,
       0.35729055, 0.372416  , 0.21095913, 0.0825167 , 0.05620633])

 42.2620903957			array([  16.08845721,    8.00651436,    4.70064885,    0.77432054,
         45.28580956, -113.91568814,  -49.55230498,  -84.76557801,
       -133.93149696,  -91.6142978 ])
						array([0.01895935, 0.01471975, 0.0387603 , 0.05117471, 0.03334588,
       0.06359004, 0.06628205, 0.03754619, 0.0146862 , 0.01000352])

 42.3224723459			array([  16.08059714,    7.99413583,    4.7064329 ,    0.75402402,
         45.29683883, -113.89923292,  -49.57026636,  -84.76194235,
       -133.92142387,  -91.61318483])
						array([0.00799848, 0.00620989, 0.016352  , 0.02158933, 0.01406779,
       0.02682705, 0.02796274, 0.0158398 , 0.00619574, 0.00422023])

 42.2592725465			array([  16.08166953,    7.99477702,    4.69718773,    0.74413797,
         45.30300984, -113.90247338,  -49.58258885,  -84.77010015,
       -133.93286396,  -91.61559274])
						array([0.00599886, 0.00465742, 0.012264  , 0.016192  , 0.01055084,
       0.02012029, 0.02097205, 0.01187985, 0.00464681, 0.00316518])

 42.4508066555			array([  16.08365217,    7.99269089,    4.70791646,    0.74054815,
         45.30365593, -113.90618322,  -49.59525475,  -84.77228783,
       -133.92967442,  -91.61923108])
						array([0.00799848, 0.00620989, 0.016352  , 0.02158933, 0.01406779,
       0.02682705, 0.02796274, 0.0158398 , 0.00619574, 0.00422023])

 42.3661226127			array([  16.08284235,    7.99004147,    4.71276552,    0.7628676 ,
         45.3243956 , -113.90101947,  -49.57600717,  -84.77628827,
       -133.92337568,  -91.61922348])
						array([0.01066464, 0.00827986, 0.02180267, 0.02878578, 0.01875705,
       0.0357694 , 0.03728365, 0.02111973, 0.00826099, 0.00562698])

 42.3536847675			array([  16.10109083,    7.97408978,    4.70895296,    0.74707357,
         45.31982815, -113.95901313,  -49.51628188,  -84.77677893,
       -133.91672105,  -91.61257279])
						array([0.01421952, 0.01103981, 0.02907023, 0.03838103, 0.02500941,
       0.04769253, 0.04971154, 0.02815964, 0.01101465, 0.00750264])

 41.9645896951			array([  16.08258334,    7.9525451 ,    4.67056074,    0.77961487,
         45.30518507, -114.02495314,  -49.56601445,  -84.73347195,
       -133.93281615,  -91.6165234 ])
						array([0.02527914, 0.01962633, 0.0516804 , 0.06823295, 0.04446117,
       0.08478672, 0.08837606, 0.05006159, 0.0195816 , 0.01333803])

 42.1624497969			array([  16.08923326,    7.95830003,    4.6738306 ,    0.73359519,
         45.20191893, -114.0267982 ,  -49.77738551,  -84.76840949,
       -133.96090716,  -91.62501747])
						array([0.02527914, 0.01962633, 0.0516804 , 0.06823295, 0.04446117,
       0.08478672, 0.08837606, 0.05006159, 0.0195816 , 0.01333803])

 42.1285167957			array([  16.08351728,    7.96848142,    4.68006387,    0.73569264,
         45.19609217, -113.99437607,  -49.77575925,  -84.77647378,
       -133.9497    ,  -91.62365315])
						array([0.00799848, 0.00620989, 0.016352  , 0.02158933, 0.01406779,
       0.02682705, 0.02796274, 0.0158398 , 0.00619574, 0.00422023])

 41.9888551371			array([  16.0997275 ,    7.96086567,    4.67052664,    0.745707  ,
         45.21372045, -114.02630089,  -49.81189676,  -84.80917378,
       -133.95105749,  -91.62396844])
						array([0.00799848, 0.00620989, 0.016352  , 0.02158933, 0.01406779,
       0.02682705, 0.02796274, 0.0158398 , 0.00619574, 0.00422023])

 42.4439654452			array([  16.09514621,    7.95961582,    4.67703384,    0.71791703,
         45.22089777, -114.01939728,  -49.81847922,  -84.81996   ,
       -133.95337474,  -91.62234122])
						array([0.01066464, 0.00827986, 0.02180267, 0.02878578, 0.01875705,
       0.0357694 , 0.03728365, 0.02111973, 0.00826099, 0.00562698])

 42.2694740743			array([  16.09062624,    7.96680512,    4.7097621 ,    0.77160732,
         45.2057871 , -113.93747949,  -49.86905843,  -84.75444994,
       -133.93901861,  -91.6100842 ])
						array([0.01895935, 0.01471975, 0.0387603 , 0.05117471, 0.03334588,
       0.06359004, 0.06628205, 0.03754619, 0.0146862 , 0.01000352])

 42.1684062648			array([  16.08646489,    7.97646868,    4.68842151,    0.80461578,
         45.22001193, -113.92477673,  -49.84088405,  -84.75644611,
       -133.92752567,  -91.61396288])
						array([0.00799848, 0.00620989, 0.016352  , 0.02158933, 0.01406779,
       0.02682705, 0.02796274, 0.0158398 , 0.00619574, 0.00422023])

 42.1104981698			array([  16.08725449,    7.97832787,    4.68654192,    0.80176139,
         45.2169894 , -113.91929485,  -49.8168955 ,  -84.7459522 ,
       -133.92739298,  -91.6169089 ])
						array([0.00449914, 0.00349307, 0.009198  , 0.012144  , 0.00791313,
       0.01509021, 0.01572904, 0.00890989, 0.0034851 , 0.00237388])

 42.1013274769			array([  16.08461063,    7.9811164 ,    4.69356789,    0.79242349,
         45.21494463, -113.92709986,  -49.81434617,  -84.73603071,
       -133.92483968,  -91.60620367])
						array([0.00449914, 0.00349307, 0.009198  , 0.012144  , 0.00791313,
       0.01509021, 0.01572904, 0.00890989, 0.0034851 , 0.00237388])

 42.2495644118			array([  16.07791754,    7.98319015,    4.69379167,    0.8028306 ,
         45.21025096, -113.90047691,  -49.80338349,  -84.72588678,
       -133.92267343,  -91.60792126])
						array([0.00599886, 0.00465742, 0.012264  , 0.016192  , 0.01055084,
       0.02012029, 0.02097205, 0.01187985, 0.00464681, 0.00316518])

 42.3051671765			array([  16.08409736,    7.98399294,    4.68578314,    0.81433972,
         45.1887853 , -113.89836592,  -49.78707684,  -84.73304725,
       -133.92604573,  -91.60907776])
						array([0.00799848, 0.00620989, 0.016352  , 0.02158933, 0.01406779,
       0.02682705, 0.02796274, 0.0158398 , 0.00619574, 0.00422023])

 42.4969609968			array([  16.06778338,    7.98903596,    4.70726918,    0.79793955,
         45.20523321, -113.88678801,  -49.80516053,  -84.7255121 ,
       -133.94163847,  -91.61341088])
						array([0.01421952, 0.01103981, 0.02907023, 0.03838103, 0.02500941,
       0.04769253, 0.04971154, 0.02815964, 0.01101465, 0.00750264])

 42.3456952207			array([  16.06741446,    7.96041179,    4.66618918,    0.72723428,
         45.23069284, -114.00647829,  -49.72150637,  -84.74218253,
       -133.91159622,  -91.63915508])
						array([0.02527914, 0.01962633, 0.0516804 , 0.06823295, 0.04446117,
       0.08478672, 0.08837606, 0.05006159, 0.0195816 , 0.01333803])

 42.2812467336			array([  16.05559416,    7.98092022,    4.69417574,    0.7621267 ,
         45.2255361 , -113.98542648,  -49.67683056,  -84.77479689,
       -133.91486884,  -91.64689799])
						array([0.01895935, 0.01471975, 0.0387603 , 0.05117471, 0.03334588,
       0.06359004, 0.06628205, 0.03754619, 0.0146862 , 0.01000352])

 42.0655825621			array([  16.05869325,    7.98112567,    4.67383166,    0.76038933,
         45.22619068, -113.96042442,  -49.68520655,  -84.78188658,
       -133.91319927,  -91.6481426 ])
						array([0.00599886, 0.00465742, 0.012264  , 0.016192  , 0.01055084,
       0.02012029, 0.02097205, 0.01187985, 0.00464681, 0.00316518])

 42.444186439			array([  16.05872819,    7.98244326,    4.70771316,    0.77642631,
         45.23336564, -113.95769979,  -49.66863508,  -84.78773565,
       -133.91041743,  -91.65063555])
						array([0.00799848, 0.00620989, 0.016352  , 0.02158933, 0.01406779,
       0.02682705, 0.02796274, 0.0158398 , 0.00619574, 0.00422023])

 42.3667434056			array([  16.05756351,    7.97237551,    4.69963369,    0.7859346 ,
         45.22525153, -113.98834651,  -49.69327289,  -84.80813178,
       -133.89127303,  -91.6488514 ])
						array([0.01421952, 0.01103981, 0.02907023, 0.03838103, 0.02500941,
       0.04769253, 0.04971154, 0.02815964, 0.01101465, 0.00750264])

 42.1113075585			array([  16.08403458,    8.00502098,    4.66559597,    0.79852311,
         45.20603293, -113.77526204,  -49.61054115,  -84.97190503,
       -133.90600566,  -91.66761752])
						array([0.02527914, 0.01962633, 0.0516804 , 0.06823295, 0.04446117,
       0.08478672, 0.08837606, 0.05006159, 0.0195816 , 0.01333803])

 42.450027803			array([  16.08409776,    8.02414081,    4.65643976,    0.80329471,
         45.17340818, -113.82143732,  -49.53744308,  -84.95758825,
       -133.91530705,  -91.65189432])
						array([0.01066464, 0.00827986, 0.02180267, 0.02878578, 0.01875705,
       0.0357694 , 0.03728365, 0.02111973, 0.00826099, 0.00562698])

 42.2345830467			array([  16.078957  ,    8.01625841,    4.64362034,    0.78602934,
         45.16657459, -113.82479803,  -49.53292809,  -84.96547144,
       -133.91960834,  -91.64647958])
						array([0.00599886, 0.00465742, 0.012264  , 0.016192  , 0.01055084,
       0.02012029, 0.02097205, 0.01187985, 0.00464681, 0.00316518])

 42.1049118049			array([  16.08331268,    8.01463918,    4.65322194,    0.77845782,
         45.16266868, -113.86493335,  -49.54400372,  -84.9643128 ,
       -133.92218552,  -91.64821863])
						array([0.00799848, 0.00620989, 0.016352  , 0.02158933, 0.01406779,
       0.02682705, 0.02796274, 0.0158398 , 0.00619574, 0.00422023])

 42.2123272534			array([  16.08382272,    8.01984721,    4.64510332,    0.76932159,
         45.15302764, -113.8397179 ,  -49.60266359,  -84.98869191,
       -133.9275699 ,  -91.64598846])
						array([0.01066464, 0.00827986, 0.02180267, 0.02878578, 0.01875705,
       0.0357694 , 0.03728365, 0.02111973, 0.00826099, 0.00562698])

 42.3637514691			array([  16.08453493,    8.01550561,    4.63419945,    0.79597032,
         45.16760419, -113.81797804,  -49.57373457,  -84.9864767 ,
       -133.92119306,  -91.65087717])
						array([0.01421952, 0.01103981, 0.02907023, 0.03838103, 0.02500941,
       0.04769253, 0.04971154, 0.02815964, 0.01101465, 0.00750264])

 42.4466501829			array([  16.08106173,    8.02094712,    4.64763923,    0.80387874,
         45.13519896, -113.85874907,  -49.62477567,  -85.0131614 ,
       -133.9445705 ,  -91.64211775])
						array([0.01895935, 0.01471975, 0.0387603 , 0.05117471, 0.03334588,
       0.06359004, 0.06628205, 0.03754619, 0.0146862 , 0.01000352])

 42.4665779747			array([  16.08287831,    8.00399445,    4.63946196,    0.81691117,
         45.15382515, -113.8539323 ,  -49.56620114,  -84.99667473,
       -133.94328902,  -91.63210944])
						array([0.01066464, 0.00827986, 0.02180267, 0.02878578, 0.01875705,
       0.0357694 , 0.03728365, 0.02111973, 0.00826099, 0.00562698])

 42.39419326			array([  16.09159818,    7.99430635,    4.64780029,    0.82162502,
         45.16027713, -113.88645084,  -49.57728984,  -85.0017614 ,
       -133.94639112,  -91.63159673])
						array([0.00449914, 0.00349307, 0.009198  , 0.012144  , 0.00791313,
       0.01509021, 0.01572904, 0.00890989, 0.0034851 , 0.00237388])

 42.3553471607			array([  16.09735224,    7.99249446,    4.63783982,    0.81605653,
         45.15236534, -113.89747257,  -49.60048979,  -84.98926136,
       -133.94164483,  -91.63432854])
						array([0.00449914, 0.00349307, 0.009198  , 0.012144  , 0.00791313,
       0.01509021, 0.01572904, 0.00890989, 0.0034851 , 0.00237388])

 42.1524297218			array([  16.10311817,    7.99269237,    4.63494562,    0.79884246,
         45.14057732, -113.90453271,  -49.58611823,  -84.99006228,
       -133.94197296,  -91.63330666])
						array([0.00599886, 0.00465742, 0.012264  , 0.016192  , 0.01055084,
       0.02012029, 0.02097205, 0.01187985, 0.00464681, 0.00316518])

 42.4457932087			array([  16.10289611,    7.99033076,    4.61389876,    0.79892878,
         45.14163415, -113.88065756,  -49.59524218,  -85.01136607,
       -133.93189379,  -91.63000138])
						array([0.00799848, 0.00620989, 0.016352  , 0.02158933, 0.01406779,
       0.02682705, 0.02796274, 0.0158398 , 0.00619574, 0.00422023])

 42.3843086417			array([  16.09774277,    7.97665048,    4.61139596,    0.7482911 ,
         45.08140245, -113.91099053,  -49.66074312,  -85.03706116,
       -133.9443467 ,  -91.63160114])
						array([0.02527914, 0.01962633, 0.0516804 , 0.06823295, 0.04446117,
       0.08478672, 0.08837606, 0.05006159, 0.0195816 , 0.01333803])

 42.1126592632			array([  16.12988649,    7.97143028,    4.66144297,    0.78638338,
         45.12918187, -114.04649242,  -49.64621625,  -85.08937812,
       -133.9458603 ,  -91.61034888])
						array([0.02527914, 0.01962633, 0.0516804 , 0.06823295, 0.04446117,
       0.08478672, 0.08837606, 0.05006159, 0.0195816 , 0.01333803])

 42.484699475			array([  16.1307889 ,    7.96284235,    4.69472888,    0.74237095,
         45.13303623, -114.0251935 ,  -49.5788739 ,  -85.13191876,
       -133.95470013,  -91.61870688])
						array([0.00799848, 0.00620989, 0.016352  , 0.02158933, 0.01406779,
       0.02682705, 0.02796274, 0.0158398 , 0.00619574, 0.00422023])

 42.3331766567			array([  16.1333632 ,    7.95978096,    4.68213683,    0.75048331,
         45.13041939, -114.04942801,  -49.59654175,  -85.12136766,
       -133.95423774,  -91.61773182])
						array([0.00599886, 0.00465742, 0.012264  , 0.016192  , 0.01055084,
       0.02012029, 0.02097205, 0.01187985, 0.00464681, 0.00316518])

 42.2620960632			array([  16.13893468,    7.96251785,    4.67006217,    0.7692736 ,
         45.1236843 , -114.05932487,  -49.58978663,  -85.13692238,
       -133.95735075,  -91.61389377])
						array([0.00799848, 0.00620989, 0.016352  , 0.02158933, 0.01406779,
       0.02682705, 0.02796274, 0.0158398 , 0.00619574, 0.00422023])

 42.2558365989			array([  16.12919157,    7.97646587,    4.67281829,    0.80115   ,
         45.10052837, -113.90862369,  -49.60025613,  -85.14258322,
       -133.97190772,  -91.59943967])
						array([0.02527914, 0.01962633, 0.0516804 , 0.06823295, 0.04446117,
       0.08478672, 0.08837606, 0.05006159, 0.0195816 , 0.01333803])

 42.196259219			array([  16.1134787 ,    7.98605927,    4.62831582,    0.74875933,
         45.09232007, -113.8049537 ,  -49.63303305,  -85.14165246,
       -133.95085921,  -91.60746521])
						array([0.03370552, 0.02616844, 0.06890721, 0.09097727, 0.05928156,
       0.11304896, 0.11783475, 0.06674879, 0.0261088 , 0.01778403])

 42.028294088			array([  16.10765895,    7.9847222 ,    4.63199134,    0.77923576,
         45.07921496, -113.78239244,  -49.62785817,  -85.16337333,
       -133.9446746 ,  -91.60495168])
						array([0.00599886, 0.00465742, 0.012264  , 0.016192  , 0.01055084,
       0.02012029, 0.02097205, 0.01187985, 0.00464681, 0.00316518])

 42.0062191674			array([  16.11505563,    7.97768844,    4.64069051,    0.78407449,
         45.07932713, -113.79460975,  -49.63375404,  -85.15188001,
       -133.94391508,  -91.60421417])
						array([0.00449914, 0.00349307, 0.009198  , 0.012144  , 0.00791313,
       0.01509021, 0.01572904, 0.00890989, 0.0034851 , 0.00237388])

 42.0339432926			array([  16.10933827,    7.97129603,    4.63990688,    0.79217038,
         45.08658235, -113.76905273,  -49.64388165,  -85.1485538 ,
       -133.94018538,  -91.60349484])
						array([0.00449914, 0.00349307, 0.009198  , 0.012144  , 0.00791313,
       0.01509021, 0.01572904, 0.00890989, 0.0034851 , 0.00237388])

 42.4642438757			array([  16.1128749 ,    7.97138986,    4.62169256,    0.80805035,
         45.08344391, -113.76853805,  -49.64216478,  -85.15411033,
       -133.93239309,  -91.60527058])
						array([0.00599886, 0.00465742, 0.012264  , 0.016192  , 0.01055084,
       0.02012029, 0.02097205, 0.01187985, 0.00464681, 0.00316518])

 42.4082694525			array([  16.11068697,    7.98415975,    4.63854823,    0.8181276 ,
         45.05304129, -113.76515819,  -49.66007533,  -85.17562567,
       -133.93271167,  -91.59473193])
						array([0.01421952, 0.01103981, 0.02907023, 0.03838103, 0.02500941,
       0.04769253, 0.04971154, 0.02815964, 0.01101465, 0.00750264])

 41.9003185177			array([  16.09283002,    7.99740213,    4.65845533,    0.78329849,
         45.05863243, -113.87608584,  -49.52630997,  -85.26404747,
       -133.93579512,  -91.60231357])
						array([0.04494069, 0.03489126, 0.09187628, 0.12130302, 0.07904207,
       0.15073195, 0.157113  , 0.08899838, 0.03481173, 0.02371205])

 42.0907624986			array([  16.08601294,    7.99058274,    4.6437242 ,    0.80203547,
         45.08216293, -113.86771701,  -49.50427715,  -85.26666413,
       -133.95161602,  -91.59564398])
						array([0.00599886, 0.00465742, 0.012264  , 0.016192  , 0.01055084,
       0.02012029, 0.02097205, 0.01187985, 0.00464681, 0.00316518])

 41.9795020204			array([  16.08392003,    7.99243944,    4.6383964 ,    0.7817464 ,
         45.08157597, -113.86365932,  -49.53202098,  -85.27636066,
       -133.95356217,  -91.59580515])
						array([0.00337436, 0.0026198 , 0.0068985 , 0.009108  , 0.00593485,
       0.01131766, 0.01179678, 0.00668242, 0.00261383, 0.00178041])

 41.9972392938			array([  16.09265424,    7.99438214,    4.63950228,    0.78739501,
         45.07567869, -113.88889757,  -49.52733704,  -85.26503503,
       -133.95231743,  -91.59614757])
						array([0.00337436, 0.0026198 , 0.0068985 , 0.009108  , 0.00593485,
       0.01131766, 0.01179678, 0.00668242, 0.00261383, 0.00178041])

 42.0509450208			array([  16.09505551,    7.99769408,    4.6459951 ,    0.79649414,
         45.07596129, -113.89962585,  -49.51567503,  -85.26450779,
       -133.95632058,  -91.59579002])
						array([0.00449914, 0.00349307, 0.009198  , 0.012144  , 0.00791313,
       0.01509021, 0.01572904, 0.00890989, 0.0034851 , 0.00237388])

 42.0458300421			array([  16.09212306,    7.9973255 ,    4.64803797,    0.79747528,
         45.0876395 , -113.87568273,  -49.49111683,  -85.24706006,
       -133.96045042,  -91.59591772])
						array([0.00599886, 0.00465742, 0.012264  , 0.016192  , 0.01055084,
       0.02012029, 0.02097205, 0.01187985, 0.00464681, 0.00316518])

 42.0826633779			array([  16.08790396,    7.99430236,    4.64317946,    0.79956027,
         45.08030144, -113.89715083,  -49.49186544,  -85.26017233,
       -133.96551101,  -91.59385322])
						array([0.00799848, 0.00620989, 0.016352  , 0.02158933, 0.01406779,
       0.02682705, 0.02796274, 0.0158398 , 0.00619574, 0.00422023])

 42.4840914602			array([  16.08306353,    8.00460648,    4.64916966,    0.82105581,
         45.08763393, -113.85897996,  -49.4846128 ,  -85.26124123,
       -133.96484149,  -91.59102516])
						array([0.01066464, 0.00827986, 0.02180267, 0.02878578, 0.01875705,
       0.0357694 , 0.03728365, 0.02111973, 0.00826099, 0.00562698])

 42.1885315378			array([  16.10235487,    8.01869829,    4.67038847,    0.75745571,
         45.08916281, -113.8658215 ,  -49.51903346,  -85.25871012,
       -133.97052162,  -91.59423881])
						array([0.01421952, 0.01103981, 0.02907023, 0.03838103, 0.02500941,
       0.04769253, 0.04971154, 0.02815964, 0.01101465, 0.00750264])

 42.2288901274			array([  16.09464074,    8.0210458 ,    4.66109712,    0.75216871,
         45.06949725, -113.98625882,  -49.50386896,  -85.2874073 ,
       -133.9759414 ,  -91.61034791])
						array([0.01895935, 0.01471975, 0.0387603 , 0.05117471, 0.03334588,
       0.06359004, 0.06628205, 0.03754619, 0.0146862 , 0.01000352])

 42.0252202224			array([  16.06408034,    7.98250271,    4.65653641,    0.75214511,
         45.16081665, -114.1315204 ,  -49.51034135,  -85.34424463,
       -133.9747464 ,  -91.62835585])
						array([0.04494069, 0.03489126, 0.09187628, 0.12130302, 0.07904207,
       0.15073195, 0.157113  , 0.08899838, 0.03481173, 0.02371205])

 41.9475100736			array([  16.09611738,    7.99606756,    4.65772417,    0.74952307,
         45.11632654, -114.17633996,  -49.41396928,  -85.34147326,
       -133.97227356,  -91.6219822 ])
						array([0.01066464, 0.00827986, 0.02180267, 0.02878578, 0.01875705,
       0.0357694 , 0.03728365, 0.02111973, 0.00826099, 0.00562698])

 42.2214840367			array([  16.08202055,    7.98456239,    4.64683325,    0.72796249,
         45.14259141, -114.18257194,  -49.40946651,  -85.31442825,
       -133.98142632,  -91.61918444])
						array([0.00799848, 0.00620989, 0.016352  , 0.02158933, 0.01406779,
       0.02682705, 0.02796274, 0.0158398 , 0.00619574, 0.00422023])

 42.1621863309			array([  16.10537655,    7.98835443,    4.63847646,    0.73747335,
         45.11816553, -114.18255219,  -49.40031744,  -85.30224771,
       -133.9778205 ,  -91.6149692 ])
						array([0.00799848, 0.00620989, 0.016352  , 0.02158933, 0.01406779,
       0.02682705, 0.02796274, 0.0158398 , 0.00619574, 0.00422023])

 41.9557056614			array([  16.11252714,    7.97671993,    4.6435964 ,    0.75838693,
         45.11013236, -114.19564458,  -49.40380241,  -85.30030462,
       -133.97035427,  -91.61299956])
						array([0.01066464, 0.00827986, 0.02180267, 0.02878578, 0.01875705,
       0.0357694 , 0.03728365, 0.02111973, 0.00826099, 0.00562698])

 41.9401037789			array([  16.10650392,    7.99172166,    4.64215618,    0.77375547,
         45.08836977, -114.19622375,  -49.33666083,  -85.34203894,
       -133.97624807,  -91.61461348])
						array([0.01421952, 0.01103981, 0.02907023, 0.03838103, 0.02500941,
       0.04769253, 0.04971154, 0.02815964, 0.01101465, 0.00750264])

 42.3907308434			array([  16.1150448 ,    8.00602207,    4.63325409,    0.8013856 ,
         45.04172768, -114.16993387,  -49.33660604,  -85.29889164,
       -133.97342895,  -91.62172294])
						array([0.01895935, 0.01471975, 0.0387603 , 0.05117471, 0.03334588,
       0.06359004, 0.06628205, 0.03754619, 0.0146862 , 0.01000352])

 42.1307562867			array([  16.09708065,    8.00113995,    4.66649272,    0.80425478,
         45.06639725, -114.16425716,  -49.39625916,  -85.29059627,
       -133.95837956,  -91.63599427])
						array([0.02527914, 0.01962633, 0.0516804 , 0.06823295, 0.04446117,
       0.08478672, 0.08837606, 0.05006159, 0.0195816 , 0.01333803])

 42.3502555803			array([  16.08367504,    7.97771142,    4.70160805,    0.73643815,
         44.97096096, -114.13596712,  -49.61242694,  -85.37374484,
       -133.96033727,  -91.65944899])
						array([0.03370552, 0.02616844, 0.06890721, 0.09097727, 0.05928156,
       0.11304896, 0.11783475, 0.06674879, 0.0261088 , 0.01778403])

 41.9410861999			array([  16.09486323,    7.98303417,    4.67494752,    0.7467511 ,
         44.93261179, -114.24206023,  -49.65315985,  -85.29352954,
       -133.9991701 ,  -91.6710934 ])
						array([0.01895935, 0.01471975, 0.0387603 , 0.05117471, 0.03334588,
       0.06359004, 0.06628205, 0.03754619, 0.0146862 , 0.01000352])

 42.2825031508			array([  16.10432028,    7.98557637,    4.62384158,    0.74066205,
         44.85492477, -114.21681415,  -49.69908804,  -85.34709043,
       -133.98210479,  -91.67038602])
						array([0.01895935, 0.01471975, 0.0387603 , 0.05117471, 0.03334588,
       0.06359004, 0.06628205, 0.03754619, 0.0146862 , 0.01000352])

 42.083807556			array([  16.11516345,    7.97289061,    4.64173796,    0.74613791,
         44.9046353 , -114.13738085,  -49.71483216,  -85.36934445,
       -133.9670207 ,  -91.68219468])
						array([0.02527914, 0.01962633, 0.0516804 , 0.06823295, 0.04446117,
       0.08478672, 0.08837606, 0.05006159, 0.0195816 , 0.01333803])

 41.9722963798			array([  16.10460092,    7.97630406,    4.68700421,    0.7828588 ,
         44.83628965, -114.17961482,  -49.68565805,  -85.46345076,
       -133.93504827,  -91.67399032])
						array([0.03370552, 0.02616844, 0.06890721, 0.09097727, 0.05928156,
       0.11304896, 0.11783475, 0.06674879, 0.0261088 , 0.01778403])

 41.9812356253			array([  16.09612429,    7.97090667,    4.68848953,    0.75630347,
         44.84068288, -114.0640311 ,  -49.51027164,  -85.5038755 ,
       -133.91828323,  -91.66127689])
						array([0.01895935, 0.01471975, 0.0387603 , 0.05117471, 0.03334588,
       0.06359004, 0.06628205, 0.03754619, 0.0146862 , 0.01000352])

 42.0212602943			array([  16.10993752,    7.98149585,    4.65278266,    0.79885028,
         44.83517359, -114.10215782,  -49.54936799,  -85.53853262,
       -133.910656  ,  -91.65985275])
						array([0.01421952, 0.01103981, 0.02907023, 0.03838103, 0.02500941,
       0.04769253, 0.04971154, 0.02815964, 0.01101465, 0.00750264])

 41.9304585373			array([  16.10258675,    7.97572626,    4.66710236,    0.7949362 ,
         44.83332109, -114.10328469,  -49.55741406,  -85.58127807,
       -133.92192483,  -91.68332953])
						array([0.01895935, 0.01471975, 0.0387603 , 0.05117471, 0.03334588,
       0.06359004, 0.06628205, 0.03754619, 0.0146862 , 0.01000352])

 41.8074029494			array([  16.09060585,    7.96812034,    4.66038237,    0.76877269,
         44.84175597, -114.07796178,  -49.59973484,  -85.55970841,
       -133.91677947,  -91.68935608])
						array([0.00799848, 0.00620989, 0.016352  , 0.02158933, 0.01406779,
       0.02682705, 0.02796274, 0.0158398 , 0.00619574, 0.00422023])

 41.8079343236			array([  16.08873972,    7.97042123,    4.65969234,    0.77587261,
         44.85900063, -114.08531154,  -49.5505656 ,  -85.54902942,
       -133.91475512,  -91.68707852])
						array([0.00449914, 0.00349307, 0.009198  , 0.012144  , 0.00791313,
       0.01509021, 0.01572904, 0.00890989, 0.0034851 , 0.00237388])

 41.8226715281			array([  16.09661887,    7.97009348,    4.65787118,    0.76079499,
         44.8599041 , -114.07151554,  -49.54235399,  -85.54704638,
       -133.90738948,  -91.68786939])
						array([0.00449914, 0.00349307, 0.009198  , 0.012144  , 0.00791313,
       0.01509021, 0.01572904, 0.00890989, 0.0034851 , 0.00237388])

 41.7893154098			array([  16.09443564,    7.97695486,    4.66357479,    0.76912496,
         44.85725652, -114.07552419,  -49.55519261,  -85.54136208,
       -133.91548742,  -91.68535666])
						array([0.00599886, 0.00465742, 0.012264  , 0.016192  , 0.01055084,
       0.02012029, 0.02097205, 0.01187985, 0.00464681, 0.00316518])

 41.8427415249			array([  16.10027973,    7.9845746 ,    4.67485132,    0.77170232,
         44.86218755, -114.07882468,  -49.54294925,  -85.53382716,
       -133.92302145,  -91.68864505])
						array([0.00449914, 0.00349307, 0.009198  , 0.012144  , 0.00791313,
       0.01509021, 0.01572904, 0.00890989, 0.0034851 , 0.00237388])

 41.8273801236			array([  16.10107533,    7.98584261,    4.66891418,    0.77428274,
         44.86330124, -114.06399124,  -49.55381357,  -85.53811121,
       -133.92270581,  -91.68839509])
						array([0.00189808, 0.00147364, 0.00388041, 0.00512325, 0.00333835,
       0.00636618, 0.00663569, 0.00375886, 0.00147028, 0.00100148])

 41.8172587643			array([  16.09739419,    7.98474774,    4.66907791,    0.76567749,
         44.86291614, -114.0557942 ,  -49.55302938,  -85.53757116,
       -133.92227113,  -91.6884683 ])
						array([0.00189808, 0.00147364, 0.00388041, 0.00512325, 0.00333835,
       0.00636618, 0.00663569, 0.00375886, 0.00147028, 0.00100148])

 41.8104353284			array([  16.0961276 ,    7.98766088,    4.66336751,    0.77081751,
         44.86568548, -114.0528636 ,  -49.54668269,  -85.54488978,
       -133.91847538,  -91.6896602 ])
						array([0.00253077, 0.00196485, 0.00517388, 0.006831  , 0.00445114,
       0.00848825, 0.00884759, 0.00501181, 0.00196037, 0.00133531])

 41.8132757672			array([  16.09693054,    7.9881539 ,    4.66175094,    0.76915538,
         44.86307794, -114.03984381,  -49.54255124,  -85.54095939,
       -133.92073331,  -91.6908744 ])
						array([0.00337436, 0.0026198 , 0.0068985 , 0.009108  , 0.00593485,
       0.01131766, 0.01179678, 0.00668242, 0.00261383, 0.00178041])

 41.8272771724			array([  16.09476347,    7.9887624 ,    4.65376136,    0.7674177 ,
         44.851866  , -114.02766382,  -49.531794  ,  -85.53580183,
       -133.92466446,  -91.69178808])
						array([0.00449914, 0.00349307, 0.009198  , 0.012144  , 0.00791313,
       0.01509021, 0.01572904, 0.00890989, 0.0034851 , 0.00237388])

 41.8267545997			array([  16.09448457,    7.98602795,    4.65101938,    0.76719395,
         44.85207609, -114.02873127,  -49.55116646,  -85.52939092,
       -133.92488798,  -91.6908171 ])
						array([0.00599886, 0.00465742, 0.012264  , 0.016192  , 0.01055084,
       0.02012029, 0.02097205, 0.01187985, 0.00464681, 0.00316518])

 41.8070815567			array([  16.09714199,    7.98365336,    4.65575918,    0.77355349,
         44.85240149, -114.0232452 ,  -49.51441991,  -85.54520496,
       -133.92490916,  -91.68976108])
						array([0.01066464, 0.00827986, 0.02180267, 0.02878578, 0.01875705,
       0.0357694 , 0.03728365, 0.02111973, 0.00826099, 0.00562698])

 41.8455652875			array([  16.09656207,    7.98262858,    4.64920895,    0.78046762,
         44.83187196, -113.99234763,  -49.49734647,  -85.53426712,
       -133.92062095,  -91.68764818])
						array([0.00449914, 0.00349307, 0.009198  , 0.012144  , 0.00791313,
       0.01509021, 0.01572904, 0.00890989, 0.0034851 , 0.00237388])

 41.8019914774			array([  16.09960586,    7.98061317,    4.66010231,    0.77467922,
         44.83934489, -114.00121467,  -49.51617928,  -85.5372379 ,
       -133.91644875,  -91.68781524])
						array([0.00189808, 0.00147364, 0.00388041, 0.00512325, 0.00333835,
       0.00636618, 0.00663569, 0.00375886, 0.00147028, 0.00100148])

 41.8044979374			array([  16.1001734 ,    7.98275469,    4.65997513,    0.77262262,
         44.84492904, -113.99313536,  -49.52136312,  -85.53746093,
       -133.915269  ,  -91.6882044 ])
						array([0.00189808, 0.00147364, 0.00388041, 0.00512325, 0.00333835,
       0.00636618, 0.00663569, 0.00375886, 0.00147028, 0.00100148])

 41.8049548911			array([  16.09949102,    7.98288934,    4.66167396,    0.76630484,
         44.84340901, -113.99009981,  -49.51290467,  -85.53219892,
       -133.91766431,  -91.68867998])
						array([0.00253077, 0.00196485, 0.00517388, 0.006831  , 0.00445114,
       0.00848825, 0.00884759, 0.00501181, 0.00196037, 0.00133531])

 41.8263895328			array([  16.10025908,    7.9828472 ,    4.65805018,    0.76033695,
         44.84292851, -113.97068553,  -49.51999374,  -85.52956483,
       -133.91858132,  -91.68738155])
						array([0.00337436, 0.0026198 , 0.0068985 , 0.009108  , 0.00593485,
       0.01131766, 0.01179678, 0.00668242, 0.00261383, 0.00178041])

 41.8125150228			array([  16.09717577,    7.9827189 ,    4.66045049,    0.7615242 ,
         44.83978694, -113.97782267,  -49.5218859 ,  -85.53160722,
       -133.92316541,  -91.68846288])
						array([0.00449914, 0.00349307, 0.009198  , 0.012144  , 0.00791313,
       0.01509021, 0.01572904, 0.00890989, 0.0034851 , 0.00237388])

 41.8287974812			array([  16.09285211,    7.99024858,    4.65942394,    0.76404092,
         44.84650503, -113.96126748,  -49.51206949,  -85.53063937,
       -133.91887006,  -91.69195868])
						array([0.00599886, 0.00465742, 0.012264  , 0.016192  , 0.01055084,
       0.02012029, 0.02097205, 0.01187985, 0.00464681, 0.00316518])

 41.8460107044			array([  16.09207702,    7.98636956,    4.66906631,    0.75782174,
         44.85901658, -113.99529584,  -49.51960574,  -85.53181901,
       -133.91982225,  -91.69547722])
						array([0.00799848, 0.00620989, 0.016352  , 0.02158933, 0.01406779,
       0.02682705, 0.02796274, 0.0158398 , 0.00619574, 0.00422023])

 41.8344938186			array([  16.09123253,    7.98438244,    4.67229061,    0.76196728,
         44.85729137, -113.9932768 ,  -49.51643553,  -85.53375709,
       -133.91868435,  -91.69536505])
						array([0.00142356, 0.00110523, 0.00291031, 0.00384244, 0.00250376,
       0.00477464, 0.00497677, 0.00281914, 0.00110271, 0.00075111])

 41.8194798775			array([  16.09357191,    7.9837732 ,    4.67197707,    0.76672333,
         44.86297614, -113.9987955 ,  -49.51891932,  -85.53565464,
       -133.92003142,  -91.6949694 ])
						array([0.00106767, 0.00082892, 0.00218273, 0.00288183, 0.00187782,
       0.00358098, 0.00373258, 0.00211436, 0.00082703, 0.00056333])

 41.8181133648			array([  16.09212236,    7.98431759,    4.67113705,    0.76643689,
         44.86409714, -114.00059302,  -49.51669558,  -85.53613879,
       -133.92048601,  -91.69498636])
						array([0.00080075, 0.00062169, 0.00163705, 0.00216137, 0.00140837,
       0.00268573, 0.00279943, 0.00158577, 0.00062027, 0.0004225 ])

 41.8206447357			array([  16.09241549,    7.98412221,    4.67216896,    0.76709797,
         44.86420285, -114.00094959,  -49.51430332,  -85.53537496,
       -133.92059988,  -91.69466595])
						array([0.00106767, 0.00082892, 0.00218273, 0.00288183, 0.00187782,
       0.00358098, 0.00373258, 0.00211436, 0.00082703, 0.00056333])

 41.8230744832			array([  16.09317341,    7.98497707,    4.67124398,    0.76493145,
         44.86388793, -114.00433782,  -49.51842753,  -85.5369171 ,
       -133.92087599,  -91.69449955])
						array([0.00142356, 0.00110523, 0.00291031, 0.00384244, 0.00250376,
       0.00477464, 0.00497677, 0.00281914, 0.00110271, 0.00075111])

 41.8208792158			array([  16.09284489,    7.98425928,    4.6723003 ,    0.77335687,
         44.86039768, -114.00119203,  -49.52011403,  -85.53869144,
       -133.9209063 ,  -91.69358163])
						array([0.00189808, 0.00147364, 0.00388041, 0.00512325, 0.00333835,
       0.00636618, 0.00663569, 0.00375886, 0.00147028, 0.00100148])

 41.8122851336			array([  16.09083778,    7.98273776,    4.67123097,    0.77064101,
         44.85906808, -113.99986418,  -49.51600663,  -85.53502933,
       -133.92043488,  -91.69330755])
						array([0.00253077, 0.00196485, 0.00517388, 0.006831  , 0.00445114,
       0.00848825, 0.00884759, 0.00501181, 0.00196037, 0.00133531])

 41.8134429996			array([  16.09310481,    7.98395315,    4.66064895,    0.77985306,
         44.86143773, -113.97832141,  -49.52439435,  -85.53064701,
       -133.91406174,  -91.6930982 ])
						array([0.00599886, 0.00465742, 0.012264  , 0.016192  , 0.01055084,
       0.02012029, 0.02097205, 0.01187985, 0.00464681, 0.00316518])

 41.8011440844			array([  16.09170721,    7.98304855,    4.65593649,    0.76860132,
         44.87270549, -113.99947416,  -49.50456349,  -85.52457788,
       -133.91069326,  -91.69290276])
						array([0.00449914, 0.00349307, 0.009198  , 0.012144  , 0.00791313,
       0.01509021, 0.01572904, 0.00890989, 0.0034851 , 0.00237388])

 41.7998413632			array([  16.08773142,    7.9830357 ,    4.66181437,    0.76858076,
         44.87228669, -113.99194397,  -49.50897822,  -85.52940924,
       -133.90963697,  -91.69395341])
						array([0.00189808, 0.00147364, 0.00388041, 0.00512325, 0.00333835,
       0.00636618, 0.00663569, 0.00375886, 0.00147028, 0.00100148])

 41.8018468112			array([  16.08842418,    7.98409253,    4.6619265 ,    0.76770078,
         44.87026511, -113.99557806,  -49.51068453,  -85.53187466,
       -133.91106188,  -91.69263969])
						array([0.00142356, 0.00110523, 0.00291031, 0.00384244, 0.00250376,
       0.00477464, 0.00497677, 0.00281914, 0.00110271, 0.00075111])

 41.8040893211			array([  16.08833078,    7.98267323,    4.66613248,    0.77427067,
         44.87104566, -114.00146145,  -49.508933  ,  -85.52779144,
       -133.91131097,  -91.69230682])
						array([0.00189808, 0.00147364, 0.00388041, 0.00512325, 0.00333835,
       0.00636618, 0.00663569, 0.00375886, 0.00147028, 0.00100148])

 41.8009722688			array([  16.08977565,    7.98188712,    4.66714216,    0.77316347,
         44.87364292, -113.99652338,  -49.51282524,  -85.52261181,
       -133.91064503,  -91.69152136])
						array([0.00253077, 0.00196485, 0.00517388, 0.006831  , 0.00445114,
       0.00848825, 0.00884759, 0.00501181, 0.00196037, 0.00133531])

 41.7999181064			array([  16.08734965,    7.97977982,    4.66230404,    0.76553076,
         44.86395702, -113.98663577,  -49.53182207,  -85.53472808,
       -133.9138242 ,  -91.69432674])
						array([0.00799848, 0.00620989, 0.016352  , 0.02158933, 0.01406779,
       0.02682705, 0.02796274, 0.0158398 , 0.00619574, 0.00422023])

 41.7920511288			array([  16.09468136,    7.97921684,    4.65907048,    0.77360584,
         44.85802013, -113.97655996,  -49.51069229,  -85.534378  ,
       -133.9113036 ,  -91.69150697])
						array([0.00337436, 0.0026198 , 0.0068985 , 0.009108  , 0.00593485,
       0.01131766, 0.01179678, 0.00668242, 0.00261383, 0.00178041])

 41.7921761241			array([  16.09548292,    7.98049133,    4.66272428,    0.77306042,
         44.85852123, -113.97930431,  -49.50581954,  -85.53597258,
       -133.91407442,  -91.69107369])
						array([0.00106767, 0.00082892, 0.00218273, 0.00288183, 0.00187782,
       0.00358098, 0.00373258, 0.00211436, 0.00082703, 0.00056333])

 41.7930932756			array([  16.09494439,    7.98011553,    4.66342343,    0.77416976,
         44.85829189, -113.97904164,  -49.50473393,  -85.53510962,
       -133.91367667,  -91.69157844])
						array([0.00106767, 0.00082892, 0.00218273, 0.00288183, 0.00187782,
       0.00358098, 0.00373258, 0.00211436, 0.00082703, 0.00056333])

 41.7925880231			array([  16.09504366,    7.98081921,    4.66444489,    0.77186245,
         44.86212689, -113.97602306,  -49.5024568 ,  -85.53638709,
       -133.91333479,  -91.69160459])
						array([0.00142356, 0.00110523, 0.00291031, 0.00384244, 0.00250376,
       0.00477464, 0.00497677, 0.00281914, 0.00110271, 0.00075111])

 41.7946738629			array([  16.09730858,    7.97921659,    4.6624793 ,    0.76680042,
         44.86395632, -113.97100982,  -49.51283576,  -85.53673776,
       -133.91286692,  -91.6938461 ])
						array([0.00189808, 0.00147364, 0.00388041, 0.00512325, 0.00333835,
       0.00636618, 0.00663569, 0.00375886, 0.00147028, 0.00100148])

------------------------------------ 


------------------------------------ 
TOTAL GENERATIONS: 1000
------------------------------------ 
