------------------------------------ 
PARAMETERS used: 
 - DNA SIZE: '10'
 - c: '0.75'
 - s: '15'
 - num rotors in robot: '4'
 - num total generations: '1000'
------------------------------------ 


------------------------------------ 
Fitness_value		Individual
------------------------------------ 
 6899.01165724			array([-45.79687406,  50.56160793, -24.79577892, -28.56772281,
       -13.50234179,  94.01680902,  51.08876437, -73.90209908,
       -77.01665567,  22.73307773])
						array([4.79951007, 9.45027395, 7.06475258, 4.61688512, 2.05304451,
       2.66012355, 5.14902336, 1.23324005, 3.16756369, 5.14159911])

 6846.2891114			array([-43.81334915,  46.29332099, -28.01358689, -33.73778944,
       -11.2826328 ,  97.45018228,  49.5065836 , -75.29859274,
       -75.97189271,  12.14407806])
						array([4.79951007, 9.45027395, 7.06475258, 4.61688512, 2.05304451,
       2.66012355, 5.14902336, 1.23324005, 3.16756369, 5.14159911])

 6299.07519532			array([-45.90055617,  39.62393181, -27.54381157, -30.31793874,
       -14.53894184,  98.19786763,  48.98987417, -75.56586803,
       -74.57770803,   8.65995108])
						array([ 6.39934677, 12.60036526,  9.41967011,  6.15584683,  2.73739268,
        3.5468314 ,  6.86536449,  1.64432006,  4.22341826,  6.85546548])

 3957.97804356			array([-43.60513854,  19.0587175 , -13.65858118, -22.14984646,
       -15.14692333,  98.9135399 ,  44.63058056, -77.56897062,
       -77.31782368,  15.10432128])
						array([ 8.53246236, 16.80048702, 12.55956015,  8.20779577,  3.64985691,
        4.72910854,  9.15381931,  2.19242675,  5.63122434,  9.14062063])

 3422.0287832			array([-33.50060044,  15.93871285, -10.93320396, -32.39098411,
       -13.26887833,  90.07831837,  49.45072173, -74.88920842,
       -76.32462764,  23.5015423 ])
						array([11.37661647, 22.40064936, 16.7460802 , 10.9437277 ,  4.86647588,
        6.30547805, 12.20509242,  2.92323566,  7.50829912, 12.18749418])

 1695.33036785			array([-16.19487793,  20.32640892,  -7.64321491, -23.25376883,
       -15.57305251,  91.45449074,  50.20329832, -75.8222236 ,
       -75.7258159 ,  31.06431676])
						array([ 6.39934677, 12.60036526,  9.41967011,  6.15584683,  2.73739268,
        3.5468314 ,  6.86536449,  1.64432006,  4.22341826,  6.85546548])

 1542.19267275			array([ -2.16462936,  23.22619559,  -1.74642712, -30.24264665,
       -15.71279225,  98.80179827,  53.07039566, -74.48366734,
       -76.13844558,  28.13574943])
						array([4.79951007, 9.45027395, 7.06475258, 4.61688512, 2.05304451,
       2.66012355, 5.14902336, 1.23324005, 3.16756369, 5.14159911])

 1538.60586982			array([ 8.60472247e-02,  2.17625302e+01, -1.45756473e+00, -3.21351763e+01,
       -1.68485818e+01,  9.74524228e+01,  5.34293542e+01, -7.45361583e+01,
       -7.63024869e+01,  3.00696181e+01])
						array([1.51859498, 2.99012574, 2.23533187, 1.46081131, 0.64959612,
       0.84167972, 1.62918317, 0.39020486, 1.00223695, 1.62683409])

 1294.5994553			array([  1.1160649 ,  19.01964527,  -0.4238555 , -30.25113556,
       -17.52531226,  97.25348042,  52.97850352, -74.43060784,
       -77.15613548,  32.45509739])
						array([2.02479331, 3.98683432, 2.9804425 , 1.94774841, 0.86612815,
       1.12223962, 2.17224423, 0.52027314, 1.33631593, 2.16911212])

 1180.21248589			array([  3.4401765 ,  11.80218635,   0.49533084, -30.61964974,
       -18.01779076,  97.2051666 ,  56.19004015, -74.09876866,
       -72.41894402,  36.24059093])
						array([4.79951007, 9.45027395, 7.06475258, 4.61688512, 2.05304451,
       2.66012355, 5.14902336, 1.23324005, 3.16756369, 5.14159911])

 642.247953723			array([ 12.29780768, -11.02458981, -12.40697391,  -7.30502037,
       -22.75360544, 100.40710313,  68.49013229, -72.50547911,
       -67.20004798,  44.54566385])
						array([15.16882196, 29.86753247, 22.32810693, 14.59163693,  6.48863451,
        8.40730406, 16.27345656,  3.89764755, 10.0110655 , 16.24999224])

 209.746231361			array([ 14.24923154,   3.40721216,  12.33514373,   9.41798771,
       -23.91009731, 100.71237457,  57.13199492, -70.17612453,
       -77.34864627,  53.43362097])
						array([ 6.39934677, 12.60036526,  9.41967011,  6.15584683,  2.73739268,
        3.5468314 ,  6.86536449,  1.64432006,  4.22341826,  6.85546548])

 165.597774959			array([  9.17293501,  10.91219008,   1.45488068,  12.16711308,
       -24.25216483,  97.82122722,  51.14309237, -72.52480641,
       -84.86844907,  49.05237197])
						array([4.79951007, 9.45027395, 7.06475258, 4.61688512, 2.05304451,
       2.66012355, 5.14902336, 1.23324005, 3.16756369, 5.14159911])

 132.313470663			array([  8.91472153,  10.82240912,   0.65516701,  10.52734491,
       -24.09056649,  97.62127562,  51.3329264 , -72.60930069,
       -84.97543076,  49.30109269])
						array([0.36036971, 0.70957085, 0.53045473, 0.34665737, 0.1541522 ,
       0.19973454, 0.3866128 , 0.09259744, 0.23783553, 0.38605536])

 128.644074697			array([  9.13962089,   9.61012857,   1.4919389 ,  10.13935527,
       -24.17568804,  97.81047638,  51.34841346, -72.73088058,
       -85.02560923,  49.71776035])
						array([0.36036971, 0.70957085, 0.53045473, 0.34665737, 0.1541522 ,
       0.19973454, 0.3866128 , 0.09259744, 0.23783553, 0.38605536])

 112.67629296			array([  9.11098653,   9.62875166,   2.31289616,   9.67450725,
       -24.20014735,  98.01768289,  51.39356541, -72.74531803,
       -84.9766996 ,  50.23465639])
						array([0.36036971, 0.70957085, 0.53045473, 0.34665737, 0.1541522 ,
       0.19973454, 0.3866128 , 0.09259744, 0.23783553, 0.38605536])

 101.711227194			array([  8.85068233,   7.58502215,   2.64385415,   9.58826229,
       -24.37325921,  97.99758715,  50.53258575, -72.77616349,
       -84.55741602,  50.47868   ])
						array([0.48049294, 0.94609447, 0.70727298, 0.46220983, 0.20553627,
       0.26631272, 0.51548374, 0.12346326, 0.31711403, 0.51474047])

 99.1622854401			array([  7.32976798,   8.1023428 ,   2.38814566,   9.7150281 ,
       -24.68566835,  97.48612918,  50.28667075, -72.61581344,
       -84.64009495,  50.80868156])
						array([0.85420968, 1.68194573, 1.25737418, 0.82170636, 0.36539782,
       0.47344484, 0.91641554, 0.21949023, 0.56375828, 0.91509418])

 96.2171069748			array([  7.19600058,   7.91934879,   2.3079412 ,   9.69610413,
       -24.70331279,  97.51603884,  50.28539181, -72.67847314,
       -84.65783705,  50.81238335])
						array([0.08551742, 0.16838449, 0.12587939, 0.08226342, 0.03658104,
       0.04739794, 0.09174503, 0.02197381, 0.05643949, 0.09161275])

 96.45687522			array([  7.21391538,   7.96068394,   2.33106833,   9.62326976,
       -24.72052015,  97.52529661,  50.2707784 , -72.67670803,
       -84.66314488,  50.80642215])
						array([0.02705825, 0.05327791, 0.03982903, 0.02602866, 0.01157447,
       0.01499701, 0.0290287 , 0.00695265, 0.01785781, 0.02898685])

 94.9848883004			array([  7.20615152,   7.94287272,   2.37980554,   9.58320098,
       -24.73797195,  97.52520728,  50.28996379, -72.69065202,
       -84.66557061,  50.79433101])
						array([0.02705825, 0.05327791, 0.03982903, 0.02602866, 0.01157447,
       0.01499701, 0.0290287 , 0.00695265, 0.01785781, 0.02898685])

 90.7776592355			array([  7.20786977,   7.94225736,   2.43099258,   9.60695444,
       -24.73069309,  97.50740032,  50.30846964, -72.70689111,
       -84.66257166,  50.82219656])
						array([0.03607766, 0.07103721, 0.05310537, 0.03470488, 0.01543263,
       0.01999601, 0.03870493, 0.0092702 , 0.02381041, 0.03864913])

 89.2525328157			array([  7.14576194,   7.98551856,   2.44868054,   9.58749481,
       -24.76841191,  97.47734767,  50.27122325, -72.7204957 ,
       -84.65432709,  50.86510744])
						array([0.06413807, 0.12628837, 0.09440955, 0.06169756, 0.02743578,
       0.03554846, 0.06880877, 0.01648036, 0.04232961, 0.06870956])

 87.2955919212			array([  7.10963834,   7.94878006,   2.57894471,   9.48768051,
       -24.73782351,  97.55175138,  50.25375737, -72.71453504,
       -84.62360922,  50.91914912])
						array([0.08551742, 0.16838449, 0.12587939, 0.08226342, 0.03658104,
       0.04739794, 0.09174503, 0.02197381, 0.05643949, 0.09161275])

 87.2870820804			array([  7.120661  ,   7.94852927,   2.67053282,   9.44812525,
       -24.71826468,  97.53186204,  50.22068353, -72.73500788,
       -84.58659524,  50.92304096])
						array([0.02029368, 0.03995843, 0.02987177, 0.01952149, 0.00868085,
       0.01124775, 0.02177153, 0.00521449, 0.01339335, 0.02174013])

 87.3839568501			array([  7.1275662 ,   7.95312194,   2.66800124,   9.4437426 ,
       -24.72506269,  97.53422899,  50.22495624, -72.73669606,
       -84.576898  ,  50.92529809])
						array([0.0114152 , 0.02247662, 0.01680287, 0.01098084, 0.00488298,
       0.00632686, 0.01224648, 0.00293315, 0.00753376, 0.01222883])

 87.1926159422			array([  7.14154721,   7.94955965,   2.68730942,   9.44976222,
       -24.71846195,  97.53040355,  50.21405865, -72.73704977,
       -84.56283246,  50.9249492 ])
						array([0.0114152 , 0.02247662, 0.01680287, 0.01098084, 0.00488298,
       0.00632686, 0.01224648, 0.00293315, 0.00753376, 0.01222883])

 86.5882015534			array([  7.14489128,   7.94228595,   2.69336099,   9.46692066,
       -24.71920733,  97.53246934,  50.2190631 , -72.73802066,
       -84.56203826,  50.93745891])
						array([0.01522026, 0.02996882, 0.02240383, 0.01464112, 0.00651064,
       0.00843582, 0.01632864, 0.00391087, 0.01004502, 0.0163051 ])

 87.0013234964			array([  7.1653444 ,   7.96466656,   2.72089786,   9.46443323,
       -24.70914762,  97.52298069,  50.21754238, -72.73733765,
       -84.56264842,  50.93786438])
						array([0.02029368, 0.03995843, 0.02987177, 0.01952149, 0.00868085,
       0.01124775, 0.02177153, 0.00521449, 0.01339335, 0.02174013])

 86.871097715			array([  7.16900852,   7.94570479,   2.65064668,   9.46332601,
       -24.68230463,  97.48405899,  50.17087901, -72.75025142,
       -84.51342446,  50.97284165])
						array([0.06413807, 0.12628837, 0.09440955, 0.06169756, 0.02743578,
       0.03554846, 0.06880877, 0.01648036, 0.04232961, 0.06870956])

 84.5201275932			array([  7.14912104,   8.01874168,   2.65959553,   9.5124386 ,
       -24.68246673,  97.46866884,  50.18979155, -72.75362828,
       -84.50078111,  50.96128435])
						array([0.02029368, 0.03995843, 0.02987177, 0.01952149, 0.00868085,
       0.01124775, 0.02177153, 0.00521449, 0.01339335, 0.02174013])

 82.432236746			array([  7.18322073,   8.00639857,   2.68000085,   9.56121153,
       -24.67979401,  97.48165696,  50.16739081, -72.75812836,
       -84.50386929,  50.98875673])
						array([0.01522026, 0.02996882, 0.02240383, 0.01464112, 0.00651064,
       0.00843582, 0.01632864, 0.00391087, 0.01004502, 0.0163051 ])

 82.3061378749			array([  7.18135376,   7.9572918 ,   2.66820575,   9.56120682,
       -24.68257872,  97.47893661,  50.17526319, -72.754535  ,
       -84.506266  ,  50.9930563 ])
						array([0.0114152 , 0.02247662, 0.01680287, 0.01098084, 0.00488298,
       0.00632686, 0.01224648, 0.00293315, 0.00753376, 0.01222883])

 81.4841792076			array([  7.18709063,   7.98975973,   2.69094173,   9.58298908,
       -24.67891168,  97.48202888,  50.17410306, -72.75315881,
       -84.51145603,  51.00254584])
						array([0.01522026, 0.02996882, 0.02240383, 0.01464112, 0.00651064,
       0.00843582, 0.01632864, 0.00391087, 0.01004502, 0.0163051 ])

 80.8878367857			array([  7.15083821,   7.9700916 ,   2.69037717,   9.58654241,
       -24.68269509,  97.49094663,  50.17500401, -72.75387809,
       -84.50805984,  50.98379042])
						array([0.02705825, 0.05327791, 0.03982903, 0.02602866, 0.01157447,
       0.01499701, 0.0290287 , 0.00695265, 0.01785781, 0.02898685])

 80.8909871541			array([  7.18150955,   7.98065121,   2.72690668,   9.60818245,
       -24.67069935,  97.49904411,  50.16402925, -72.74840365,
       -84.48762506,  50.96437467])
						array([0.03607766, 0.07103721, 0.05310537, 0.03470488, 0.01543263,
       0.01999601, 0.03870493, 0.0092702 , 0.02381041, 0.03864913])

 80.9703950896			array([  7.15649125,   7.96656371,   2.78076519,   9.64925306,
       -24.65009305,  97.4822288 ,  50.22120067, -72.74804287,
       -84.54784883,  50.93694762])
						array([0.06413807, 0.12628837, 0.09440955, 0.06169756, 0.02743578,
       0.03554846, 0.06880877, 0.01648036, 0.04232961, 0.06870956])

 79.2249497106			array([  7.12591046,   7.89878841,   2.68643317,   9.76723029,
       -24.63596528,  97.42577092,  50.19889544, -72.744329  ,
       -84.51188255,  51.08128632])
						array([0.06413807, 0.12628837, 0.09440955, 0.06169756, 0.02743578,
       0.03554846, 0.06880877, 0.01648036, 0.04232961, 0.06870956])

 78.6019845973			array([  7.13830476,   7.93859476,   2.7089021 ,   9.77139642,
       -24.62527382,  97.43009396,  50.20644439, -72.73740219,
       -84.49169531,  51.07598987])
						array([0.03607766, 0.07103721, 0.05310537, 0.03470488, 0.01543263,
       0.01999601, 0.03870493, 0.0092702 , 0.02381041, 0.03864913])

 78.5682972986			array([  7.1718887 ,   7.94071048,   2.71954838,   9.73736868,
       -24.6294495 ,  97.44456711,  50.30282598, -72.74612363,
       -84.51630501,  51.1272896 ])
						array([0.03607766, 0.07103721, 0.05310537, 0.03470488, 0.01543263,
       0.01999601, 0.03870493, 0.0092702 , 0.02381041, 0.03864913])

 77.8808103813			array([  7.1571151 ,   7.97431991,   2.68417174,   9.75470576,
       -24.61510725,  97.42773698,  50.28555291, -72.75492232,
       -84.51824141,  51.12447507])
						array([0.04810355, 0.09471628, 0.07080716, 0.04627317, 0.02057684,
       0.02666134, 0.05160658, 0.01236027, 0.03174721, 0.05153217])

 78.0636299192			array([  7.14607293,   7.93459424,   2.6843307 ,   9.74147424,
       -24.61154135,  97.42989526,  50.29100175, -72.75824982,
       -84.50990037,  51.1476304 ])
						array([0.0114152 , 0.02247662, 0.01680287, 0.01098084, 0.00488298,
       0.00632686, 0.01224648, 0.00293315, 0.00753376, 0.01222883])

 78.1572631611			array([  7.14224131,   7.92990609,   2.67930884,   9.74674621,
       -24.60205787,  97.43078043,  50.27732212, -72.75388243,
       -84.50555735,  51.16300283])
						array([0.0085614 , 0.01685746, 0.01260215, 0.00823563, 0.00366223,
       0.00474515, 0.00918486, 0.00219986, 0.00565032, 0.00917162])

 77.9401152612			array([  7.14468742,   7.94256288,   2.676979  ,   9.74520284,
       -24.59637605,  97.42549579,  50.27556981, -72.75412182,
       -84.51243863,  51.16347551])
						array([0.00481579, 0.00948232, 0.00708871, 0.00463254, 0.00206001,
       0.00266914, 0.00516649, 0.00123742, 0.00317831, 0.00515904])

 77.8253329268			array([  7.14063157,   7.95231766,   2.6799666 ,   9.74503521,
       -24.60243328,  97.43114562,  50.28037409, -72.75279264,
       -84.51386757,  51.16155468])
						array([0.00642105, 0.0126431 , 0.00945161, 0.00617672, 0.00274668,
       0.00355886, 0.00688865, 0.0016499 , 0.00423774, 0.00687871])

 77.7971239579			array([  7.13995242,   7.96559053,   2.69144497,   9.7457671 ,
       -24.6039663 ,  97.42944315,  50.28931458, -72.74853793,
       -84.51060606,  51.16064972])
						array([0.0085614 , 0.01685746, 0.01260215, 0.00823563, 0.00366223,
       0.00474515, 0.00918486, 0.00219986, 0.00565032, 0.00917162])

 78.1789311616			array([  7.13278708,   7.96672019,   2.7072312 ,   9.7635763 ,
       -24.60484286,  97.43159889,  50.2861884 , -72.74907918,
       -84.51017205,  51.17201726])
						array([0.0114152 , 0.02247662, 0.01680287, 0.01098084, 0.00488298,
       0.00632686, 0.01224648, 0.00293315, 0.00753376, 0.01222883])

 78.2336487516			array([  7.1383118 ,   7.99456315,   2.69672425,   9.77251749,
       -24.60152816,  97.44535689,  50.29448964, -72.74817774,
       -84.49980054,  51.16535615])
						array([0.01522026, 0.02996882, 0.02240383, 0.01464112, 0.00651064,
       0.00843582, 0.01632864, 0.00391087, 0.01004502, 0.0163051 ])

 78.4608390318			array([  7.12194347,   7.94171929,   2.70402214,   9.76656871,
       -24.60441628,  97.43449985,  50.30186908, -72.74935394,
       -84.50694724,  51.16009014])
						array([0.0085614 , 0.01685746, 0.01260215, 0.00823563, 0.00366223,
       0.00474515, 0.00918486, 0.00219986, 0.00565032, 0.00917162])

 78.3988184764			array([  7.12474641,   7.94786121,   2.6978451 ,   9.77249929,
       -24.60295467,  97.43426997,  50.3164726 , -72.75069569,
       -84.50778199,  51.16155614])
						array([0.00642105, 0.0126431 , 0.00945161, 0.00617672, 0.00274668,
       0.00355886, 0.00688865, 0.0016499 , 0.00423774, 0.00687871])

 78.4391310965			array([  7.12275532,   7.94007996,   2.69648512,   9.76920346,
       -24.60540936,  97.4371486 ,  50.32037639, -72.7487531 ,
       -84.51025616,  51.16011212])
						array([0.00481579, 0.00948232, 0.00708871, 0.00463254, 0.00206001,
       0.00266914, 0.00516649, 0.00123742, 0.00317831, 0.00515904])

 78.4166682965			array([  7.11535925,   7.94429094,   2.69759828,   9.7672898 ,
       -24.61005365,  97.43334998,  50.32272067, -72.74707332,
       -84.50433496,  51.15894947])
						array([0.00642105, 0.0126431 , 0.00945161, 0.00617672, 0.00274668,
       0.00355886, 0.00688865, 0.0016499 , 0.00423774, 0.00687871])

 78.318178931			array([  7.12237345,   7.94949368,   2.68477886,   9.7737997 ,
       -24.60522483,  97.4350775 ,  50.3215817 , -72.74526743,
       -84.50012177,  51.16903501])
						array([0.0085614 , 0.01685746, 0.01260215, 0.00823563, 0.00366223,
       0.00474515, 0.00918486, 0.00219986, 0.00565032, 0.00917162])

 78.1704754707			array([  7.1142116 ,   7.95979893,   2.68138328,   9.76800166,
       -24.60457738,  97.42920241,  50.32124952, -72.74521422,
       -84.49918952,  51.16449042])
						array([0.0114152 , 0.02247662, 0.01680287, 0.01098084, 0.00488298,
       0.00632686, 0.01224648, 0.00293315, 0.00753376, 0.01222883])

 78.3435247733			array([  7.10405737,   7.99107204,   2.67535183,   9.77334238,
       -24.61094641,  97.42102416,  50.32949179, -72.7514606 ,
       -84.50036692,  51.13706886])
						array([0.02029368, 0.03995843, 0.02987177, 0.01952149, 0.00868085,
       0.01124775, 0.02177153, 0.00521449, 0.01339335, 0.02174013])

 78.2616951708			array([  7.11629442,   8.00315143,   2.6804947 ,   9.77063892,
       -24.61540678,  97.40934881,  50.29674378, -72.74435776,
       -84.50468685,  51.12489894])
						array([0.02705825, 0.05327791, 0.03982903, 0.02602866, 0.01157447,
       0.01499701, 0.0290287 , 0.00695265, 0.01785781, 0.02898685])

 78.017594132			array([  7.120672  ,   7.97868215,   2.71381965,   9.72452887,
       -24.62651183,  97.40666231,  50.26982764, -72.73448845,
       -84.52570029,  51.08641434])
						array([0.03607766, 0.07103721, 0.05310537, 0.03470488, 0.01543263,
       0.01999601, 0.03870493, 0.0092702 , 0.02381041, 0.03864913])

 77.6673834168			array([  7.13319924,   7.96735243,   2.6829684 ,   9.73216281,
       -24.61628407,  97.40409307,  50.26971897, -72.73727448,
       -84.5358416 ,  51.01210185])
						array([0.04810355, 0.09471628, 0.07080716, 0.04627317, 0.02057684,
       0.02666134, 0.05160658, 0.01236027, 0.03174721, 0.05153217])

 76.1874551735			array([  7.05329352,   7.15883248,   2.53462854,   8.53385897,
       -24.73303081,  97.25879792,  50.96501781, -72.88265817,
       -83.89500416,  51.4084438 ])
						array([0.64065726, 1.2614593 , 0.94303063, 0.61627977, 0.27404836,
       0.35508363, 0.68731165, 0.16461767, 0.42281871, 0.68632063])

 74.3114743921			array([  7.08616419,   6.82157579,   2.7121254 ,   8.46858736,
       -24.77779792,  97.36655707,  50.94585303, -72.90562228,
       -83.89856117,  51.46029211])
						array([0.11402323, 0.22451265, 0.16783919, 0.10968456, 0.04877472,
       0.06319726, 0.12232671, 0.02929841, 0.07525265, 0.12215033])

 73.4670976273			array([  7.01137553,   6.93786775,   2.62430625,   8.45233025,
       -24.76918021,  97.38363954,  51.01071068, -72.89686202,
       -83.88573377,  51.42906495])
						array([0.04810355, 0.09471628, 0.07080716, 0.04627317, 0.02057684,
       0.02666134, 0.05160658, 0.01236027, 0.03174721, 0.05153217])

 68.2697154296			array([  7.08325298,   6.95727708,   2.62326294,   8.50392823,
       -24.75095704,  97.35307283,  50.97498717, -72.91001541,
       -83.92728986,  51.396717  ])
						array([0.06413807, 0.12628837, 0.09440955, 0.06169756, 0.02743578,
       0.03554846, 0.06880877, 0.01648036, 0.04232961, 0.06870956])

 67.1134903356			array([  7.00865402,   6.99066613,   2.66237655,   8.57086978,
       -24.7212784 ,  97.31710445,  50.82208465, -72.91115436,
       -83.94778418,  51.51875795])
						array([0.08551742, 0.16838449, 0.12587939, 0.08226342, 0.03658104,
       0.04739794, 0.09174503, 0.02197381, 0.05643949, 0.09161275])

 66.6166210192			array([  7.08166883,   6.99817989,   2.69183295,   8.52881751,
       -24.71012189,  97.30189814,  50.72926358, -72.93849824,
       -83.96796492,  51.39805626])
						array([0.08551742, 0.16838449, 0.12587939, 0.08226342, 0.03658104,
       0.04739794, 0.09174503, 0.02197381, 0.05643949, 0.09161275])

 64.1255755806			array([  7.03536188,   6.97976756,   2.70518214,   8.61982994,
       -24.73724109,  97.27147211,  50.83645576, -72.90832055,
       -83.93306525,  51.37819307])
						array([0.06413807, 0.12628837, 0.09440955, 0.06169756, 0.02743578,
       0.03554846, 0.06880877, 0.01648036, 0.04232961, 0.06870956])

 63.0527929668			array([  7.10570709,   6.98369505,   2.73345475,   8.61261661,
       -24.7112405 ,  97.25739445,  50.80415451, -72.91929195,
       -83.90537081,  51.39081932])
						array([0.03607766, 0.07103721, 0.05310537, 0.03470488, 0.01543263,
       0.01999601, 0.03870493, 0.0092702 , 0.02381041, 0.03864913])

 61.2827203117			array([  7.06080553,   7.00225048,   2.66398452,   8.68947147,
       -24.72898111,  97.24475781,  50.81724589, -72.90129137,
       -83.89223058,  51.42101363])
						array([0.04810355, 0.09471628, 0.07080716, 0.04627317, 0.02057684,
       0.02666134, 0.05160658, 0.01236027, 0.03174721, 0.05153217])

 60.9528231998			array([  7.11333033,   7.00137277,   2.65764994,   8.65520964,
       -24.71854668,  97.23641718,  50.86829538, -72.91886754,
       -83.89057768,  51.42400071])
						array([0.06413807, 0.12628837, 0.09440955, 0.06169756, 0.02743578,
       0.03554846, 0.06880877, 0.01648036, 0.04232961, 0.06870956])

 60.2058717916			array([  7.12301292,   6.99706939,   2.64501718,   8.69146291,
       -24.74440099,  97.236006  ,  50.82952784, -72.92344842,
       -83.89109134,  51.44355843])
						array([0.02029368, 0.03995843, 0.02987177, 0.01952149, 0.00868085,
       0.01124775, 0.02177153, 0.00521449, 0.01339335, 0.02174013])

 60.3279558878			array([  7.11144676,   7.00683481,   2.68100718,   8.68662785,
       -24.74160424,  97.2532983 ,  50.81136052, -72.91534634,
       -83.89361963,  51.47084021])
						array([0.01522026, 0.02996882, 0.02240383, 0.01464112, 0.00651064,
       0.00843582, 0.01632864, 0.00391087, 0.01004502, 0.0163051 ])

 60.372788668			array([  7.10981442,   7.00972041,   2.67606049,   8.68595827,
       -24.73549371,  97.25162144,  50.79412137, -72.91891128,
       -83.8970906 ,  51.48326511])
						array([0.0114152 , 0.02247662, 0.01680287, 0.01098084, 0.00488298,
       0.00632686, 0.01224648, 0.00293315, 0.00753376, 0.01222883])

 60.1264100614			array([  7.12397685,   7.01706861,   2.65343202,   8.7086127 ,
       -24.73746306,  97.25405877,  50.81056245, -72.91441866,
       -83.89315786,  51.49568221])
						array([0.01522026, 0.02996882, 0.02240383, 0.01464112, 0.00651064,
       0.00843582, 0.01632864, 0.00391087, 0.01004502, 0.0163051 ])

 60.2722706879			array([  7.1685662 ,   6.94280826,   2.69162397,   8.72271663,
       -24.75182331,  97.24667145,  50.83621126, -72.91517598,
       -83.86275334,  51.47150026])
						array([0.04810355, 0.09471628, 0.07080716, 0.04627317, 0.02057684,
       0.02666134, 0.05160658, 0.01236027, 0.03174721, 0.05153217])

 60.4012183679			array([  7.17461361,   6.94773115,   2.70147555,   8.74361804,
       -24.75480694,  97.24200233,  50.82915031, -72.91386344,
       -83.85992578,  51.4957734 ])
						array([0.0085614 , 0.01685746, 0.01260215, 0.00823563, 0.00366223,
       0.00474515, 0.00918486, 0.00219986, 0.00565032, 0.00917162])

 60.1723316887			array([  7.17135499,   6.95176635,   2.69067675,   8.73593567,
       -24.75135624,  97.23942492,  50.8170988 , -72.91197839,
       -83.85391375,  51.48850499])
						array([0.00361184, 0.00711174, 0.00531653, 0.00347441, 0.00154501,
       0.00200186, 0.00387486, 0.00092807, 0.00238373, 0.00386928])

 60.1328776752			array([  7.16497519,   6.95421304,   2.69744645,   8.73701312,
       -24.75121704,  97.23712195,  50.81794138, -72.91089507,
       -83.85318292,  51.48303235])
						array([0.00361184, 0.00711174, 0.00531653, 0.00347441, 0.00154501,
       0.00200186, 0.00387486, 0.00092807, 0.00238373, 0.00386928])

 60.0165826669			array([  7.1652879 ,   6.96231616,   2.69367729,   8.73416296,
       -24.74837699,  97.23891589,  50.81726617, -72.9087541 ,
       -83.85493541,  51.49035956])
						array([0.00481579, 0.00948232, 0.00708871, 0.00463254, 0.00206001,
       0.00266914, 0.00516649, 0.00123742, 0.00317831, 0.00515904])

 60.0598738951			array([  7.16643293,   6.97659666,   2.70382665,   8.73211623,
       -24.74717933,  97.24143515,  50.8176384 , -72.9104251 ,
       -83.85751264,  51.49190698])
						array([0.00642105, 0.0126431 , 0.00945161, 0.00617672, 0.00274668,
       0.00355886, 0.00688865, 0.0016499 , 0.00423774, 0.00687871])

 60.1058209781			array([  7.16558023,   6.96780749,   2.70533398,   8.73125841,
       -24.74544148,  97.2396165 ,  50.82129507, -72.90880294,
       -83.86051239,  51.49664359])
						array([0.0085614 , 0.01685746, 0.01260215, 0.00823563, 0.00366223,
       0.00474515, 0.00918486, 0.00219986, 0.00565032, 0.00917162])

 60.3021770262			array([  7.16945705,   6.94917892,   2.70107018,   8.717603  ,
       -24.7455815 ,  97.23810477,  50.80780573, -72.90999068,
       -83.85682494,  51.49069444])
						array([0.0114152 , 0.02247662, 0.01680287, 0.01098084, 0.00488298,
       0.00632686, 0.01224648, 0.00293315, 0.00753376, 0.01222883])

 60.463411075			array([  7.15685604,   7.02440682,   2.7095272 ,   8.74939298,
       -24.77284316,  97.24588796,  50.81433497, -72.9133257 ,
       -83.86464912,  51.49042043])
						array([0.03607766, 0.07103721, 0.05310537, 0.03470488, 0.01543263,
       0.01999601, 0.03870493, 0.0092702 , 0.02381041, 0.03864913])

 60.4967255866			array([  7.14865192,   6.98743644,   2.72930057,   8.75540368,
       -24.76950241,  97.24593347,  50.81586058, -72.90838485,
       -83.86058903,  51.4931424 ])
						array([0.0085614 , 0.01685746, 0.01260215, 0.00823563, 0.00366223,
       0.00474515, 0.00918486, 0.00219986, 0.00565032, 0.00917162])

 60.2944394794			array([  7.14914917,   6.97729632,   2.71696354,   8.75917734,
       -24.76736292,  97.25062672,  50.79710097, -72.91130885,
       -83.8662882 ,  51.50485438])
						array([0.00642105, 0.0126431 , 0.00945161, 0.00617672, 0.00274668,
       0.00355886, 0.00688865, 0.0016499 , 0.00423774, 0.00687871])

 60.2336640015			array([  7.15003287,   6.95742377,   2.7031617 ,   8.76108718,
       -24.76947647,  97.25458822,  50.79406081, -72.91258701,
       -83.86829121,  51.49661434])
						array([0.00481579, 0.00948232, 0.00708871, 0.00463254, 0.00206001,
       0.00266914, 0.00516649, 0.00123742, 0.00317831, 0.00515904])

 60.1536373693			array([  7.1512735 ,   6.96590985,   2.70141892,   8.7615057 ,
       -24.77208858,  97.25085908,  50.79997886, -72.91316555,
       -83.86468113,  51.49538104])
						array([0.00642105, 0.0126431 , 0.00945161, 0.00617672, 0.00274668,
       0.00355886, 0.00688865, 0.0016499 , 0.00423774, 0.00687871])

 60.1751789899			array([  7.15365177,   6.95339669,   2.69950844,   8.75391208,
       -24.77459432,  97.25190019,  50.79714534, -72.9152712 ,
       -83.86142499,  51.50229621])
						array([0.0085614 , 0.01685746, 0.01260215, 0.00823563, 0.00366223,
       0.00474515, 0.00918486, 0.00219986, 0.00565032, 0.00917162])

 60.1353609047			array([  7.15725807,   6.955221  ,   2.68980632,   8.75823136,
       -24.77277961,  97.25590371,  50.81362588, -72.91872847,
       -83.86328643,  51.50437592])
						array([0.0114152 , 0.02247662, 0.01680287, 0.01098084, 0.00488298,
       0.00632686, 0.01224648, 0.00293315, 0.00753376, 0.01222883])

 60.3664584532			array([  7.17596143,   6.95656261,   2.68994056,   8.76164025,
       -24.77258985,  97.25674154,  50.82700841, -72.9154667 ,
       -83.86447598,  51.49167605])
						array([0.01522026, 0.02996882, 0.02240383, 0.01464112, 0.00651064,
       0.00843582, 0.01632864, 0.00391087, 0.01004502, 0.0163051 ])

 60.0331991634			array([  7.11252048,   7.0123301 ,   2.6804649 ,   8.72202937,
       -24.79430211,  97.23330379,  50.90320915, -72.91185362,
       -83.92248822,  51.57630633])
						array([0.04810355, 0.09471628, 0.07080716, 0.04627317, 0.02057684,
       0.02666134, 0.05160658, 0.01236027, 0.03174721, 0.05153217])

 60.3897472813			array([  7.09650335,   7.02040217,   2.66539602,   8.71340915,
       -24.80084686,  97.24367253,  50.93741303, -72.90331274,
       -83.95117609,  51.61111694])
						array([0.01522026, 0.02996882, 0.02240383, 0.01464112, 0.00651064,
       0.00843582, 0.01632864, 0.00391087, 0.01004502, 0.0163051 ])

 60.2270120433			array([  7.09909799,   7.01377568,   2.67182134,   8.71755057,
       -24.80084968,  97.23969414,  50.9341873 , -72.90288138,
       -83.94925573,  51.61472061])
						array([0.00361184, 0.00711174, 0.00531653, 0.00347441, 0.00154501,
       0.00200186, 0.00387486, 0.00092807, 0.00238373, 0.00386928])

 60.2537615894			array([  7.10315379,   7.01928514,   2.67956487,   8.71736655,
       -24.80159699,  97.23773388,  50.92954706, -72.9012282 ,
       -83.94885955,  51.61302706])
						array([0.00481579, 0.00948232, 0.00708871, 0.00463254, 0.00206001,
       0.00266914, 0.00516649, 0.00123742, 0.00317831, 0.00515904])

 60.3561560309			array([  7.09888865,   7.01269313,   2.68177908,   8.70197854,
       -24.79979017,  97.23329427,  50.92872129, -72.90310561,
       -83.95262342,  51.6097668 ])
						array([0.00642105, 0.0126431 , 0.00945161, 0.00617672, 0.00274668,
       0.00355886, 0.00688865, 0.0016499 , 0.00423774, 0.00687871])

 60.3752143177			array([  7.09409249,   7.01207352,   2.68237903,   8.70791416,
       -24.80081183,  97.22872407,  50.93509527, -72.90275594,
       -83.94921464,  51.60675604])
						array([0.0085614 , 0.01685746, 0.01260215, 0.00823563, 0.00366223,
       0.00474515, 0.00918486, 0.00219986, 0.00565032, 0.00917162])

 60.3705111677			array([  7.09918713,   7.01906621,   2.68703233,   8.71263096,
       -24.79866936,  97.23568438,  50.9398392 , -72.90304909,
       -83.95573857,  51.61701034])
						array([0.0114152 , 0.02247662, 0.01680287, 0.01098084, 0.00488298,
       0.00632686, 0.01224648, 0.00293315, 0.00753376, 0.01222883])

 60.3585158218			array([  7.08674784,   6.99496058,   2.69418402,   8.72921725,
       -24.80353442,  97.23862684,  50.92615253, -72.89662862,
       -83.94842498,  51.61992486])
						array([0.02029368, 0.03995843, 0.02987177, 0.01952149, 0.00868085,
       0.01124775, 0.02177153, 0.00521449, 0.01339335, 0.02174013])

 59.9836686411			array([  7.1064477 ,   6.9888861 ,   2.66624594,   8.7109232 ,
       -24.80771575,  97.23579125,  50.93202444, -72.89656125,
       -83.95622883,  51.63741258])
						array([0.0114152 , 0.02247662, 0.01680287, 0.01098084, 0.00488298,
       0.00632686, 0.01224648, 0.00293315, 0.00753376, 0.01222883])

 60.1089765541			array([  7.09976756,   6.98274996,   2.65104744,   8.71753832,
       -24.81415849,  97.24705458,  50.93571531, -72.89773977,
       -83.94736603,  51.63065993])
						array([0.0085614 , 0.01685746, 0.01260215, 0.00823563, 0.00366223,
       0.00474515, 0.00918486, 0.00219986, 0.00565032, 0.00917162])

 60.3250465459			array([  7.08603942,   6.99353541,   2.66060672,   8.71654579,
       -24.81913863,  97.25179621,  50.92902794, -72.89804009,
       -83.94981212,  51.62656883])
						array([0.0085614 , 0.01685746, 0.01260215, 0.00823563, 0.00366223,
       0.00474515, 0.00918486, 0.00219986, 0.00565032, 0.00917162])

 60.4681691495			array([  7.09032626,   6.98055491,   2.66937263,   8.68942175,
       -24.81885645,  97.25151685,  50.94322256, -72.8959014 ,
       -83.95706576,  51.64139488])
						array([0.0114152 , 0.02247662, 0.01680287, 0.01098084, 0.00488298,
       0.00632686, 0.01224648, 0.00293315, 0.00753376, 0.01222883])

 60.4107732242			array([  7.09547155,   6.98125429,   2.71219666,   8.71888846,
       -24.82582131,  97.25626951,  50.93348297, -72.89534411,
       -83.96147515,  51.62899984])
						array([0.02029368, 0.03995843, 0.02987177, 0.01952149, 0.00868085,
       0.01124775, 0.02177153, 0.00521449, 0.01339335, 0.02174013])

 60.4859007221			array([  7.08569147,   6.97820795,   2.70471852,   8.72043844,
       -24.82874595,  97.25743628,  50.93008816, -72.89404006,
       -83.95768435,  51.63209862])
						array([0.00361184, 0.00711174, 0.00531653, 0.00347441, 0.00154501,
       0.00200186, 0.00387486, 0.00092807, 0.00238373, 0.00386928])

 60.4938340728			array([  7.08923851,   6.96918247,   2.70647382,   8.71518593,
       -24.83021233,  97.2568361 ,  50.93006489, -72.89382912,
       -83.95877615,  51.63148965])
						array([0.00270888, 0.00533381, 0.0039874 , 0.00260581, 0.00115875,
       0.00150139, 0.00290615, 0.00069605, 0.0017878 , 0.00290196])

 60.4945366144			array([  7.09196812,   6.96584885,   2.70917376,   8.71623803,
       -24.82974071,  97.25718192,  50.92946919, -72.89434973,
       -83.95633602,  51.63373615])
						array([0.00270888, 0.00533381, 0.0039874 , 0.00260581, 0.00115875,
       0.00150139, 0.00290615, 0.00069605, 0.0017878 , 0.00290196])

 60.4099739138			array([  7.09105066,   6.96573879,   2.70222273,   8.7182409 ,
       -24.82888805,  97.2554548 ,  50.93429456, -72.89455269,
       -83.95634638,  51.63302486])
						array([0.00361184, 0.00711174, 0.00531653, 0.00347441, 0.00154501,
       0.00200186, 0.00387486, 0.00092807, 0.00238373, 0.00386928])

 60.3362948549			array([  7.09192773,   6.97574426,   2.69833267,   8.71226738,
       -24.83018023,  97.25481168,  50.93244284, -72.89488286,
       -83.95547173,  51.63598287])
						array([0.00481579, 0.00948232, 0.00708871, 0.00463254, 0.00206001,
       0.00266914, 0.00516649, 0.00123742, 0.00317831, 0.00515904])

 60.372203162			array([  7.0920068 ,   6.97908862,   2.70487916,   8.71809339,
       -24.83263901,  97.25435708,  50.93516179, -72.89333006,
       -83.95429256,  51.63478892])
						array([0.00642105, 0.0126431 , 0.00945161, 0.00617672, 0.00274668,
       0.00355886, 0.00688865, 0.0016499 , 0.00423774, 0.00687871])

 60.492400107			array([  7.08870536,   7.00007099,   2.70367137,   8.71517095,
       -24.83382258,  97.26518776,  50.94423425, -72.89431292,
       -83.95809153,  51.62072654])
						array([0.0114152 , 0.02247662, 0.01680287, 0.01098084, 0.00488298,
       0.00632686, 0.01224648, 0.00293315, 0.00753376, 0.01222883])

 60.282587045			array([  7.09739015,   6.97401558,   2.69173844,   8.70124688,
       -24.82753732,  97.27703622,  50.94816383, -72.89719056,
       -83.96222906,  51.63795202])
						array([0.01522026, 0.02996882, 0.02240383, 0.01464112, 0.00651064,
       0.00843582, 0.01632864, 0.00391087, 0.01004502, 0.0163051 ])

 60.4161270004			array([  7.10884531,   6.96053073,   2.67245438,   8.6809912 ,
       -24.83098613,  97.26312905,  50.95574836, -72.9009271 ,
       -83.97098127,  51.63633255])
						array([0.02705825, 0.05327791, 0.03982903, 0.02602866, 0.01157447,
       0.01499701, 0.0290287 , 0.00695265, 0.01785781, 0.02898685])

 60.0719809855			array([  7.16075948,   6.97118991,   2.66642559,   8.69368527,
       -24.80577522,  97.18362949,  51.050282  , -72.88456982,
       -83.9633305 ,  51.70547736])
						array([0.15203097, 0.2993502 , 0.22378559, 0.14624608, 0.06503296,
       0.08426301, 0.16310228, 0.03906455, 0.10033686, 0.1628671 ])

 60.3518418457			array([  7.18571251,   6.97418889,   2.65320552,   8.70252373,
       -24.79555294,  97.19362725,  51.05557581, -72.88281612,
       -83.9764959 ,  51.73849601])
						array([0.0114152 , 0.02247662, 0.01680287, 0.01098084, 0.00488298,
       0.00632686, 0.01224648, 0.00293315, 0.00753376, 0.01222883])

 59.9811958874			array([  7.17171232,   6.97356518,   2.66143545,   8.71670895,
       -24.80301173,  97.19378578,  51.03604837, -72.88121554,
       -83.96972708,  51.73026905])
						array([0.0085614 , 0.01685746, 0.01260215, 0.00823563, 0.00366223,
       0.00474515, 0.00918486, 0.00219986, 0.00565032, 0.00917162])

 60.0537913809			array([  7.1697435 ,   6.95995113,   2.66664864,   8.71202209,
       -24.80673491,  97.1969692 ,  51.03477091, -72.88093371,
       -83.95971838,  51.74224073])
						array([0.0085614 , 0.01685746, 0.01260215, 0.00823563, 0.00366223,
       0.00474515, 0.00918486, 0.00219986, 0.00565032, 0.00917162])

 60.2090641166			array([  7.18376973,   6.9634974 ,   2.68161893,   8.71864685,
       -24.81283161,  97.1951942 ,  51.0336158 , -72.88263019,
       -83.96322305,  51.74358292])
						array([0.0114152 , 0.02247662, 0.01680287, 0.01098084, 0.00488298,
       0.00632686, 0.01224648, 0.00293315, 0.00753376, 0.01222883])

 60.2450246287			array([  7.16430054,   6.94446203,   2.68028012,   8.7049923 ,
       -24.81651349,  97.18960598,  51.03038015, -72.88091738,
       -83.96136681,  51.741037  ])
						array([0.01522026, 0.02996882, 0.02240383, 0.01464112, 0.00651064,
       0.00843582, 0.01632864, 0.00391087, 0.01004502, 0.0163051 ])

 60.3662190819			array([  7.18283602,   6.99915199,   2.70463289,   8.71937937,
       -24.81579844,  97.17267436,  51.03751061, -72.8793846 ,
       -83.9877235 ,  51.72470333])
						array([0.02029368, 0.03995843, 0.02987177, 0.01952149, 0.00868085,
       0.01124775, 0.02177153, 0.00521449, 0.01339335, 0.02174013])

 60.2950699521			array([  7.17398211,   6.98874509,   2.63692518,   8.75327515,
       -24.82664716,  97.13055854,  51.03835417, -72.8905009 ,
       -83.95556901,  51.75655032])
						array([0.02029368, 0.03995843, 0.02987177, 0.01952149, 0.00868085,
       0.01124775, 0.02177153, 0.00521449, 0.01339335, 0.02174013])

 60.0779248733			array([  7.17351828,   6.97374359,   2.64972041,   8.74264236,
       -24.82252727,  97.1349079 ,  51.0353432 , -72.89226804,
       -83.95620746,  51.74358007])
						array([0.00642105, 0.0126431 , 0.00945161, 0.00617672, 0.00274668,
       0.00355886, 0.00688865, 0.0016499 , 0.00423774, 0.00687871])

 60.1447780001			array([  7.1733539 ,   6.97407467,   2.64294615,   8.74306933,
       -24.82379645,  97.13423461,  51.03305873, -72.89157023,
       -83.95612015,  51.73813062])
						array([0.00481579, 0.00948232, 0.00708871, 0.00463254, 0.00206001,
       0.00266914, 0.00516649, 0.00123742, 0.00317831, 0.00515904])

 60.2922747038			array([  7.180816  ,   6.97356562,   2.63961344,   8.7419777 ,
       -24.82721115,  97.1344862 ,  51.03901586, -72.89113008,
       -83.95252514,  51.72891767])
						array([0.00642105, 0.0126431 , 0.00945161, 0.00617672, 0.00274668,
       0.00355886, 0.00688865, 0.0016499 , 0.00423774, 0.00687871])

 60.2635076675			array([  7.18365987,   6.97078323,   2.64484024,   8.73262316,
       -24.83016253,  97.12976938,  51.04614947, -72.89101311,
       -83.95425068,  51.72670001])
						array([0.0085614 , 0.01685746, 0.01260215, 0.00823563, 0.00366223,
       0.00474515, 0.00918486, 0.00219986, 0.00565032, 0.00917162])

 60.261577303			array([  7.18043976,   6.98648481,   2.6409273 ,   8.74298608,
       -24.8347402 ,  97.12540878,  51.04922139, -72.89029977,
       -83.95643788,  51.7278174 ])
						array([0.01522026, 0.02996882, 0.02240383, 0.01464112, 0.00651064,
       0.00843582, 0.01632864, 0.00391087, 0.01004502, 0.0163051 ])

 60.3390680279			array([  7.1782916 ,   6.98281394,   2.63053593,   8.73109026,
       -24.84370048,  97.12390644,  51.06970267, -72.89055842,
       -83.95925705,  51.74636243])
						array([0.02029368, 0.03995843, 0.02987177, 0.01952149, 0.00868085,
       0.01124775, 0.02177153, 0.00521449, 0.01339335, 0.02174013])

 60.1982196966			array([  7.15964022,   7.01893478,   2.65406106,   8.70792695,
       -24.83985037,  97.10964837,  51.09216121, -72.89503669,
       -83.95977996,  51.77506803])
						array([0.02705825, 0.05327791, 0.03982903, 0.02602866, 0.01157447,
       0.01499701, 0.0290287 , 0.00695265, 0.01785781, 0.02898685])

 60.4522013492			array([  7.13648762,   7.03495942,   2.64949704,   8.70513233,
       -24.84008756,  97.11142036,  51.09282031, -72.8956899 ,
       -83.97151654,  51.77090318])
						array([0.0085614 , 0.01685746, 0.01260215, 0.00823563, 0.00366223,
       0.00474515, 0.00918486, 0.00219986, 0.00565032, 0.00917162])

 60.1622152824			array([  7.13471598,   7.00634165,   2.63976668,   8.70187743,
       -24.84230635,  97.11172634,  51.09337476, -72.89401516,
       -83.96922569,  51.77599036])
						array([0.00642105, 0.0126431 , 0.00945161, 0.00617672, 0.00274668,
       0.00355886, 0.00688865, 0.0016499 , 0.00423774, 0.00687871])

 60.0100764804			array([  7.13024812,   7.00450105,   2.65082812,   8.70495118,
       -24.84099132,  97.11372468,  51.1000023 , -72.89235641,
       -83.96150285,  51.78166317])
						array([0.00642105, 0.0126431 , 0.00945161, 0.00617672, 0.00274668,
       0.00355886, 0.00688865, 0.0016499 , 0.00423774, 0.00687871])

 59.812356533			array([  7.13566755,   6.99010184,   2.6651507 ,   8.70761975,
       -24.84608523,  97.1125803 ,  51.09748907, -72.89428281,
       -83.95810235,  51.77479784])
						array([0.0085614 , 0.01685746, 0.01260215, 0.00823563, 0.00366223,
       0.00474515, 0.00918486, 0.00219986, 0.00565032, 0.00917162])

 59.8934569174			array([  7.14366323,   6.99758041,   2.67144367,   8.70203014,
       -24.84372536,  97.11204882,  51.10442316, -72.89338997,
       -83.95877314,  51.77591416])
						array([0.0114152 , 0.02247662, 0.01680287, 0.01098084, 0.00488298,
       0.00632686, 0.01224648, 0.00293315, 0.00753376, 0.01222883])

 60.1170122318			array([  7.13416099,   7.00497348,   2.67538422,   8.68901015,
       -24.8387586 ,  97.10424216,  51.10369882, -72.89214675,
       -83.96344711,  51.78078811])
						array([0.01522026, 0.02996882, 0.02240383, 0.01464112, 0.00651064,
       0.00843582, 0.01632864, 0.00391087, 0.01004502, 0.0163051 ])

 60.4565149534			array([  7.09413952,   6.98853336,   2.70075076,   8.69779104,
       -24.83590094,  97.12005368,  51.17805501, -72.88219759,
       -83.9904177 ,  51.79714405])
						array([0.04810355, 0.09471628, 0.07080716, 0.04627317, 0.02057684,
       0.02666134, 0.05160658, 0.01236027, 0.03174721, 0.05153217])

 60.4008718702			array([  7.09937052,   7.00967734,   2.65913312,   8.69555599,
       -24.8436206 ,  97.12632163,  51.20869175, -72.88194476,
       -83.99101244,  51.80070928])
						array([0.02029368, 0.03995843, 0.02987177, 0.01952149, 0.00868085,
       0.01124775, 0.02177153, 0.00521449, 0.01339335, 0.02174013])

 60.272321551			array([  7.09890631,   7.002899  ,   2.65241326,   8.70603397,
       -24.84446775,  97.11866746,  51.21899332, -72.87866298,
       -83.9930937 ,  51.79438771])
						array([0.0085614 , 0.01685746, 0.01260215, 0.00823563, 0.00366223,
       0.00474515, 0.00918486, 0.00219986, 0.00565032, 0.00917162])

 60.2165627646			array([  7.1013902 ,   7.00152517,   2.64754657,   8.71228684,
       -24.84166385,  97.12104775,  51.1914817 , -72.88010057,
       -83.98177204,  51.79652966])
						array([0.0114152 , 0.02247662, 0.01680287, 0.01098084, 0.00488298,
       0.00632686, 0.01224648, 0.00293315, 0.00753376, 0.01222883])

 60.2823493688			array([  7.09870084,   7.01200401,   2.65523589,   8.71443886,
       -24.83869279,  97.12612737,  51.2008284 , -72.88059092,
       -83.981128  ,  51.78512426])
						array([0.01522026, 0.02996882, 0.02240383, 0.01464112, 0.00651064,
       0.00843582, 0.01632864, 0.00391087, 0.01004502, 0.0163051 ])

 59.9993465666			array([  7.10330333,   6.98231092,   2.65807301,   8.73978188,
       -24.83168562,  97.11790555,  51.19067128, -72.8723592 ,
       -83.96491147,  51.78564878])
						array([0.02029368, 0.03995843, 0.02987177, 0.01952149, 0.00868085,
       0.01124775, 0.02177153, 0.00521449, 0.01339335, 0.02174013])

 59.8576551584			array([  7.11547031,   6.98515113,   2.66090234,   8.71720886,
       -24.8309332 ,  97.11580838,  51.15708207, -72.86490125,
       -83.96500847,  51.78710185])
						array([0.02705825, 0.05327791, 0.03982903, 0.02602866, 0.01157447,
       0.01499701, 0.0290287 , 0.00695265, 0.01785781, 0.02898685])

 60.3611238644			array([  7.11715345,   6.93252479,   2.65536148,   8.71762557,
       -24.83222239,  97.13176406,  51.16168679, -72.86778215,
       -83.93998589,  51.79391128])
						array([0.02029368, 0.03995843, 0.02987177, 0.01952149, 0.00868085,
       0.01124775, 0.02177153, 0.00521449, 0.01339335, 0.02174013])

 60.0356973453			array([  7.11719455,   6.95996167,   2.64476224,   8.72582408,
       -24.8316849 ,  97.12646959,  51.16211297, -72.86648995,
       -83.93200536,  51.79136898])
						array([0.0085614 , 0.01685746, 0.01260215, 0.00823563, 0.00366223,
       0.00474515, 0.00918486, 0.00219986, 0.00565032, 0.00917162])

 60.2073287293			array([  7.12641979,   6.93323071,   2.67057489,   8.72587108,
       -24.82781452,  97.11907828,  51.167627  , -72.86850551,
       -83.93858751,  51.81297931])
						array([0.0085614 , 0.01685746, 0.01260215, 0.00823563, 0.00366223,
       0.00474515, 0.00918486, 0.00219986, 0.00565032, 0.00917162])

 59.997545787			array([  7.12870492,   6.94582549,   2.67822958,   8.73573866,
       -24.82986582,  97.1080778 ,  51.17316395, -72.86818414,
       -83.93098752,  51.80922404])
						array([0.0114152 , 0.02247662, 0.01680287, 0.01098084, 0.00488298,
       0.00632686, 0.01224648, 0.00293315, 0.00753376, 0.01222883])

 59.9425057103			array([  7.14898152,   6.96462544,   2.6884842 ,   8.75304935,
       -24.82781558,  97.10284512,  51.16767605, -72.86584969,
       -83.92945973,  51.83129305])
						array([0.01522026, 0.02996882, 0.02240383, 0.01464112, 0.00651064,
       0.00843582, 0.01632864, 0.00391087, 0.01004502, 0.0163051 ])

 60.3167530684			array([  7.15177674,   6.98313989,   2.72542661,   8.74029485,
       -24.82930908,  97.09982195,  51.18976752, -72.86927835,
       -83.94173107,  51.8458422 ])
						array([0.02029368, 0.03995843, 0.02987177, 0.01952149, 0.00868085,
       0.01124775, 0.02177153, 0.00521449, 0.01339335, 0.02174013])

 60.4734171108			array([  7.17817933,   7.00360973,   2.6276588 ,   8.73176485,
       -24.84429036,  97.15244861,  51.2267614 , -72.86333954,
       -83.98629263,  51.78731232])
						array([0.03607766, 0.07103721, 0.05310537, 0.03470488, 0.01543263,
       0.01999601, 0.03870493, 0.0092702 , 0.02381041, 0.03864913])

 60.1382054638			array([  7.17514969,   6.96185329,   2.65314214,   8.74171736,
       -24.84464376,  97.14948946,  51.21837622, -72.86784533,
       -83.983718  ,  51.79381751])
						array([0.0114152 , 0.02247662, 0.01680287, 0.01098084, 0.00488298,
       0.00632686, 0.01224648, 0.00293315, 0.00753376, 0.01222883])

 60.2115803123			array([  7.16543646,   6.9575206 ,   2.64411457,   8.75233723,
       -24.83889305,  97.14673719,  51.22373882, -72.86785228,
       -83.97648499,  51.80058772])
						array([0.0085614 , 0.01685746, 0.01260215, 0.00823563, 0.00366223,
       0.00474515, 0.00918486, 0.00219986, 0.00565032, 0.00917162])

 60.3828651967			array([  7.16892739,   6.9339648 ,   2.65738368,   8.7326397 ,
       -24.84253954,  97.14544475,  51.21882227, -72.8688894 ,
       -83.9782569 ,  51.80748434])
						array([0.0114152 , 0.02247662, 0.01680287, 0.01098084, 0.00488298,
       0.00632686, 0.01224648, 0.00293315, 0.00753376, 0.01222883])

 60.2436724566			array([  7.16557479,   6.94331282,   2.65780562,   8.74773547,
       -24.83501829,  97.14823093,  51.20129059, -72.87435013,
       -83.9914289 ,  51.80794838])
						array([0.02029368, 0.03995843, 0.02987177, 0.01952149, 0.00868085,
       0.01124775, 0.02177153, 0.00521449, 0.01339335, 0.02174013])

 60.2193640898			array([  7.18109396,   6.99583797,   2.64609609,   8.73570577,
       -24.83571345,  97.15133431,  51.2105706 , -72.87035139,
       -83.97726701,  51.83688929])
						array([0.01522026, 0.02996882, 0.02240383, 0.01464112, 0.00651064,
       0.00843582, 0.01632864, 0.00391087, 0.01004502, 0.0163051 ])

 60.2671538763			array([  7.17181261,   7.01495535,   2.69866984,   8.73456776,
       -24.84523645,  97.15842832,  51.19821383, -72.86878555,
       -83.9828672 ,  51.81233768])
						array([0.0114152 , 0.02247662, 0.01680287, 0.01098084, 0.00488298,
       0.00632686, 0.01224648, 0.00293315, 0.00753376, 0.01222883])

 60.3990192583			array([  7.17017971,   7.02729332,   2.69532485,   8.72607645,
       -24.84461851,  97.15268831,  51.20070606, -72.8733286 ,
       -83.9838806 ,  51.80391265])
						array([0.00642105, 0.0126431 , 0.00945161, 0.00617672, 0.00274668,
       0.00355886, 0.00688865, 0.0016499 , 0.00423774, 0.00687871])

 60.3502870489			array([  7.175347  ,   7.01455979,   2.70089942,   8.71968593,
       -24.84823377,  97.15149781,  51.20778916, -72.86849853,
       -83.98627268,  51.80533639])
						array([0.0085614 , 0.01685746, 0.01260215, 0.00823563, 0.00366223,
       0.00474515, 0.00918486, 0.00219986, 0.00565032, 0.00917162])

 60.1870359654			array([  7.17083054,   6.99403902,   2.70729188,   8.73772315,
       -24.8503123 ,  97.15210287,  51.21897114, -72.87006828,
       -83.98770035,  51.80496724])
						array([0.01522026, 0.02996882, 0.02240383, 0.01464112, 0.00651064,
       0.00843582, 0.01632864, 0.00391087, 0.01004502, 0.0163051 ])

 59.9190854999			array([  7.13075771,   6.97816256,   2.70381356,   8.73391784,
       -24.83576985,  97.14146347,  51.21123558, -72.86212102,
       -84.00769879,  51.81424957])
						array([0.01522026, 0.02996882, 0.02240383, 0.01464112, 0.00651064,
       0.00843582, 0.01632864, 0.00391087, 0.01004502, 0.0163051 ])

 60.4679190009			array([  7.129441  ,   6.97243594,   2.73268393,   8.73662188,
       -24.83857365,  97.14869296,  51.19476073, -72.86801069,
       -84.02688244,  51.80501007])
						array([0.01522026, 0.02996882, 0.02240383, 0.01464112, 0.00651064,
       0.00843582, 0.01632864, 0.00391087, 0.01004502, 0.0163051 ])

 60.2559256436			array([  7.1305144 ,   7.01379676,   2.70779709,   8.70728829,
       -24.84723056,  97.14215217,  51.18701764, -72.8688701 ,
       -84.01029924,  51.79686241])
						array([0.01522026, 0.02996882, 0.02240383, 0.01464112, 0.00651064,
       0.00843582, 0.01632864, 0.00391087, 0.01004502, 0.0163051 ])

 60.0155657158			array([  7.13697398,   6.99110389,   2.69686557,   8.69915045,
       -24.84374885,  97.13180445,  51.17348211, -72.86627991,
       -83.99574426,  51.78434128])
						array([0.02029368, 0.03995843, 0.02987177, 0.01952149, 0.00868085,
       0.01124775, 0.02177153, 0.00521449, 0.01339335, 0.02174013])

 60.0726333239			array([  7.1035068 ,   6.95886924,   2.66356726,   8.73611911,
       -24.8578963 ,  97.13746345,  51.11019234, -72.85746767,
       -83.99194145,  51.77288249])
						array([0.04810355, 0.09471628, 0.07080716, 0.04627317, 0.02057684,
       0.02666134, 0.05160658, 0.01236027, 0.03174721, 0.05153217])

 60.2234305305			array([  7.12904343,   6.93347137,   2.68498772,   8.73128308,
       -24.85374458,  97.13690953,  51.11497997, -72.85301386,
       -84.02809109,  51.8353953 ])
						array([0.02029368, 0.03995843, 0.02987177, 0.01952149, 0.00868085,
       0.01124775, 0.02177153, 0.00521449, 0.01339335, 0.02174013])

 60.0018100463			array([  7.16991849,   6.9592709 ,   2.67172622,   8.72439962,
       -24.85558114,  97.15306367,  51.09777258, -72.85295348,
       -84.01918294,  51.83274018])
						array([0.01522026, 0.02996882, 0.02240383, 0.01464112, 0.00651064,
       0.00843582, 0.01632864, 0.00391087, 0.01004502, 0.0163051 ])

 60.011714288			array([  7.17698411,   6.99011809,   2.67536404,   8.72132178,
       -24.85270721,  97.14640396,  51.13143339, -72.84216098,
       -84.02555623,  51.83785504])
						array([0.01522026, 0.02996882, 0.02240383, 0.01464112, 0.00651064,
       0.00843582, 0.01632864, 0.00391087, 0.01004502, 0.0163051 ])

 60.4255465895			array([  7.19183294,   6.96691956,   2.64604879,   8.72733615,
       -24.84689094,  97.13789175,  51.13202881, -72.84385516,
       -84.03885118,  51.85241365])
						array([0.02029368, 0.03995843, 0.02987177, 0.01952149, 0.00868085,
       0.01124775, 0.02177153, 0.00521449, 0.01339335, 0.02174013])

 60.3792885812			array([  7.18482926,   6.96979807,   2.63794206,   8.73676522,
       -24.84130457,  97.14645684,  51.13728178, -72.84153324,
       -84.03767072,  51.82855065])
						array([0.0085614 , 0.01685746, 0.01260215, 0.00823563, 0.00366223,
       0.00474515, 0.00918486, 0.00219986, 0.00565032, 0.00917162])

 60.3183312164			array([  7.18284462,   6.96786051,   2.6402107 ,   8.72705878,
       -24.84148294,  97.14280415,  51.12658453, -72.84075164,
       -84.03859559,  51.83841655])
						array([0.00481579, 0.00948232, 0.00708871, 0.00463254, 0.00206001,
       0.00266914, 0.00516649, 0.00123742, 0.00317831, 0.00515904])

 60.2687829878			array([  7.18155768,   6.96097929,   2.64724739,   8.73307266,
       -24.84398325,  97.1398127 ,  51.12793844, -72.83829411,
       -84.03697131,  51.84105884])
						array([0.00481579, 0.00948232, 0.00708871, 0.00463254, 0.00206001,
       0.00266914, 0.00516649, 0.00123742, 0.00317831, 0.00515904])

 60.2726990948			array([  7.18329994,   6.96315853,   2.64909915,   8.73753778,
       -24.84512426,  97.13770645,  51.12125849, -72.83826474,
       -84.03677047,  51.84210723])
						array([0.00642105, 0.0126431 , 0.00945161, 0.00617672, 0.00274668,
       0.00355886, 0.00688865, 0.0016499 , 0.00423774, 0.00687871])

 60.321686337			array([  7.18316413,   6.95404211,   2.65610419,   8.74218203,
       -24.84673012,  97.13929998,  51.12439821, -72.83918762,
       -84.03917835,  51.8424926 ])
						array([0.0085614 , 0.01685746, 0.01260215, 0.00823563, 0.00366223,
       0.00474515, 0.00918486, 0.00219986, 0.00565032, 0.00917162])

 60.3429323547			array([  7.18300006,   6.95341827,   2.67828288,   8.75087823,
       -24.85010194,  97.13709168,  51.12779667, -72.84075449,
       -84.04176379,  51.84535389])
						array([0.0114152 , 0.02247662, 0.01680287, 0.01098084, 0.00488298,
       0.00632686, 0.01224648, 0.00293315, 0.00753376, 0.01222883])

 60.0141676951			array([  7.17138764,   6.9887553 ,   2.66034933,   8.7493868 ,
       -24.85726757,  97.14250433,  51.1145997 , -72.84466207,
       -84.03558533,  51.8802368 ])
						array([0.01522026, 0.02996882, 0.02240383, 0.01464112, 0.00651064,
       0.00843582, 0.01632864, 0.00391087, 0.01004502, 0.0163051 ])

 59.9689902389			array([  7.11387216,   6.97448831,   2.66787357,   8.70320483,
       -24.86704338,  97.19095932,  51.10067316, -72.84400809,
       -84.06480202,  51.82780877])
						array([0.04810355, 0.09471628, 0.07080716, 0.04627317, 0.02057684,
       0.02666134, 0.05160658, 0.01236027, 0.03174721, 0.05153217])

 60.0163523642			array([  7.11296002,   6.9519387 ,   2.67078457,   8.72540639,
       -24.8702704 ,  97.19992819,  51.11676457, -72.8438322 ,
       -84.06108369,  51.83868638])
						array([0.02029368, 0.03995843, 0.02987177, 0.01952149, 0.00868085,
       0.01124775, 0.02177153, 0.00521449, 0.01339335, 0.02174013])

 59.9154778748			array([  7.12743147,   6.95220191,   2.67885032,   8.72688074,
       -24.87262062,  97.19770053,  51.11387899, -72.84110859,
       -84.05902848,  51.83602145])
						array([0.00481579, 0.00948232, 0.00708871, 0.00463254, 0.00206001,
       0.00266914, 0.00516649, 0.00123742, 0.00317831, 0.00515904])

 59.8582811298			array([  7.12326501,   6.95851284,   2.67208637,   8.7283859 ,
       -24.871741  ,  97.19655537,  51.10996078, -72.84154011,
       -84.05813563,  51.83187424])
						array([0.00361184, 0.00711174, 0.00531653, 0.00347441, 0.00154501,
       0.00200186, 0.00387486, 0.00092807, 0.00238373, 0.00386928])

 59.8561538597			array([  7.12393646,   6.95942124,   2.66476888,   8.72733473,
       -24.8711092 ,  97.19847214,  51.11380313, -72.84175627,
       -84.06122643,  51.82631108])
						array([0.00481579, 0.00948232, 0.00708871, 0.00463254, 0.00206001,
       0.00266914, 0.00516649, 0.00123742, 0.00317831, 0.00515904])

 59.8177535959			array([  7.13193032,   6.96092805,   2.66187497,   8.73110169,
       -24.87299559,  97.198881  ,  51.10719813, -72.84030686,
       -84.05760442,  51.82736198])
						array([0.00642105, 0.0126431 , 0.00945161, 0.00617672, 0.00274668,
       0.00355886, 0.00688865, 0.0016499 , 0.00423774, 0.00687871])

 59.8147155776			array([  7.1369827 ,   7.0055773 ,   2.6726006 ,   8.72164848,
       -24.87585206,  97.18955048,  51.13590911, -72.84493824,
       -84.03791415,  51.82626912])
						array([0.01522026, 0.02996882, 0.02240383, 0.01464112, 0.00651064,
       0.00843582, 0.01632864, 0.00391087, 0.01004502, 0.0163051 ])

 59.7310878687			array([  7.14912882,   6.97968014,   2.67753789,   8.73456222,
       -24.88257559,  97.20278759,  51.15561059, -72.84843987,
       -84.03205281,  51.81663756])
						array([0.0114152 , 0.02247662, 0.01680287, 0.01098084, 0.00488298,
       0.00632686, 0.01224648, 0.00293315, 0.00753376, 0.01222883])

 59.7327433713			array([  7.14401261,   6.98618109,   2.68321123,   8.72687218,
       -24.88423219,  97.2017554 ,  51.16953121, -72.84880366,
       -84.02894193,  51.81768297])
						array([0.00642105, 0.0126431 , 0.00945161, 0.00617672, 0.00274668,
       0.00355886, 0.00688865, 0.0016499 , 0.00423774, 0.00687871])

 59.739908262			array([  7.13370828,   6.98900016,   2.68357915,   8.72614416,
       -24.88999024,  97.19426965,  51.17651888, -72.85047085,
       -84.03165847,  51.82102153])
						array([0.0085614 , 0.01685746, 0.01260215, 0.00823563, 0.00366223,
       0.00474515, 0.00918486, 0.00219986, 0.00565032, 0.00917162])

 59.7261945895			array([  7.13986426,   6.98689817,   2.6825867 ,   8.72641809,
       -24.88927314,  97.1951372 ,  51.17519657, -72.85144993,
       -84.02970046,  51.8197015 ])
						array([0.00361184, 0.00711174, 0.00531653, 0.00347441, 0.00154501,
       0.00200186, 0.00387486, 0.00092807, 0.00238373, 0.00386928])

 59.737384124			array([  7.14077255,   6.98423866,   2.68536878,   8.72628227,
       -24.88871356,  97.19580015,  51.1746709 , -72.85034916,
       -84.0280894 ,  51.82291932])
						array([0.00270888, 0.00533381, 0.0039874 , 0.00260581, 0.00115875,
       0.00150139, 0.00290615, 0.00069605, 0.0017878 , 0.00290196])

 59.7397735458			array([  7.14029202,   6.98048087,   2.68553653,   8.72534161,
       -24.88961808,  97.19656643,  51.17449344, -72.85075907,
       -84.0270238 ,  51.82367544])
						array([0.00203166, 0.00400035, 0.00299055, 0.00195435, 0.00086907,
       0.00112605, 0.00217961, 0.00052204, 0.00134085, 0.00217647])

 59.7275046647			array([  7.14074338,   6.98060074,   2.68314785,   8.72568211,
       -24.89024201,  97.19550575,  51.17710235, -72.85080793,
       -84.02870463,  51.82898617])
						array([0.00270888, 0.00533381, 0.0039874 , 0.00260581, 0.00115875,
       0.00150139, 0.00290615, 0.00069605, 0.0017878 , 0.00290196])

 59.7162085108			array([  7.13940205,   6.98998667,   2.67239503,   8.72314133,
       -24.88866613,  97.19453377,  51.17164717, -72.85036454,
       -84.02667001,  51.8220014 ])
						array([0.0085614 , 0.01685746, 0.01260215, 0.00823563, 0.00366223,
       0.00474515, 0.00918486, 0.00219986, 0.00565032, 0.00917162])

 59.7244972554			array([  7.1350633 ,   6.98423679,   2.66128489,   8.73406756,
       -24.8887118 ,  97.19120399,  51.17732138, -72.84943924,
       -84.02474446,  51.81768015])
						array([0.00361184, 0.00711174, 0.00531653, 0.00347441, 0.00154501,
       0.00200186, 0.00387486, 0.00092807, 0.00238373, 0.00386928])

 59.7065294922			array([  7.14280277,   6.98234212,   2.67005818,   8.73540675,
       -24.88981489,  97.18915429,  51.17651381, -72.84825811,
       -84.02928172,  51.81787904])
						array([0.00270888, 0.00533381, 0.0039874 , 0.00260581, 0.00115875,
       0.00150139, 0.00290615, 0.00069605, 0.0017878 , 0.00290196])

 59.7057915977			array([  7.14006499,   6.98344705,   2.67282504,   8.73646115,
       -24.89012069,  97.18727552,  51.17736772, -72.84826134,
       -84.02858801,  51.81758947])
						array([0.00203166, 0.00400035, 0.00299055, 0.00195435, 0.00086907,
       0.00112605, 0.00217961, 0.00052204, 0.00134085, 0.00217647])

 59.7059207693			array([  7.14076639,   6.98286005,   2.66766786,   8.73504962,
       -24.88836527,  97.18727813,  51.17373292, -72.84836434,
       -84.02885643,  51.81585098])
						array([0.00270888, 0.00533381, 0.0039874 , 0.00260581, 0.00115875,
       0.00150139, 0.00290615, 0.00069605, 0.0017878 , 0.00290196])

 59.7138917334			array([  7.1377349 ,   6.98795065,   2.67656744,   8.73581715,
       -24.88737085,  97.18808726,  51.17156532, -72.84795458,
       -84.0275377 ,  51.81574455])
						array([0.00361184, 0.00711174, 0.00531653, 0.00347441, 0.00154501,
       0.00200186, 0.00387486, 0.00092807, 0.00238373, 0.00386928])

 59.7083872516			array([  7.13824272,   6.98540914,   2.67600278,   8.73570541,
       -24.8871613 ,  97.18850129,  51.16977261, -72.84833212,
       -84.02784393,  51.81582842])
						array([0.00064283, 0.00126574, 0.00094623, 0.00061837, 0.00027498,
       0.00035629, 0.00068964, 0.00016518, 0.00042425, 0.00068865])

 59.7047264566			array([  7.13917276,   6.98362682,   2.67583926,   8.73470451,
       -24.88734791,  97.18839938,  51.16982051, -72.84836386,
       -84.02802944,  51.81617362])
						array([0.00064283, 0.00126574, 0.00094623, 0.00061837, 0.00027498,
       0.00035629, 0.00068964, 0.00016518, 0.00042425, 0.00068865])

 59.7030816256			array([  7.13834455,   6.98276634,   2.67585685,   8.7338783 ,
       -24.88715434,  97.18811658,  51.16947422, -72.84841278,
       -84.02804965,  51.81652943])
						array([0.00085711, 0.00168765, 0.00126164, 0.00082449, 0.00036664,
       0.00047505, 0.00091952, 0.00022023, 0.00056567, 0.0009182 ])

 59.7023233611			array([  7.13969446,   6.98478251,   2.67455468,   8.7338108 ,
       -24.88693868,  97.18815565,  51.16965782, -72.84869357,
       -84.02799084,  51.81574042])
						array([0.00114281, 0.0022502 , 0.00168218, 0.00109932, 0.00048885,
       0.0006334 , 0.00122603, 0.00029365, 0.00075423, 0.00122426])

 59.702301846			array([  7.13869873,   6.98527124,   2.67434883,   8.73379028,
       -24.88729944,  97.18753334,  51.16973059, -72.84864948,
       -84.02813953,  51.81686829])
						array([0.00152374, 0.00300027, 0.00224291, 0.00146577, 0.0006518 ,
       0.00084453, 0.00163471, 0.00039153, 0.00100564, 0.00163235])

 59.6999721922			array([  7.13887331,   6.9824701 ,   2.67305759,   8.73384049,
       -24.88662267,  97.1857654 ,  51.170086  , -72.84814983,
       -84.03028796,  51.82050517])
						array([0.00203166, 0.00400035, 0.00299055, 0.00195435, 0.00086907,
       0.00112605, 0.00217961, 0.00052204, 0.00134085, 0.00217647])

 59.7041051078			array([  7.13894728,   6.983008  ,   2.67602276,   8.73430876,
       -24.88649089,  97.18644585,  51.168496  , -72.84917083,
       -84.03218585,  51.81792275])
						array([0.00361184, 0.00711174, 0.00531653, 0.00347441, 0.00154501,
       0.00200186, 0.00387486, 0.00092807, 0.00238373, 0.00386928])

 59.7012233169			array([  7.14004887,   6.98263218,   2.67503184,   8.73315125,
       -24.88453175,  97.18367164,  51.17948643, -72.84933261,
       -84.03376108,  51.81502547])
						array([0.00481579, 0.00948232, 0.00708871, 0.00463254, 0.00206001,
       0.00266914, 0.00516649, 0.00123742, 0.00317831, 0.00515904])

 59.7048961021			array([  7.13791334,   6.98448525,   2.66588488,   8.72773168,
       -24.88378558,  97.18384361,  51.17967413, -72.85070114,
       -84.03317372,  51.82156664])
						array([0.00361184, 0.00711174, 0.00531653, 0.00347441, 0.00154501,
       0.00200186, 0.00387486, 0.00092807, 0.00238373, 0.00386928])

 59.7034137412			array([  7.13594633,   6.98073415,   2.66725756,   8.72771805,
       -24.88333847,  97.18253921,  51.17936858, -72.85045009,
       -84.03174472,  51.82494839])
						array([0.00203166, 0.00400035, 0.00299055, 0.00195435, 0.00086907,
       0.00112605, 0.00217961, 0.00052204, 0.00134085, 0.00217647])

 59.7012546638			array([  7.13822874,   6.98555686,   2.66834345,   8.72788238,
       -24.88355184,  97.18311268,  51.17833837, -72.85013017,
       -84.0340775 ,  51.82488246])
						array([0.00203166, 0.00400035, 0.00299055, 0.00195435, 0.00086907,
       0.00112605, 0.00217961, 0.00052204, 0.00134085, 0.00217647])

 59.7015485373			array([  7.13583309,   6.98399321,   2.6755157 ,   8.72867413,
       -24.88328061,  97.18340823,  51.1786767 , -72.84974512,
       -84.03473756,  51.82883871])
						array([0.00270888, 0.00533381, 0.0039874 , 0.00260581, 0.00115875,
       0.00150139, 0.00290615, 0.00069605, 0.0017878 , 0.00290196])

------------------------------------ 


------------------------------------ 
TOTAL GENERATIONS: 1000
------------------------------------ 
