------------------------------------ 
PARAMETERS used: 
 - DNA SIZE: '10'
 - c: '0.75'
 - s: '20'
 - num rotors in robot: '4'
 - num total generations: '1000'
------------------------------------ 


------------------------------------ 
Fitness_value		Individual
------------------------------------ 
 15962.552049			array([ 103.01336926,  -18.96992607,    4.74573253,  -80.10676088,
        144.29959033, -102.87637017, -149.21057547,   94.62243226,
       -139.33623823,  -49.88938643])
						array([1.23289814, 2.07069365, 2.85787438, 1.50072234, 6.46980182,
       7.35568474, 4.20688336, 0.66778732, 4.29006497, 4.13913881])

 15729.3852014			array([ 101.08350673,  -21.20335816,    6.0470815 ,  -79.92172263,
        151.62664028,  -90.18368993, -146.95900042,   94.45662234,
       -139.94181099,  -54.06677618])
						array([0.9246736 , 1.55302024, 2.14340579, 1.12554176, 4.85235137,
       5.51676355, 3.15516252, 0.50084049, 3.21754873, 3.10435411])

 15178.5358001			array([  99.08624979,  -21.95714998,    5.91621936,  -78.56280278,
        149.35486311,  -88.25614474, -148.35493703,   93.76796382,
       -137.50548151,  -52.1074327 ])
						array([0.5201289 , 0.87357388, 1.20566575, 0.63311724, 2.72944764,
       3.1031795 , 1.77477892, 0.28172278, 1.80987116, 1.74619919])

 15037.7284694			array([  99.20588015,  -21.53211197,    4.67408278,  -77.63458121,
        147.85966423,  -88.01079346, -146.27556814,   93.53643733,
       -137.88630556,  -51.80931696])
						array([0.5201289 , 0.87357388, 1.20566575, 0.63311724, 2.72944764,
       3.1031795 , 1.77477892, 0.28172278, 1.80987116, 1.74619919])

 14986.7478742			array([  99.74923083,  -20.35942238,    5.97401009,  -76.94908045,
        147.1834382 ,  -85.66403434, -145.77281641,   93.36880847,
       -137.57504252,  -48.81276969])
						array([0.6935052 , 1.16476518, 1.60755434, 0.84415632, 3.63926352,
       4.13757267, 2.36637189, 0.37563037, 2.41316155, 2.32826558])

 14698.7048682			array([  98.73870469,  -20.33910386,    8.40177419,  -76.25615638,
        149.87360664,  -83.44774   , -144.16376218,   93.48936258,
       -140.57040542,  -45.19024693])
						array([0.9246736 , 1.55302024, 2.14340579, 1.12554176, 4.85235137,
       5.51676355, 3.15516252, 0.50084049, 3.21754873, 3.10435411])

 14516.8947189			array([  97.16735858,  -22.67944509,    5.12787046,  -76.21657538,
        148.42954656,  -89.20601306, -136.10572836,   92.61331865,
       -143.87578991,  -47.06553705])
						array([1.64386418, 2.76092487, 3.81049918, 2.00096312, 8.62640243,
       9.80757965, 5.60917781, 0.8903831 , 5.72008663, 5.51885175])

 14419.7088319			array([ 102.46708372,  -19.66869394,    0.20842714,  -70.13342795,
        167.01705519, -102.09367815, -132.27060729,   93.47410372,
       -148.94417527,  -47.42454472])
						array([ 3.89656695,  6.5444145 ,  9.03229434,  4.7430237 , 20.44776872,
       23.24759621, 13.29582889,  2.11053771, 13.55872387, 13.08172266])

