------------------------------------ 
PARAMETERS used: 
 - DNA SIZE: '10'
 - c: '0.75'
 - s: '20'
 - num rotors in robot: '4'
 - num total generations: '1000'
------------------------------------ 


------------------------------------ 
Fitness_value		Individual
------------------------------------ 
 21838.3688242			array([ -32.24590976,  114.58084965,   44.50601582,  -79.10398848,
        169.27524896, -110.18069767,   43.28379551,  -89.40765407,
       -163.1122204 ,   28.21897174])
						array([1.90488328, 0.20190912, 5.41376026, 1.44679755, 1.73611418,
       0.09457593, 1.74450742, 4.97501466, 3.00338074, 3.51583405])

 21772.7632079			array([ -32.92729644,  114.36600685,   43.65339151,  -79.20798138,
        167.12464011, -110.14121958,   41.32396465,  -89.22978961,
       -160.49692993,   27.31444759])
						array([1.07149684, 0.11357388, 3.04524015, 0.81382362, 0.97656423,
       0.05319896, 0.98128542, 2.79844575, 1.68940167, 1.97765666])

 21535.7818575			array([ -32.34372011,  114.08388357,   44.14232133,  -77.96124296,
        166.40161155, -110.13097823,   42.83793886,  -88.77839085,
       -160.60892952,   27.28546665])
						array([1.07149684, 0.11357388, 3.04524015, 0.81382362, 0.97656423,
       0.05319896, 0.98128542, 2.79844575, 1.68940167, 1.97765666])

 21236.9993292			array([ -31.10972018,  114.05652164,   41.1313881 ,  -78.36817723,
        165.62167664, -110.20621182,   44.34216728,  -91.51660385,
       -161.53671552,   25.94860131])
						array([1.42866246, 0.15143184, 4.06032019, 1.08509816, 1.30208563,
       0.07093195, 1.30838057, 3.731261  , 2.25253555, 2.63687554])

 20683.9923294			array([ -29.78668283,  113.79210187,   40.66263058,  -76.28559378,
        165.89635643, -110.21074701,   43.47180112,  -84.19008464,
       -161.38549397,   24.4154535 ])
						array([1.90488328, 0.20190912, 5.41376026, 1.44679755, 1.73611418,
       0.09457593, 1.74450742, 4.97501466, 3.00338074, 3.51583405])

 20127.4278269			array([ -31.26314116,  113.66259828,   30.17391218,  -76.09591199,
        164.5835064 , -110.23614886,   46.13448037,  -82.50894526,
       -164.68007252,   28.47436357])
						array([2.53984437, 0.26921216, 7.21834701, 1.9290634 , 2.31481891,
       0.12610125, 2.3260099 , 6.63335288, 4.00450765, 4.68777874])

 19775.252796			array([ -29.51445778,  113.40463141,   26.71767047,  -76.31966939,
        166.11729457, -110.27597502,   46.39229923,  -93.61646277,
       -164.52020275,   24.97650929])
						array([3.38645916, 0.35894954, 9.62446268, 2.57208453, 3.08642521,
       0.16813499, 3.10134653, 8.84447051, 5.33934354, 6.25037165])

