------------------------------------ 
PARAMETERS used: 
 - DNA SIZE: '10'
 - c: '0.82'
 - s: '10'
 - num rotors in robot: '10'
 - num total generations: '1500'
------------------------------------ 


------------------------------------ 
Fitness_value		Individual
------------------------------------ 
 57403.5684618			array([155.31305785, -39.97069778,  37.8140589 , -21.230577  ,
        13.62069795, 138.87199689,  46.34912054, -37.55557894,
       -72.38185382,  49.75110111])
						array([6.79101217, 9.44603703, 8.52015349, 3.14699616, 2.47751567,
       4.73538856, 6.89868985, 2.09164562, 6.79112366, 6.16193297])

 53676.7091401			array([149.78082521, -31.19424068,  29.91403169, -23.29053966,
        10.8419204 , 139.55693804,  43.9377549 , -37.3827703 ,
       -65.8755693 ,  49.61622307])
						array([5.56862998, 7.74575037, 6.98652586, 2.58053685, 2.03156285,
       3.88301862, 5.65692568, 1.71514941, 5.5687214 , 5.05278504])

 52987.971986			array([143.64487163, -29.42281057,  43.71544731, -22.23745264,
         6.54291913, 136.35758681,  46.42761551, -41.21911945,
       -76.77196585,  39.80781756])
						array([6.79101217, 9.44603703, 8.52015349, 3.14699616, 2.47751567,
       4.73538856, 6.89868985, 2.09164562, 6.79112366, 6.16193297])

 45865.8196831			array([141.18112044, -41.44493615,  22.69626336, -14.71920226,
         3.67427198, 117.72271365,  44.03066143, -46.65418333,
       -59.08054847,  53.08780009])
						array([15.02031704, 20.89268394, 18.84482067,  6.96050586,  5.47975322,
       10.47370195, 15.25847783,  4.62628833, 15.02056362, 13.62892371])

 43659.5558604			array([138.01263791, -35.27802644,  17.35710966, -25.59262128,
         3.02892233, 123.0100369 ,  34.70578169, -44.97313101,
       -51.07941442,  46.78607977])
						array([18.3174598 , 25.47888285, 22.98148863,  8.48842178,  6.68262588,
       12.77280726, 18.60789979,  5.64181503, 18.31776051, 16.62063867])

