------------------------------------ 
PARAMETERS used: 
 - DNA SIZE: '10'
 - c: '0.75'
 - s: '10'
 - num rotors in robot: '10'
 - num total generations: '1500'
------------------------------------ 


------------------------------------ 
Fitness_value		Individual
------------------------------------ 
 98133.8691442			array([-150.99733627,  137.52342219,   21.68163513,   17.9786306 ,
       -125.71686999,   77.25985536, -172.90369099,   60.14200856,
         14.72617787,    1.02682469])
						array([9.53265631, 6.63327238, 6.31314336, 5.56936147, 3.14996944,
       6.07918587, 4.37313468, 2.07797086, 3.68715304, 9.00223691])

 97117.640939			array([-141.78806293,  144.05905125,   18.52440285,   14.80891782,
       -127.22263608,   77.62846446, -172.02558357,   59.51155643,
         16.54412209,    6.54521695])
						array([7.14949223, 4.97495429, 4.73485752, 4.1770211 , 2.36247708,
       4.5593894 , 3.27985101, 1.55847814, 2.76536478, 6.75167768])

 94828.1365314			array([-131.98849147,  139.46849418,   18.29782963,   20.3766595 ,
       -130.29127122,   79.31105397, -174.66666348,   56.17874223,
         16.9807099 ,    6.99892555])
						array([7.14949223, 4.97495429, 4.73485752, 4.1770211 , 2.36247708,
       4.5593894 , 3.27985101, 1.55847814, 2.76536478, 6.75167768])

 93307.6871037			array([-130.80619517,  137.97853865,   28.72851877,   28.18603686,
       -125.70205379,   74.34390325, -174.8148482 ,   57.92310553,
         18.20657317,    8.57185071])
						array([9.53265631, 6.63327238, 6.31314336, 5.56936147, 3.14996944,
       6.07918587, 4.37313468, 2.07797086, 3.68715304, 9.00223691])

 90727.0857718			array([-123.42565632,  135.91033935,   25.99537784,   30.53996288,
       -126.56309116,   71.33208285, -175.1064194 ,   56.42098176,
         18.31537018,   17.9589866 ])
						array([12.71020841,  8.84436317,  8.41752448,  7.42581529,  4.19995925,
        8.10558116,  5.83084624,  2.77062781,  4.91620405, 12.00298254])

 88640.6698459			array([-110.87975556,  133.59364175,   24.22664418,   23.71149403,
       -131.40567927,   75.08894422, -175.10693018,   57.6845143 ,
         20.42274535,   18.13598391])
						array([16.94694455, 11.79248423, 11.22336597,  9.90108706,  5.59994567,
       10.80744154,  7.77446165,  3.69417041,  6.55493874, 16.00397672])

