------------------------------------ 
PARAMETERS used: 
 - DNA SIZE: '10'
 - c: '0.72'
 - s: '10'
 - num rotors in robot: '10'
 - num total generations: '2000'
------------------------------------ 


------------------------------------ 
Fitness_value		Individual
------------------------------------ 
 95999.5671767			array([-124.72499033, -136.09820424,   34.01534037,  149.80722315,
        -27.57400754,  -86.35931025,  163.20534252,   -4.4479172 ,
          9.27395702,   50.9662745 ])
						array([2.99702575, 2.55700714, 4.48543916, 1.34252724, 0.88581438,
       2.07541119, 1.95838681, 4.25798639, 1.29794458, 3.17512842])

 95718.4199046			array([-126.47163487, -136.47336055,   34.93731583,  149.81505001,
        -27.58196355,  -85.14294069,  162.20435121,   -2.02839491,
          9.7129899 ,   47.10885778])
						array([2.15785854, 1.84104514, 3.2295162 , 0.96661961, 0.63778635,
       1.49429606, 1.4100385 , 3.0657502 , 0.9345201 , 2.28609246])

 94910.8673236			array([-123.76319958, -137.82129564,   38.64943153,  149.80653286,
        -26.47503144,  -82.36303048,  161.0665876 ,   -1.40852623,
          8.99480248,   48.46632618])
						array([2.99702575, 2.55700714, 4.48543916, 1.34252724, 0.88581438,
       2.07541119, 1.95838681, 4.25798639, 1.29794458, 3.17512842])

 94872.1312947			array([-117.77399782, -136.42253428,   33.78507864,  152.19578555,
        -25.88890126,  -77.74105135,  167.08357122,   10.0040481 ,
          7.6763776 ,   50.83546539])
						array([ 8.02958288,  6.85069213, 12.017316  ,  3.59687725,  2.37325955,
        5.56040807,  5.24687823, 11.40792823,  3.47743212,  8.50675266])

 94333.6175011			array([-121.91078668, -134.33703226,   18.20766379,  157.58109027,
        -22.07059372,  -74.2893586 ,  166.46470466,  -12.68792714,
          8.81333297,   37.51926137])
						array([15.48916451, 13.2150697 , 23.18155092,  6.93842062,  4.57804697,
       10.72609582, 10.12129289, 22.00603439,  6.7080095 , 16.40963091])

 91457.9139676			array([ -84.26277275, -142.68713457,   46.88225411,  169.57870756,
        -17.47275434,  -88.47189303,  149.95017957,  -10.13771466,
         21.19915879,   35.53068511])
						array([29.87878956, 25.4920326 , 44.71749791, 13.38429903,  8.83110913,
       20.69077126, 19.52409893, 42.44991202, 12.93983313, 31.65438061])

 75241.2455854			array([ -67.0094041 , -121.45109137,   17.07687472,  158.59693648,
        -12.61549925, -108.40678038,  123.21749117,  -44.38564113,
         19.11870547,  -14.85150222])
						array([57.63655393, 49.1744456 , 86.26060554, 25.81847808, 17.03531853,
       39.91275321, 37.66222787, 81.88640435, 24.96109786, 61.06169099])

 73034.8534407			array([ -56.65349361, -152.84982955,  -11.79785613,  152.45904914,
         -8.1151431 ,  -83.93449472,  115.19705225,  -35.26978327,
         -4.20898056,  -15.67962254])
						array([21.51272848, 18.35426347, 32.19659849,  9.63669531,  6.35839857,
       14.89735531, 14.05735123, 30.56393665,  9.31667986, 22.79115404])

 72215.8817525			array([ -65.19592   , -164.41917177,  -19.42734583,  138.41954174,
         -9.57078353,  -82.63026117,  111.11756408,  -14.13032338,
         -7.49142545,  -21.52280784])
						array([11.15219844,  9.51485018, 16.69071666,  4.99566285,  3.29619382,
        7.72278899,  7.28733088, 15.84434476,  4.82976684, 11.81493425])

 69366.2423644			array([ -81.39061615, -161.89371005,  -11.7345622 ,  131.75984568,
         -7.9072451 ,  -76.69286533,  101.94041054,    3.62194979,
         -1.94201933,  -33.32449975])
						array([15.48916451, 13.2150697 , 23.18155092,  6.93842062,  4.57804697,
       10.72609582, 10.12129289, 22.00603439,  6.7080095 , 16.40963091])

 61696.0456901			array([ -22.55586425, -161.85450927,    8.04364737,  127.23019935,
         -2.42871237,  -90.6171946 ,   89.11741314,   40.39768106,
         11.14403269,    0.18541083])
						array([41.49831883, 35.40560083, 62.10763599, 18.58930421, 12.26542934,
       28.73718231, 27.11680407, 58.95821113, 17.97199046, 43.96441752])

 61157.6576178			array([ -33.2635174 , -151.20196305,   15.13923138,  129.400009  ,
         -2.66673516,  -92.91735072,   97.29310377,   29.12784536,
         19.57263405,   -7.11872634])
						array([11.15219844,  9.51485018, 16.69071666,  4.99566285,  3.29619382,
        7.72278899,  7.28733088, 15.84434476,  4.82976684, 11.81493425])

 56011.3135647			array([ -33.34939669, -128.80364823,    9.56492859,  128.00419675,
          2.04738428,  -94.14293103,  104.69675856,   31.58685444,
         17.59513967,   -2.36191018])
						array([11.15219844,  9.51485018, 16.69071666,  4.99566285,  3.29619382,
        7.72278899,  7.28733088, 15.84434476,  4.82976684, 11.81493425])

 55014.9975256			array([ -34.76830008, -134.93092834,   20.69753511,  124.2745254 ,
          1.28484116,  -85.34960036,   98.87919457,   42.39541849,
         12.11982096,   -2.40496928])
						array([15.48916451, 13.2150697 , 23.18155092,  6.93842062,  4.57804697,
       10.72609582, 10.12129289, 22.00603439,  6.7080095 , 16.40963091])

 50565.5200741			array([ -34.81108622, -105.65526688,   44.60581684,  137.53122617,
          1.79170941,  -78.70824589,   75.80249198,   62.67065576,
         32.45211553,   12.05464967])
						array([29.87878956, 25.4920326 , 44.71749791, 13.38429903,  8.83110913,
       20.69077126, 19.52409893, 42.44991202, 12.93983313, 31.65438061])

 29477.9124666			array([-49.2003051 ,  40.22350362,   4.3108339 , 102.7295607 ,
        -6.7525926 ,   1.76488721,  30.54055013,  29.35122902,
       104.1863706 ,  54.13440838])
						array([154.41892235, 131.74737868, 231.10801809,  69.17244855,
        45.64074966, 106.93360234, 100.9040313 , 219.38872908,
        66.87536937, 163.59549413])

 29036.9046684			array([-53.96765441,  38.69247566,  14.64823531,  99.42128164,
        -9.21440621,   5.86524264,  33.34091101,  26.7242371 ,
       103.67170126,  50.14287018])
						array([2.99702575, 2.55700714, 4.48543916, 1.34252724, 0.88581438,
       2.07541119, 1.95838681, 4.25798639, 1.29794458, 3.17512842])

 28372.1637244			array([-51.97115213,  36.96760084,  15.77865645, 102.07952492,
        -8.34304592,   9.12116571,  28.86506714,  23.8023618 ,
       102.64165818,  46.64025575])
						array([2.99702575, 2.55700714, 4.48543916, 1.34252724, 0.88581438,
       2.07541119, 1.95838681, 4.25798639, 1.29794458, 3.17512842])

 27367.7617189			array([-51.4686107 ,  35.76391963,   8.4513972 , 100.6062867 ,
        -7.14688294,   4.92782988,  29.61752254,  18.78990951,
       102.23176202,  46.12276809])
						array([4.16253577, 3.5513988 , 6.22977661, 1.86462117, 1.23029775,
       2.88251555, 2.71998168, 5.91386999, 1.80270081, 4.40990058])

 27055.877272			array([-51.66437426,  32.59097   ,  11.13191162,  95.12160925,
        -6.36203242,   6.93284538,  31.30231787,  13.38064045,
       102.59010705,  55.14381837])
						array([ 8.02958288,  6.85069213, 12.017316  ,  3.59687725,  2.37325955,
        5.56040807,  5.24687823, 11.40792823,  3.47743212,  8.50675266])

 26798.874665			array([-60.06246274,  54.54134336,  11.41671374,  95.30388598,
        -3.9011947 ,   5.51553945,  35.16968586,   1.77499794,
        97.90989137,  24.76563186])
						array([21.51272848, 18.35426347, 32.19659849,  9.63669531,  6.35839857,
       14.89735531, 14.05735123, 30.56393665,  9.31667986, 22.79115404])

 25660.5864113			array([-53.87057788,  54.57114402,  -2.71208723,  93.19156357,
        -4.47875477,   3.16323598,  32.45035089,   2.72651035,
        95.84623516,  37.82380035])
						array([5.78129967, 4.93249833, 8.65246752, 2.58975162, 1.70874688,
       4.00349381, 3.77775233, 8.21370832, 2.50375113, 6.12486192])

 25386.0711765			array([-52.8793663 ,  53.84450499,  -3.91524726,  93.5198898 ,
        -4.62233321,   4.0076811 ,  32.09727119,   3.18320194,
        94.97308434,  37.96180603])
						array([1.55365815, 1.3255525 , 2.32525166, 0.69596612, 0.45920617,
       1.07589316, 1.01522772, 2.20734015, 0.67285447, 1.64598657])

 24525.2758188			array([-48.18674688,  51.03810758,  -7.87021692,  92.91383458,
        -4.67427527,   3.77325057,  32.34372341,   3.24018166,
        95.60747779,  35.07771209])
						array([2.15785854, 1.84104514, 3.2295162 , 0.96661961, 0.63778635,
       1.49429606, 1.4100385 , 3.0657502 , 0.9345201 , 2.28609246])

 24047.1065201			array([-45.6217059 ,  50.09762537,   1.73620964,  92.73441318,
        -4.92346429,   2.09722608,  34.34476332,   6.33675335,
        94.84052066,  34.43096566])
						array([4.16253577, 3.5513988 , 6.22977661, 1.86462117, 1.23029775,
       2.88251555, 2.71998168, 5.91386999, 1.80270081, 4.40990058])

 23029.4881763			array([-42.60002671,  45.83340096,   3.59645699,  92.67968288,
        -3.07065393,  -2.2293239 ,  39.12861789,   6.92721717,
        91.79869467,  32.49396319])
						array([11.15219844,  9.51485018, 16.69071666,  4.99566285,  3.29619382,
        7.72278899,  7.28733088, 15.84434476,  4.82976684, 11.81493425])

 19708.2890297			array([-35.21932993,  -8.90618584, -65.50679506,  90.91849259,
         1.19221924,  18.19410461,  -8.14804712,  37.26117543,
        50.02030828,  40.4850286 ])
						array([41.49831883, 35.40560083, 62.10763599, 18.58930421, 12.26542934,
       28.73718231, 27.11680407, 58.95821113, 17.97199046, 43.96441752])

 17752.506726			array([-10.17119804,  36.39235436, -58.19726924,  87.4166228 ,
        10.37994365,   5.11177642, -15.42037707, -15.18754872,
        40.22511156,  61.30984366])
						array([29.87878956, 25.4920326 , 44.71749791, 13.38429903,  8.83110913,
       20.69077126, 19.52409893, 42.44991202, 12.93983313, 31.65438061])

 17646.9187442			array([-17.82408599,  54.52162686, -51.65874873,  90.28255046,
         8.93767988, -14.86079234,  -9.40485151,   8.8408972 ,
        29.24247852,  55.0050554 ])
						array([15.48916451, 13.2150697 , 23.18155092,  6.93842062,  4.57804697,
       10.72609582, 10.12129289, 22.00603439,  6.7080095 , 16.40963091])

 17584.8901902			array([ -7.13356805,  31.20734466, -61.03565405, 103.10005486,
         6.43430842,  -4.20230459,  -2.69653511,  16.8805766 ,
        27.29964651,  41.60000692])
						array([21.51272848, 18.35426347, 32.19659849,  9.63669531,  6.35839857,
       14.89735531, 14.05735123, 30.56393665,  9.31667986, 22.79115404])

 16994.5059435			array([-13.47428192,   7.60548957, -10.48727569, 103.30465159,
         1.03163412,   2.60582717, -21.39035623, -12.30863312,
        24.58805195,  73.82548151])
						array([29.87878956, 25.4920326 , 44.71749791, 13.38429903,  8.83110913,
       20.69077126, 19.52409893, 42.44991202, 12.93983313, 31.65438061])

 16175.7488201			array([ -8.66827793,   6.36222351,  -5.37087996, 106.01755456,
        -0.95656713,   3.35475997, -23.57321158, -14.8314466 ,
        24.98161852,  63.74899158])
						array([2.99702575, 2.55700714, 4.48543916, 1.34252724, 0.88581438,
       2.07541119, 1.95838681, 4.25798639, 1.29794458, 3.17512842])

 16041.4241032			array([ -6.49220329,   6.89289914,  -2.74576862, 106.64380186,
        -1.16675755,   2.63421492, -22.68670153, -12.80682898,
        24.32030107,  63.23779986])
						array([1.55365815, 1.3255525 , 2.32525166, 0.69596612, 0.45920617,
       1.07589316, 1.01522772, 2.20734015, 0.67285447, 1.64598657])

 15675.5479374			array([ -7.16210634,   5.13728611,  -3.77171969, 106.65701546,
        -0.82308441,   4.35932326, -23.55374762, -15.43069379,
        24.20549187,  58.88547323])
						array([2.15785854, 1.84104514, 3.2295162 , 0.96661961, 0.63778635,
       1.49429606, 1.4100385 , 3.0657502 , 0.9345201 , 2.28609246])

 14956.5036061			array([-4.94105800e+00,  3.66037858e+00, -1.09225600e+01,  1.04049993e+02,
       -5.80951731e-01, -4.35134602e-02, -2.17164288e+01, -2.58785413e+01,
        2.46610854e+01,  5.30621837e+01])
						array([5.78129967, 4.93249833, 8.65246752, 2.58975162, 1.70874688,
       4.00349381, 3.77775233, 8.21370832, 2.50375113, 6.12486192])

 14682.8652238			array([ 12.16613856,   3.98947197, -16.84834715,  99.43373507,
        -2.18848391,  -7.69091815, -19.47297823, -17.9231953 ,
        28.19200273,  59.14744961])
						array([11.15219844,  9.51485018, 16.69071666,  4.99566285,  3.29619382,
        7.72278899,  7.28733088, 15.84434476,  4.82976684, 11.81493425])

 13117.5757612			array([-25.0323126 , -21.32615671,  -7.68579627, 102.92320841,
        -6.37538978,   2.72185229,  -9.75331447, -13.47851126,
        31.16758809,   4.71909296])
						array([15.48916451, 13.2150697 , 23.18155092,  6.93842062,  4.57804697,
       10.72609582, 10.12129289, 22.00603439,  6.7080095 , 16.40963091])

 12815.1864106			array([-26.59734877, -20.22578839,  -8.74135854, 100.86691473,
        -5.71532051,   0.8974661 ,  -7.56452069, -17.46817822,
        30.56096124,   6.63748202])
						array([2.15785854, 1.84104514, 3.2295162 , 0.96661961, 0.63778635,
       1.49429606, 1.4100385 , 3.0657502 , 0.9345201 , 2.28609246])

 12665.3891111			array([-25.92642032, -19.44857921,  -9.89153457, 100.53944891,
        -5.25453207,   0.99821415,  -7.77608734, -16.33643611,
        30.97775612,   6.00788726])
						array([1.11863387, 0.9543978 , 1.6741812 , 0.50109561, 0.33062845,
       0.77464308, 0.73096396, 1.58928491, 0.48445522, 1.18511033])

 12577.7499893			array([-25.69608016, -19.31790465, -11.6511738 , 100.23713986,
        -5.39304203,   0.73012219,  -7.08081437, -13.87956518,
        31.0249151 ,   5.44996437])
						array([1.55365815, 1.3255525 , 2.32525166, 0.69596612, 0.45920617,
       1.07589316, 1.01522772, 2.20734015, 0.67285447, 1.64598657])

 12403.0963677			array([-23.38250838, -18.6737979 , -12.51503973,  99.96944171,
        -4.9932281 ,  -1.13197669,  -5.65102551, -16.61233366,
        29.50669799,   9.40186969])
						array([2.15785854, 1.84104514, 3.2295162 , 0.96661961, 0.63778635,
       1.49429606, 1.4100385 , 3.0657502 , 0.9345201 , 2.28609246])

 12206.5758518			array([-24.35507408, -17.61603852, -15.75681898,  98.90887851,
        -4.40125363,  -2.33056666,  -4.30051744, -13.55609272,
        29.77497808,   8.33751204])
						array([2.99702575, 2.55700714, 4.48543916, 1.34252724, 0.88581438,
       2.07541119, 1.95838681, 4.25798639, 1.29794458, 3.17512842])

 11640.3339899			array([-24.52358358, -17.9531791 , -17.504598  ,  95.08607662,
        -4.45722358,  -3.77092135,   0.12213731,  -9.66070939,
        32.72013769,   8.29608678])
						array([5.78129967, 4.93249833, 8.65246752, 2.58975162, 1.70874688,
       4.00349381, 3.77775233, 8.21370832, 2.50375113, 6.12486192])

 11482.2370729			array([-18.89735529, -20.48470541, -22.33107062,  92.24429177,
        -9.03248613,  -5.48795753,   5.62207016,   1.6951729 ,
        37.53964502,   2.54570136])
						array([ 8.02958288,  6.85069213, 12.017316  ,  3.59687725,  2.37325955,
        5.56040807,  5.24687823, 11.40792823,  3.47743212,  8.50675266])

 10697.239			array([ 1.61854477e-02, -1.50631759e+01,  1.04818540e+01,  8.63577867e+01,
       -1.24876708e+01,  2.07076551e+01,  6.25369539e+00,  1.95771489e+01,
        4.35840551e+01, -7.80067730e+00])
						array([21.51272848, 18.35426347, 32.19659849,  9.63669531,  6.35839857,
       14.89735531, 14.05735123, 30.56393665,  9.31667986, 22.79115404])

 10221.7609417			array([ -0.72581935, -12.47861308,   8.32398661,  81.74394884,
        -5.6709041 ,  14.68218909,  10.20610534,  33.34398774,
        35.81117104, -24.01373804])
						array([ 8.02958288,  6.85069213, 12.017316  ,  3.59687725,  2.37325955,
        5.56040807,  5.24687823, 11.40792823,  3.47743212,  8.50675266])

 10093.0546945			array([  3.30523264, -14.6054035 ,   4.99575743,  81.4440614 ,
        -6.10801281,  13.90582445,  12.79865095,  30.63437476,
        37.23896648, -22.03361833])
						array([4.16253577, 3.5513988 , 6.22977661, 1.86462117, 1.23029775,
       2.88251555, 2.71998168, 5.91386999, 1.80270081, 4.40990058])

 9910.94740763			array([ -0.89948641, -18.91069349,  -2.083387  ,  83.44285252,
        -5.19623962,  10.89512396,  10.34974211,  24.16447135,
        36.75865277, -18.06190209])
						array([5.78129967, 4.93249833, 8.65246752, 2.58975162, 1.70874688,
       4.00349381, 3.77775233, 8.21370832, 2.50375113, 6.12486192])

 9825.05256672			array([ -1.2473372 , -17.61899464,  -1.17305253,  83.60438117,
        -5.32919198,  10.47566213,   9.85918966,  23.90538917,
        36.71541728, -17.17055579])
						array([0.80541638, 0.68716642, 1.20541046, 0.36078884, 0.23805248,
       0.55774302, 0.52629405, 1.14428513, 0.34880776, 0.85327944])

 9688.98850497			array([  0.1563589 , -16.52163087,  -0.24356745,  83.72897577,
        -5.65250441,  10.58616882,  10.06444499,  22.17637574,
        36.78999567, -17.15668028])
						array([0.80541638, 0.68716642, 1.20541046, 0.36078884, 0.23805248,
       0.55774302, 0.52629405, 1.14428513, 0.34880776, 0.85327944])

 9620.92673915			array([  1.02955323, -17.40862976,  -1.74743475,  83.43558519,
        -5.61575656,  10.72726395,   9.24162044,  21.3866218 ,
        36.46126769, -17.41660086])
						array([1.11863387, 0.9543978 , 1.6741812 , 0.50109561, 0.33062845,
       0.77464308, 0.73096396, 1.58928491, 0.48445522, 1.18511033])

 9390.16551829			array([  1.21803619, -17.47518082,   0.24973078,  82.43811891,
        -5.39348588,  11.43192878,  10.74576898,  21.50671344,
        35.16824746, -16.66917537])
						array([2.15785854, 1.84104514, 3.2295162 , 0.96661961, 0.63778635,
       1.49429606, 1.4100385 , 3.0657502 , 0.9345201 , 2.28609246])

 9160.22364792			array([  1.74522868, -13.96726302,   4.57247017,  81.67461273,
        -5.87181029,   9.14284419,  10.84005998,  22.42952716,
        36.09937587, -14.66592085])
						array([2.99702575, 2.55700714, 4.48543916, 1.34252724, 0.88581438,
       2.07541119, 1.95838681, 4.25798639, 1.29794458, 3.17512842])

 8968.9984149			array([ -3.27331589, -10.27024299,   6.66737383,  82.06990786,
        -5.6820911 ,  11.39793164,   9.90255917,  17.54456713,
        35.2882703 , -15.31000076])
						array([4.16253577, 3.5513988 , 6.22977661, 1.86462117, 1.23029775,
       2.88251555, 2.71998168, 5.91386999, 1.80270081, 4.40990058])

 8445.52879916			array([ -5.46404531, -10.34042567,   1.20754348,  79.21048234,
        -5.65717444,   8.4569728 ,  10.71446139,  13.19779221,
        36.49799232, -15.52637597])
						array([5.78129967, 4.93249833, 8.65246752, 2.58975162, 1.70874688,
       4.00349381, 3.77775233, 8.21370832, 2.50375113, 6.12486192])

 5984.39597149			array([ 1.02229754e+00,  4.70823906e+00, -1.36904839e+01,  6.90540614e+01,
       -1.54877111e+01, -5.37288071e+00,  9.93345831e+00,  2.07212337e+00,
        2.76000318e+01, -1.99370046e-02])
						array([21.51272848, 18.35426347, 32.19659849,  9.63669531,  6.35839857,
       14.89735531, 14.05735123, 30.56393665,  9.31667986, 22.79115404])

 5721.63880766			array([  0.33025736,   3.15081207, -10.50106714,  63.80667201,
       -18.3458439 ,  -7.92206428,  16.71473203,   1.36969902,
        30.9546269 ,  -0.09004565])
						array([5.78129967, 4.93249833, 8.65246752, 2.58975162, 1.70874688,
       4.00349381, 3.77775233, 8.21370832, 2.50375113, 6.12486192])

 4731.27588781			array([  7.08763187,   2.99595736, -14.37814468,  55.67086042,
       -18.59562929,  -6.55929236,  14.23060266,   6.09197403,
        29.42940392,   3.59192974])
						array([5.78129967, 4.93249833, 8.65246752, 2.58975162, 1.70874688,
       4.00349381, 3.77775233, 8.21370832, 2.50375113, 6.12486192])

 4433.24246877			array([ 14.02071645,   3.7572807 ,  -8.57611034,  52.0991189 ,
       -16.58503834,  -4.15869181,  15.94309492,  17.52646972,
        27.39702727,   9.23089093])
						array([ 8.02958288,  6.85069213, 12.017316  ,  3.59687725,  2.37325955,
        5.56040807,  5.24687823, 11.40792823,  3.47743212,  8.50675266])

 4180.00770254			array([ 14.52264266,   5.63664367,  -5.51529042,  48.91571941,
       -16.82653102,  -7.62147519,  14.44929627,  19.49540467,
        26.10624621,  14.48840522])
						array([2.15785854, 1.84104514, 3.2295162 , 0.96661961, 0.63778635,
       1.49429606, 1.4100385 , 3.0657502 , 0.9345201 , 2.28609246])

 4128.85029983			array([ 14.94085856,   7.05131364,  -4.22186192,  48.60208563,
       -16.79404111,  -7.85385675,  14.4667545 ,  18.97973228,
        26.41047935,  13.59375238])
						array([0.80541638, 0.68716642, 1.20541046, 0.36078884, 0.23805248,
       0.55774302, 0.52629405, 1.14428513, 0.34880776, 0.85327944])

 4115.65909994			array([ 14.72194548,   7.28347437,  -4.68813466,  48.93872327,
       -16.77908133,  -7.57256306,  13.63394368,  18.9015269 ,
        26.20440271,  13.36937344])
						array([1.11863387, 0.9543978 , 1.6741812 , 0.50109561, 0.33062845,
       0.77464308, 0.73096396, 1.58928491, 0.48445522, 1.18511033])

 4041.03107475			array([ 14.72277991,   7.13223812,  -6.26775401,  48.8914838 ,
       -16.38315684,  -8.34496822,  13.18098592,  16.17441596,
        25.80842456,  13.78179704])
						array([1.55365815, 1.3255525 , 2.32525166, 0.69596612, 0.45920617,
       1.07589316, 1.01522772, 2.20734015, 0.67285447, 1.64598657])

 3922.61426542			array([ 14.25661681,   7.85995167,  -4.12876646,  48.59627289,
       -16.10161485,  -8.12938515,  11.82337764,  15.36038503,
        25.23186758,  15.60726669])
						array([2.15785854, 1.84104514, 3.2295162 , 0.96661961, 0.63778635,
       1.49429606, 1.4100385 , 3.0657502 , 0.9345201 , 2.28609246])

 3730.60958496			array([ 13.6703555 ,   6.70193159,   0.6057402 ,  47.64652698,
       -16.14156675,  -7.56503852,  10.28388094,  15.86166086,
        24.12932292,  17.33219769])
						array([4.16253577, 3.5513988 , 6.22977661, 1.86462117, 1.23029775,
       2.88251555, 2.71998168, 5.91386999, 1.80270081, 4.40990058])

 3362.98154805			array([ 23.46178644,  -1.16281768,  -3.49568602,  43.56194015,
       -16.96057944,   9.64751042,  -5.87713323,  12.50702741,
        21.86381689,   5.16036793])
						array([21.51272848, 18.35426347, 32.19659849,  9.63669531,  6.35839857,
       14.89735531, 14.05735123, 30.56393665,  9.31667986, 22.79115404])

 3347.43666852			array([ 22.72120441,  -0.07367135,  -2.34837909,  44.1694597 ,
       -16.82591269,   9.56152677,  -5.71568206,  11.33547169,
        21.68913871,   6.07814555])
						array([1.55365815, 1.3255525 , 2.32525166, 0.69596612, 0.45920617,
       1.07589316, 1.01522772, 2.20734015, 0.67285447, 1.64598657])

 3119.63234496			array([ 19.51299993,  -0.26399227,   1.85201197,  44.20687232,
       -16.93469251,   8.96386322,  -4.53857844,  10.94775067,
        21.27314775,   3.71308412])
						array([1.55365815, 1.3255525 , 2.32525166, 0.69596612, 0.45920617,
       1.07589316, 1.01522772, 2.20734015, 0.67285447, 1.64598657])

 3056.06063481			array([ 15.02179437,   0.58031444,   3.34229669,  44.98077908,
       -16.31861334,   8.4590169 ,  -4.62930151,  12.7472862 ,
        21.3533372 ,   2.30167966])
						array([2.15785854, 1.84104514, 3.2295162 , 0.96661961, 0.63778635,
       1.49429606, 1.4100385 , 3.0657502 , 0.9345201 , 2.28609246])

 3045.00545588			array([ 14.51562558,  -0.30557028,  -0.66381537,  43.92344935,
       -16.181279  ,   7.42756799,  -5.09993622,  11.91746006,
        23.22492751,   0.48960864])
						array([2.99702575, 2.55700714, 4.48543916, 1.34252724, 0.88581438,
       2.07541119, 1.95838681, 4.25798639, 1.29794458, 3.17512842])

 2688.17366306			array([ 17.42882854,   0.99745191,   4.61643781,  38.47560986,
       -14.68524307,   6.44872082,  -2.31353804,  -4.09509878,
        27.00073499,   3.79664803])
						array([5.78129967, 4.93249833, 8.65246752, 2.58975162, 1.70874688,
       4.00349381, 3.77775233, 8.21370832, 2.50375113, 6.12486192])

 2640.48204934			array([ 1.73722269e+01,  5.91047037e+00,  8.35118187e+00,  4.03145580e+01,
       -1.24131539e+01,  4.89961101e+00, -9.21694821e-01, -2.07321396e+00,
        2.52019543e+01, -2.35339506e-02])
						array([4.16253577, 3.5513988 , 6.22977661, 1.86462117, 1.23029775,
       2.88251555, 2.71998168, 5.91386999, 1.80270081, 4.40990058])

 2595.84799549			array([ 13.97875764,   0.4312424 ,  -1.03253519,  39.71727919,
       -11.4696065 ,   7.98205452,  -3.10531397,   6.92439359,
        25.59653356,  -4.03350977])
						array([5.78129967, 4.93249833, 8.65246752, 2.58975162, 1.70874688,
       4.00349381, 3.77775233, 8.21370832, 2.50375113, 6.12486192])

 2588.08134906			array([ 13.52764751,   0.63171508,  -1.68633894,  39.46416784,
       -11.71845   ,   7.42643605,  -2.92339729,   6.37541089,
        25.68923074,  -3.06504344])
						array([0.41752785, 0.35622707, 0.62488478, 0.18703293, 0.12340641,
       0.28913398, 0.27283084, 0.59319741, 0.18082194, 0.44234006])

 2548.81121619			array([ 13.72364757,   0.52256306,  -1.45234568,  39.55460403,
       -11.63176911,   7.23108976,  -2.80483635,   6.27554311,
        25.31583237,  -2.56158572])
						array([0.41752785, 0.35622707, 0.62488478, 0.18703293, 0.12340641,
       0.28913398, 0.27283084, 0.59319741, 0.18082194, 0.44234006])

 2543.47208977			array([ 14.07324544,   0.97208279,  -0.73221857,  39.69684164,
       -11.61031414,   7.37033814,  -3.10560182,   5.98993977,
        25.1483905 ,  -2.3866059 ])
						array([0.5798998 , 0.49475982, 0.86789553, 0.25976796, 0.17139779,
       0.40157497, 0.37893172, 0.8238853 , 0.25114159, 0.6143612 ])

 2482.78252761			array([ 10.84655313,   2.5470215 ,  -3.22330788,  38.8837477 ,
       -11.50099681,   5.34586562,  -2.11957097,   8.63616504,
        25.2178464 ,  -3.67757958])
						array([2.99702575, 2.55700714, 4.48543916, 1.34252724, 0.88581438,
       2.07541119, 1.95838681, 4.25798639, 1.29794458, 3.17512842])

 2400.34701174			array([  7.94386257,   0.50620541,  -6.87238998,  39.28969444,
       -12.34096684,   5.27389632,  -1.84141702,   3.06973891,
        23.92825488,  -3.12799666])
						array([4.16253577, 3.5513988 , 6.22977661, 1.86462117, 1.23029775,
       2.88251555, 2.71998168, 5.91386999, 1.80270081, 4.40990058])

 2205.80624257			array([12.98865204, -0.23080903,  2.81141764, 36.15753073, -9.83689465,
       -4.1476044 , -2.66818178, -9.76260919, 24.16283183,  1.89205573])
						array([11.15219844,  9.51485018, 16.69071666,  4.99566285,  3.29619382,
        7.72278899,  7.28733088, 15.84434476,  4.82976684, 11.81493425])

 2057.64784456			array([12.30741895,  0.80325914, -0.47728803, 34.38866998, -9.2677356 ,
       -5.87569207, -2.59268771, -0.51715886, 25.08059342, -4.0437662 ])
						array([2.99702575, 2.55700714, 4.48543916, 1.34252724, 0.88581438,
       2.07541119, 1.95838681, 4.25798639, 1.29794458, 3.17512842])

 2060.12045066			array([10.31338422,  0.89764343,  1.62420208, 34.65474945, -9.65996692,
       -3.82100942, -4.40702369, -2.34766986, 24.50864908, -5.45574701])
						array([2.15785854, 1.84104514, 3.2295162 , 0.96661961, 0.63778635,
       1.49429606, 1.4100385 , 3.0657502 , 0.9345201 , 2.28609246])

 1982.14909185			array([ 5.4111175 , -0.24592161,  5.65332349, 33.88564718, -8.83315891,
       -6.02624812, -3.71308948, -0.96087102, 24.97170449, -6.02650541])
						array([2.99702575, 2.55700714, 4.48543916, 1.34252724, 0.88581438,
       2.07541119, 1.95838681, 4.25798639, 1.29794458, 3.17512842])

 1984.87879446			array([ 5.33725386, -0.26478494,  5.70348739, 33.88275948, -8.85584123,
       -6.02550033, -3.66317729, -0.85488208, 25.02420442, -6.02681815])
						array([0.0581675 , 0.04962744, 0.08705524, 0.02605632, 0.01719225,
       0.04028043, 0.03800917, 0.08264075, 0.02519104, 0.06162419])

 1982.60133218			array([ 5.30682788, -0.2812562 ,  5.6665788 , 33.88247938, -8.85882766,
       -6.03262457, -3.66706504, -0.82771991, 25.02802631, -6.02777447])
						array([0.0217109 , 0.01852334, 0.03249319, 0.00972547, 0.00641697,
       0.01503459, 0.01418685, 0.03084549, 0.00940251, 0.02300111])

 1982.91581249			array([ 5.32896788, -0.25655083,  5.6505399 , 33.87195674, -8.86391468,
       -6.03662851, -3.66308259, -0.83463825, 25.01817643, -6.031711  ])
						array([0.03015403, 0.02572687, 0.04512944, 0.0135076 , 0.00891246,
       0.02088138, 0.01970396, 0.04284096, 0.01305904, 0.03194598])

 1980.10384374			array([ 5.37656197, -0.29114475,  5.58160836, 33.89511249, -8.87156881,
       -5.99443443, -3.6812721 , -0.85426437, 25.00823385, -6.00120298])
						array([0.0807882 , 0.068927  , 0.12091006, 0.03618933, 0.02387812,
       0.05594504, 0.05279052, 0.11477881, 0.03498756, 0.08558916])

 1984.72150049			array([ 5.37785498, -0.38999695,  5.28278637, 33.89904764, -9.0100095 ,
       -5.96023073, -3.69016993, -1.22164892, 25.01800378, -6.29807312])
						array([0.30062005, 0.25648349, 0.44991704, 0.13466371, 0.08885261,
       0.20817647, 0.1964382 , 0.42710214, 0.1301918 , 0.31848484])

 1981.07568998			array([ 5.43671839, -0.32799358,  5.32831423, 33.88680714, -8.95790782,
       -6.02247679, -3.7256922 , -1.07350095, 24.95205845, -6.25684188])
						array([0.0581675 , 0.04962744, 0.08705524, 0.02605632, 0.01719225,
       0.04028043, 0.03800917, 0.08264075, 0.02519104, 0.06162419])

 1982.44925196			array([ 5.4163571 , -0.31077042,  5.21045504, 33.89228483, -8.96650279,
       -5.99543709, -3.74071748, -1.03534952, 24.99389813, -6.25148981])
						array([0.0418806 , 0.03573176, 0.06267977, 0.01876055, 0.01237842,
       0.02900191, 0.02736661, 0.05950134, 0.01813755, 0.04436942])

 1984.41949548			array([ 5.42587117, -0.26690786,  5.21521246, 33.89316855, -8.96458896,
       -5.97274338, -3.73323374, -1.11725404, 24.99946648, -6.23819384])
						array([0.0581675 , 0.04962744, 0.08705524, 0.02605632, 0.01719225,
       0.04028043, 0.03800917, 0.08264075, 0.02519104, 0.06162419])

 1983.07470947			array([ 5.47096826, -0.26497471,  5.21712478, 33.87840413, -8.94208573,
       -5.95941845, -3.74629452, -1.0792552 , 24.98832167, -6.21833741])
						array([0.0807882 , 0.068927  , 0.12091006, 0.03618933, 0.02387812,
       0.05594504, 0.05279052, 0.11477881, 0.03498756, 0.08558916])

 1984.60527338			array([ 5.5068689 , -0.37786314,  5.21833319, 33.91392255, -8.96640609,
       -6.02271424, -3.76125162, -0.94919386, 25.01739912, -6.16653511])
						array([0.15584144, 0.13296104, 0.233237  , 0.06980967, 0.04606119,
       0.10791868, 0.10183356, 0.22140975, 0.06749143, 0.16510254])

 1980.37356812			array([ 4.58421359,  0.54692375,  3.67435212, 33.70946652, -8.95185658,
       -4.29134135, -4.85626833,  0.37896299, 25.01712479, -5.34284707])
						array([1.11863387, 0.9543978 , 1.6741812 , 0.50109561, 0.33062845,
       0.77464308, 0.73096396, 1.58928491, 0.48445522, 1.18511033])

 1868.82803077			array([ 5.50989103,  0.8286855 ,  3.66499975, 32.6322322 , -9.13165241,
       -4.41321005, -4.37235964, -0.35160351, 23.71300229, -5.14411022])
						array([1.55365815, 1.3255525 , 2.32525166, 0.69596612, 0.45920617,
       1.07589316, 1.01522772, 2.20734015, 0.67285447, 1.64598657])

 1832.18722731			array([ 5.83887231,  1.47269236,  3.17093388, 33.33373068, -8.53106706,
       -2.61714612, -3.98028439,  1.03624819, 23.09745304, -6.30127765])
						array([2.15785854, 1.84104514, 3.2295162 , 0.96661961, 0.63778635,
       1.49429606, 1.4100385 , 3.0657502 , 0.9345201 , 2.28609246])

 1810.22299274			array([ 1.42861618,  1.90920902,  5.4858902 , 31.57009507, -8.03363189,
       -1.7260429 , -1.88730567,  3.77445491, 23.12631578, -9.67755668])
						array([2.99702575, 2.55700714, 4.48543916, 1.34252724, 0.88581438,
       2.07541119, 1.95838681, 4.25798639, 1.29794458, 3.17512842])

 1767.87719575			array([ 1.49658686,  1.71267832,  7.17015919, 30.95824237, -8.20942068,
       -1.13593394, -2.06172776,  2.44887137, 22.7815123 , -9.17976457])
						array([0.80541638, 0.68716642, 1.20541046, 0.36078884, 0.23805248,
       0.55774302, 0.52629405, 1.14428513, 0.34880776, 0.85327944])

 1720.62882437			array([ 1.15555492,  1.65250747,  6.68421242, 30.6710271 , -8.23145668,
       -1.2399909 , -2.11642583,  2.78347402, 22.66565061, -9.01111266])
						array([0.41752785, 0.35622707, 0.62488478, 0.18703293, 0.12340641,
       0.28913398, 0.27283084, 0.59319741, 0.18082194, 0.44234006])

 1703.70727378			array([ 1.11519803,  1.54842523,  7.20341697, 30.50203896, -8.00119214,
       -0.93021215, -2.21893599,  1.76143351, 23.06530996, -9.02254076])
						array([0.5798998 , 0.49475982, 0.86789553, 0.25976796, 0.17139779,
       0.40157497, 0.37893172, 0.8238853 , 0.25114159, 0.6143612 ])

 1692.79659906			array([ 2.00170245,  0.89643171,  6.85907699, 29.82001804, -7.95580022,
        0.24573289, -1.22170852,  2.92803936, 22.94576659, -8.9634275 ])
						array([1.55365815, 1.3255525 , 2.32525166, 0.69596612, 0.45920617,
       1.07589316, 1.01522772, 2.20734015, 0.67285447, 1.64598657])

 1637.34582934			array([ 4.12454764,  1.54012459, 10.22443728, 29.22564579, -8.33468814,
        0.22543794, -0.07844945, -3.19179138, 22.25477528, -8.27852991])
						array([2.15785854, 1.84104514, 3.2295162 , 0.96661961, 0.63778635,
       1.49429606, 1.4100385 , 3.0657502 , 0.9345201 , 2.28609246])

 1592.56203026			array([  2.8531508 ,   2.73510906,  10.1527071 ,  26.68234881,
        -8.50251136,  -0.4208026 ,  -1.68526536,  -3.85729688,
        22.12581828, -11.32737926])
						array([4.16253577, 3.5513988 , 6.22977661, 1.86462117, 1.23029775,
       2.88251555, 2.71998168, 5.91386999, 1.80270081, 4.40990058])

 1391.81333987			array([ 6.29728284,  0.40892527,  3.43461545, 29.28627064, -8.5587852 ,
       -0.70096428, -0.27314091,  0.78871602, 19.64800265, -3.69396289])
						array([11.15219844,  9.51485018, 16.69071666,  4.99566285,  3.29619382,
        7.72278899,  7.28733088, 15.84434476,  4.82976684, 11.81493425])

 1363.76362776			array([ 6.07389549,  0.19313035,  2.41134224, 29.12379786, -8.66987674,
       -0.86195736, -0.64920379,  0.94690605, 19.45760086, -4.62773349])
						array([0.5798998 , 0.49475982, 0.86789553, 0.25976796, 0.17139779,
       0.40157497, 0.37893172, 0.8238853 , 0.25114159, 0.6143612 ])

 1363.24583858			array([ 5.82837194,  0.1832145 ,  2.56778493, 28.95929203, -8.84854004,
       -1.01490398, -0.83972528,  0.82428768, 19.28585162, -4.84943305])
						array([0.41752785, 0.35622707, 0.62488478, 0.18703293, 0.12340641,
       0.28913398, 0.27283084, 0.59319741, 0.18082194, 0.44234006])

 1363.60526232			array([ 5.4054302 ,  0.27448431,  2.3161584 , 29.35816777, -8.96290353,
       -1.22010178, -0.60903075,  1.033037  , 19.07413795, -3.67115221])
						array([0.5798998 , 0.49475982, 0.86789553, 0.25976796, 0.17139779,
       0.40157497, 0.37893172, 0.8238853 , 0.25114159, 0.6143612 ])

 1347.09684356			array([ 5.39917301, -0.65514273,  4.76560929, 28.78151286, -9.04394905,
       -1.76998984, -0.95728322, -3.91318214, 18.64531135, -0.79770863])
						array([2.99702575, 2.55700714, 4.48543916, 1.34252724, 0.88581438,
       2.07541119, 1.95838681, 4.25798639, 1.29794458, 3.17512842])

 1313.97400063			array([ 6.70145951, -7.01646069,  7.6194647 , 22.71277158, -9.44069445,
       -4.08309701, -0.54458572, -7.54216765, 20.89623458,  1.9071785 ])
						array([5.78129967, 4.93249833, 8.65246752, 2.58975162, 1.70874688,
       4.00349381, 3.77775233, 8.21370832, 2.50375113, 6.12486192])

 1221.86810348			array([  4.64404313, -11.4306421 ,   5.67435751,  20.12159577,
        -9.90313223,  -0.21698052,   1.33020954,  -4.90201631,
        19.99882811,   4.49179767])
						array([ 8.02958288,  6.85069213, 12.017316  ,  3.59687725,  2.37325955,
        5.56040807,  5.24687823, 11.40792823,  3.47743212,  8.50675266])

 1210.60658327			array([ 5.88037026, -9.43559918,  7.72181737, 19.53216606, -9.87217387,
       -0.19116311,  0.39809757, -7.45998412, 20.47946437,  3.83863737])
						array([0.80541638, 0.68716642, 1.20541046, 0.36078884, 0.23805248,
       0.55774302, 0.52629405, 1.14428513, 0.34880776, 0.85327944])

 1111.04731855			array([ 4.1933454 , -9.35072142,  7.27420426, 18.69483457, -9.49000637,
       -0.85483902,  0.33585305, -6.92384453, 20.54493762,  2.34895002])
						array([0.80541638, 0.68716642, 1.20541046, 0.36078884, 0.23805248,
       0.55774302, 0.52629405, 1.14428513, 0.34880776, 0.85327944])

 1098.12282437			array([ 4.00748743, -9.69266887,  4.81922659, 18.5667316 , -9.60926879,
       -1.35602329,  0.28059907, -6.00047875, 20.42570023,  2.0484869 ])
						array([1.11863387, 0.9543978 , 1.6741812 , 0.50109561, 0.33062845,
       0.77464308, 0.73096396, 1.58928491, 0.48445522, 1.18511033])

 1043.36858546			array([ 3.69420716, -8.27478023,  2.86279382, 18.19883005, -9.57858705,
       -0.34468195, -0.47708159, -5.11187437, 20.30776387,  2.91586528])
						array([2.15785854, 1.84104514, 3.2295162 , 0.96661961, 0.63778635,
       1.49429606, 1.4100385 , 3.0657502 , 0.9345201 , 2.28609246])

 1040.7783036			array([ 2.58427001, -8.23830783,  6.34466078, 17.18523105, -8.27741598,
       -3.66296784,  1.38786099,  2.61560307, 20.97331983,  4.57649667])
						array([4.16253577, 3.5513988 , 6.22977661, 1.86462117, 1.23029775,
       2.88251555, 2.71998168, 5.91386999, 1.80270081, 4.40990058])

 949.583044529			array([ 0.54117982, -3.31919441,  2.89271582, 17.89476651, -7.63897846,
       -2.14791287,  0.19637982,  1.54252508, 21.83715019,  1.78340461])
						array([5.78129967, 4.93249833, 8.65246752, 2.58975162, 1.70874688,
       4.00349381, 3.77775233, 8.21370832, 2.50375113, 6.12486192])

 950.574102229			array([ 0.25280724, -3.18977612,  5.71423209, 16.94913908, -7.15811023,
       -2.3235159 ,  1.45575008,  0.51279261, 21.79103895,  1.83280211])
						array([0.80541638, 0.68716642, 1.20541046, 0.36078884, 0.23805248,
       0.55774302, 0.52629405, 1.14428513, 0.34880776, 0.85327944])

 951.773689581			array([ 0.06534529, -3.54899968,  5.65293306, 16.52796755, -6.80092036,
       -1.03197386,  0.87278618,  0.37046436, 22.42692352,  1.47783632])
						array([0.80541638, 0.68716642, 1.20541046, 0.36078884, 0.23805248,
       0.55774302, 0.52629405, 1.14428513, 0.34880776, 0.85327944])

 941.289928153			array([ 1.37639208, -2.70245874,  5.02639634, 16.71957935, -7.00009133,
       -1.67551313,  0.02270495,  1.39438367, 22.10416491,  0.50793014])
						array([1.11863387, 0.9543978 , 1.6741812 , 0.50109561, 0.33062845,
       0.77464308, 0.73096396, 1.58928491, 0.48445522, 1.18511033])

 862.112486949			array([ 0.97012336, -0.45177272,  2.24724005, 16.95104487, -7.08752231,
       -1.36339262, -0.58541983,  1.16258828, 22.14201867,  3.77323285])
						array([1.55365815, 1.3255525 , 2.32525166, 0.69596612, 0.45920617,
       1.07589316, 1.01522772, 2.20734015, 0.67285447, 1.64598657])

 839.971555489			array([ 0.38600976, -3.32485905, -0.78947822, 17.388389  , -6.51242979,
       -1.65251591,  2.07079764,  3.7926503 , 19.4849825 ,  0.44421285])
						array([4.16253577, 3.5513988 , 6.22977661, 1.86462117, 1.23029775,
       2.88251555, 2.71998168, 5.91386999, 1.80270081, 4.40990058])

 807.005363549			array([-0.49547599, -0.7080416 , -3.65893333, 14.00733579, -6.86423917,
       -3.55449303, -0.40577579, -0.38444867, 20.58077785,  2.28252488])
						array([5.78129967, 4.93249833, 8.65246752, 2.58975162, 1.70874688,
       4.00349381, 3.77775233, 8.21370832, 2.50375113, 6.12486192])

 626.463887234			array([ 0.4685135 , -7.49633039,  2.99771983,  9.84604255, -4.58801527,
       -0.25497004,  0.91074022,  2.43718057, 18.20578257,  5.93873255])
						array([4.16253577, 3.5513988 , 6.22977661, 1.86462117, 1.23029775,
       2.88251555, 2.71998168, 5.91386999, 1.80270081, 4.40990058])

 632.721119375			array([-0.31272573, -6.732267  ,  2.9317415 ,  9.73181782, -4.57718738,
        0.06454187,  0.96347502,  2.45335789, 17.98551217,  5.69011062])
						array([0.5798998 , 0.49475982, 0.86789553, 0.25976796, 0.17139779,
       0.40157497, 0.37893172, 0.8238853 , 0.25114159, 0.6143612 ])

 596.754410933			array([-0.66877037, -6.47456101,  3.17109422,  9.77988192, -4.57079318,
        0.22212779,  1.23223836,  3.37482432, 17.96467532,  5.35178107])
						array([0.80541638, 0.68716642, 1.20541046, 0.36078884, 0.23805248,
       0.55774302, 0.52629405, 1.14428513, 0.34880776, 0.85327944])

 589.797789141			array([-0.77015576, -4.54078782,  3.63505919,  9.89247013, -4.62197476,
       -0.38206213,  2.03129475,  4.86374871, 17.66812028,  5.51524885])
						array([1.11863387, 0.9543978 , 1.6741812 , 0.50109561, 0.33062845,
       0.77464308, 0.73096396, 1.58928491, 0.48445522, 1.18511033])

 572.542195894			array([ 0.16731385, -4.38180275,  3.12290027,  9.61794868, -4.81860941,
        0.1761405 ,  2.49992984,  5.40685854, 17.5242594 ,  5.60049679])
						array([0.5798998 , 0.49475982, 0.86789553, 0.25976796, 0.17139779,
       0.40157497, 0.37893172, 0.8238853 , 0.25114159, 0.6143612 ])

 534.538947887			array([ 2.67627265e-01, -3.76020671e+00,  2.07120003e+00,  9.49437101e+00,
       -4.88638603e+00,  1.42804199e-02,  2.20318002e+00,  4.88890197e+00,
        1.75005851e+01,  5.81397721e+00])
						array([0.80541638, 0.68716642, 1.20541046, 0.36078884, 0.23805248,
       0.55774302, 0.52629405, 1.14428513, 0.34880776, 0.85327944])

 529.314673833			array([-0.71915213, -3.04247919,  0.16408528,  9.73960139, -4.6944134 ,
        0.60944556,  2.03772757,  4.04051808, 17.32030955,  5.70418149])
						array([0.5798998 , 0.49475982, 0.86789553, 0.25976796, 0.17139779,
       0.40157497, 0.37893172, 0.8238853 , 0.25114159, 0.6143612 ])

 504.95004356			array([-0.66792363, -3.42283115,  0.73043373,  9.74893895, -4.74025237,
        0.8043912 ,  2.28104557,  4.04408241, 17.38517189,  4.99279412])
						array([0.30062005, 0.25648349, 0.44991704, 0.13466371, 0.08885261,
       0.20817647, 0.1964382 , 0.42710214, 0.1301918 , 0.31848484])

 500.859377928			array([-1.07143801, -3.14763031,  0.50407793,  9.75182479, -4.69406415,
        0.97553168,  2.36294064,  3.89392367, 17.23525005,  4.7622954 ])
						array([0.41752785, 0.35622707, 0.62488478, 0.18703293, 0.12340641,
       0.28913398, 0.27283084, 0.59319741, 0.18082194, 0.44234006])

 486.773440117			array([-0.87722064, -3.5648211 ,  0.13770662,  9.79638635, -4.63567883,
        0.94955551,  2.42511496,  4.20276603, 17.23653085,  4.93891965])
						array([0.11220583, 0.09573195, 0.16793064, 0.05026296, 0.03316406,
       0.07770145, 0.07332017, 0.15941502, 0.04859383, 0.11887383])

 480.369640372			array([-0.94732173, -3.60761678,  0.17888124,  9.78379569, -4.66519846,
        1.01204914,  2.42702891,  4.0228655 , 17.23164682,  4.87843381])
						array([0.0807882 , 0.068927  , 0.12091006, 0.03618933, 0.02387812,
       0.05594504, 0.05279052, 0.11477881, 0.03498756, 0.08558916])

 484.578182639			array([-0.92624494, -3.53425957,  0.24747146,  9.82645897, -4.67360682,
        0.93645392,  2.45990609,  4.06922351, 17.26787226,  4.77813179])
						array([0.11220583, 0.09573195, 0.16793064, 0.05026296, 0.03316406,
       0.07770145, 0.07332017, 0.15941502, 0.04859383, 0.11887383])

 479.925874923			array([-0.87615917, -3.52782105,  0.24536784,  9.8023435 , -4.67405245,
        0.92980117,  2.46120801,  3.99455099, 17.27211408,  4.74901869])
						array([0.0217109 , 0.01852334, 0.03249319, 0.00972547, 0.00641697,
       0.01503459, 0.01418685, 0.03084549, 0.00940251, 0.02300111])

 481.378758567			array([-0.8729297 , -3.56003795,  0.21688339,  9.80836279, -4.68032586,
        0.9300596 ,  2.46936753,  3.96362007, 17.27178973,  4.75717864])
						array([0.0217109 , 0.01852334, 0.03249319, 0.00972547, 0.00641697,
       0.01503459, 0.01418685, 0.03084549, 0.00940251, 0.02300111])

 480.850726261			array([-0.87946536, -3.54617898,  0.17442844,  9.80073794, -4.67521225,
        0.97597727,  2.44762045,  3.9608201 , 17.25860247,  4.74883753])
						array([0.03015403, 0.02572687, 0.04512944, 0.0135076 , 0.00891246,
       0.02088138, 0.01970396, 0.04284096, 0.01305904, 0.03194598])

 476.27699208			array([-0.87606654, -3.54955783,  0.23169082,  9.8052119 , -4.67384806,
        0.98606873,  2.46124114,  3.91661015, 17.26470933,  4.79592384])
						array([0.0418806 , 0.03573176, 0.06267977, 0.01876055, 0.01237842,
       0.02900191, 0.02736661, 0.05950134, 0.01813755, 0.04436942])

 479.472044838			array([-0.88183284, -3.61835177,  0.24944587,  9.79953551, -4.6773905 ,
        0.97372885,  2.4620678 ,  3.97290256, 17.27915017,  4.81115049])
						array([0.0581675 , 0.04962744, 0.08705524, 0.02605632, 0.01719225,
       0.04028043, 0.03800917, 0.08264075, 0.02519104, 0.06162419])

 482.656537561			array([-0.80966312, -3.68355185,  0.43541391,  9.81257937, -4.69168686,
        0.90656249,  2.41225196,  3.97306915, 17.23032722,  4.76666087])
						array([0.0807882 , 0.068927  , 0.12091006, 0.03618933, 0.02387812,
       0.05594504, 0.05279052, 0.11477881, 0.03498756, 0.08558916])

 482.727008454			array([-0.7857253 , -3.6762345 ,  0.46993484,  9.8206539 , -4.70568686,
        0.92252073,  2.40881206,  4.0634677 , 17.22844006,  4.87669311])
						array([0.0418806 , 0.03573176, 0.06267977, 0.01876055, 0.01237842,
       0.02900191, 0.02736661, 0.05950134, 0.01813755, 0.04436942])

 484.41268034			array([-0.72526875, -3.70887044,  0.5436513 ,  9.8050419 , -4.70009047,
        0.93259817,  2.43947286,  3.94245662, 17.22150406,  4.92485381])
						array([0.0581675 , 0.04962744, 0.08705524, 0.02605632, 0.01719225,
       0.04028043, 0.03800917, 0.08264075, 0.02519104, 0.06162419])

 474.792113544			array([-0.81691531, -3.64281957,  0.39387994,  9.79266682, -4.69427542,
        0.92942196,  2.43559322,  3.82311858, 17.17450304,  4.85258096])
						array([0.0807882 , 0.068927  , 0.12091006, 0.03618933, 0.02387812,
       0.05594504, 0.05279052, 0.11477881, 0.03498756, 0.08558916])

 469.903655375			array([-0.64135376, -3.53359094,  0.43631953,  9.73185061, -4.65551011,
        0.9172502 ,  2.47044187,  3.90135102, 17.15148592,  4.87214628])
						array([0.11220583, 0.09573195, 0.16793064, 0.05026296, 0.03316406,
       0.07770145, 0.07332017, 0.15941502, 0.04859383, 0.11887383])

 472.25224908			array([-0.85756359, -3.56770875,  0.37102257,  9.74793525, -4.67051521,
        0.86695154,  2.48524439,  3.93957039, 17.1322559 ,  4.99945516])
						array([0.0581675 , 0.04962744, 0.08705524, 0.02605632, 0.01719225,
       0.04028043, 0.03800917, 0.08264075, 0.02519104, 0.06162419])

 472.631082949			array([-0.88080377, -3.54741932,  0.34327621,  9.75478243, -4.66263798,
        0.86836778,  2.49906208,  3.96601127, 17.11960384,  4.97645986])
						array([0.0217109 , 0.01852334, 0.03249319, 0.00972547, 0.00641697,
       0.01503459, 0.01418685, 0.03084549, 0.00940251, 0.02300111])

 473.684346873			array([-0.87770713, -3.52701604,  0.30437161,  9.74049672, -4.66865058,
        0.86950645,  2.5024508 ,  4.0012637 , 17.11819589,  4.99577741])
						array([0.03015403, 0.02572687, 0.04512944, 0.0135076 , 0.00891246,
       0.02088138, 0.01970396, 0.04284096, 0.01305904, 0.03194598])

 472.963514886			array([-0.86997403, -3.53059704,  0.26248058,  9.74842159, -4.66110937,
        0.86611924,  2.50695944,  3.96818271, 17.12376684,  4.97346496])
						array([0.0581675 , 0.04962744, 0.08705524, 0.02605632, 0.01719225,
       0.04028043, 0.03800917, 0.08264075, 0.02519104, 0.06162419])

 469.11528055			array([-0.73498635, -3.46234608,  0.38627809,  9.75189919, -4.60229561,
        0.86482498,  2.42688125,  4.03900927, 17.16991323,  5.06158296])
						array([0.0807882 , 0.068927  , 0.12091006, 0.03618933, 0.02387812,
       0.05594504, 0.05279052, 0.11477881, 0.03498756, 0.08558916])

 468.461803122			array([-0.74490751, -3.49907621,  0.31904943,  9.76354454, -4.64019881,
        0.90323187,  2.42135541,  3.94973549, 17.17848941,  5.115413  ])
						array([0.0807882 , 0.068927  , 0.12091006, 0.03618933, 0.02387812,
       0.05594504, 0.05279052, 0.11477881, 0.03498756, 0.08558916])

 471.778183061			array([-0.73553657, -3.63347285,  0.38476942,  9.71847964, -4.64123902,
        0.95455364,  2.43604742,  4.01956132, 17.2144858 ,  5.04949934])
						array([0.11220583, 0.09573195, 0.16793064, 0.05026296, 0.03316406,
       0.07770145, 0.07332017, 0.15941502, 0.04859383, 0.11887383])

 473.769081472			array([-0.73834497, -3.67376113,  0.45338588,  9.73630965, -4.65751851,
        0.93270067,  2.44109735,  3.98583661, 17.19113497,  4.95094766])
						array([0.03015403, 0.02572687, 0.04512944, 0.0135076 , 0.00891246,
       0.02088138, 0.01970396, 0.04284096, 0.01305904, 0.03194598])

 471.169040401			array([-0.65406858, -3.63958808,  0.38404511,  9.72803148, -4.65251721,
        0.90341823,  2.44389337,  3.93965642, 17.19236386,  4.91154367])
						array([0.03015403, 0.02572687, 0.04512944, 0.0135076 , 0.00891246,
       0.02088138, 0.01970396, 0.04284096, 0.01305904, 0.03194598])

 469.910384347			array([-0.66008218, -3.63639324,  0.34574997,  9.70347995, -4.65290788,
        0.89381491,  2.42493335,  3.95036906, 17.18498639,  4.94965197])
						array([0.0418806 , 0.03573176, 0.06267977, 0.01876055, 0.01237842,
       0.02900191, 0.02736661, 0.05950134, 0.01813755, 0.04436942])

 473.9403116			array([-0.68163343, -3.58034987,  0.52501945,  9.66139758, -4.67208631,
        0.92863094,  2.4012487 ,  3.99947812, 17.18415201,  4.96898599])
						array([0.0807882 , 0.068927  , 0.12091006, 0.03618933, 0.02387812,
       0.05594504, 0.05279052, 0.11477881, 0.03498756, 0.08558916])

 470.75222432			array([-0.83691344, -3.57400034,  0.39053504,  9.68410641, -4.64651275,
        1.00701369,  2.46953051,  4.0693107 , 17.14059965,  4.92684535])
						array([0.15584144, 0.13296104, 0.233237  , 0.06980967, 0.04606119,
       0.10791868, 0.10183356, 0.22140975, 0.06749143, 0.16510254])

 471.914017296			array([-0.74205156, -3.5173538 ,  0.1230899 ,  9.66879215, -4.64050059,
        1.00729425,  2.44865295,  4.02570802, 17.12835693,  4.90573518])
						array([0.0418806 , 0.03573176, 0.06267977, 0.01876055, 0.01237842,
       0.02900191, 0.02736661, 0.05950134, 0.01813755, 0.04436942])

 473.339791862			array([-0.74429794, -3.51967407,  0.11065545,  9.65457545, -4.63880181,
        1.00383231,  2.44217085,  4.03730536, 17.13172747,  4.89265082])
						array([0.01563185, 0.01333681, 0.0233951 , 0.00700234, 0.00462022,
       0.01082491, 0.01021453, 0.02220875, 0.0067698 , 0.0165608 ])

 471.62990714			array([-0.75513391, -3.51738647,  0.11411836,  9.66323942, -4.63505345,
        1.01097919,  2.43671382,  4.02072439, 17.13843274,  4.90805533])
						array([0.0217109 , 0.01852334, 0.03249319, 0.00972547, 0.00641697,
       0.01503459, 0.01418685, 0.03084549, 0.00940251, 0.02300111])

 470.727760448			array([-0.76998465, -3.52008093,  0.11279965,  9.67265956, -4.63604123,
        1.00433938,  2.42691979,  3.99973387, 17.12056929,  4.89675617])
						array([0.03015403, 0.02572687, 0.04512944, 0.0135076 , 0.00891246,
       0.02088138, 0.01970396, 0.04284096, 0.01305904, 0.03194598])

 467.573635643			array([-0.78748505, -3.52946349,  0.26014377,  9.61087052, -4.55506382,
        1.07079641,  2.36549075,  4.00104576, 17.24424554,  5.04730179])
						array([0.11220583, 0.09573195, 0.16793064, 0.05026296, 0.03316406,
       0.07770145, 0.07332017, 0.15941502, 0.04859383, 0.11887383])

 474.076077343			array([-0.90409436, -3.4687575 ,  0.3761875 ,  9.57028041, -4.48833635,
        1.05046692,  2.38778181,  3.83444129, 17.28176366,  5.04294739])
						array([0.0807882 , 0.068927  , 0.12091006, 0.03618933, 0.02387812,
       0.05594504, 0.05279052, 0.11477881, 0.03498756, 0.08558916])

 472.957470997			array([-0.89978442, -3.4395891 ,  0.33940194,  9.56680135, -4.49473834,
        1.06809522,  2.35548735,  3.87956934, 17.27553954,  5.05839123])
						array([0.03015403, 0.02572687, 0.04512944, 0.0135076 , 0.00891246,
       0.02088138, 0.01970396, 0.04284096, 0.01305904, 0.03194598])

 473.557580141			array([-0.89725436, -3.43347208,  0.33918906,  9.55574062, -4.49277409,
        1.06567605,  2.35242286,  3.91146703, 17.27322473,  5.07144205])
						array([0.0217109 , 0.01852334, 0.03249319, 0.00972547, 0.00641697,
       0.01503459, 0.01418685, 0.03084549, 0.00940251, 0.02300111])

 473.666425405			array([-0.90893011, -3.40431149,  0.35788222,  9.55441615, -4.48822929,
        1.06028179,  2.33033886,  3.92401084, 17.27600872,  5.04181636])
						array([0.03015403, 0.02572687, 0.04512944, 0.0135076 , 0.00891246,
       0.02088138, 0.01970396, 0.04284096, 0.01305904, 0.03194598])

 473.3402274			array([-0.89930037, -3.42363022,  0.38613117,  9.56327646, -4.50367732,
        1.06736329,  2.35131747,  3.92073543, 17.27082856,  5.06107476])
						array([0.0418806 , 0.03573176, 0.06267977, 0.01876055, 0.01237842,
       0.02900191, 0.02736661, 0.05950134, 0.01813755, 0.04436942])

 468.420719106			array([-0.85969443, -3.52502099,  0.41111528,  9.58059408, -4.47550745,
        1.01862213,  2.32938746,  3.84649964, 17.25246084,  4.97780336])
						array([0.0807882 , 0.068927  , 0.12091006, 0.03618933, 0.02387812,
       0.05594504, 0.05279052, 0.11477881, 0.03498756, 0.08558916])

 469.738632392			array([-0.73074049, -3.39198546,  0.28162672,  9.57169671, -4.51215215,
        0.93154842,  2.27683939,  3.79736569, 17.27300887,  4.93814896])
						array([0.0581675 , 0.04962744, 0.08705524, 0.02605632, 0.01719225,
       0.04028043, 0.03800917, 0.08264075, 0.02519104, 0.06162419])

 468.064824399			array([-0.73687269, -3.42294585,  0.3207864 ,  9.57618146, -4.50267663,
        0.93064391,  2.27207917,  3.82518735, 17.28426617,  4.94001896])
						array([0.03015403, 0.02572687, 0.04512944, 0.0135076 , 0.00891246,
       0.02088138, 0.01970396, 0.04284096, 0.01305904, 0.03194598])

 467.634055046			array([-0.78037697, -3.41207384,  0.32660829,  9.57896526, -4.52293109,
        0.91702206,  2.27773001,  3.83176039, 17.27722977,  4.92749632])
						array([0.0418806 , 0.03573176, 0.06267977, 0.01876055, 0.01237842,
       0.02900191, 0.02736661, 0.05950134, 0.01813755, 0.04436942])

 467.473021056			array([-0.83374242, -3.39272228,  0.3468366 ,  9.58340093, -4.53533549,
        0.95471292,  2.29448435,  3.8182333 , 17.25942454,  4.92791327])
						array([0.0581675 , 0.04962744, 0.08705524, 0.02605632, 0.01719225,
       0.04028043, 0.03800917, 0.08264075, 0.02519104, 0.06162419])

 470.630753759			array([-0.80794355, -3.49297492,  0.3441573 ,  9.57544878, -4.5642299 ,
        0.91943813,  2.32200617,  3.73485901, 17.26458716,  4.94551849])
						array([0.0807882 , 0.068927  , 0.12091006, 0.03618933, 0.02387812,
       0.05594504, 0.05279052, 0.11477881, 0.03498756, 0.08558916])

 470.515215312			array([-0.75124259, -3.44676419,  0.25084155,  9.62013573, -4.51071053,
        0.98847736,  2.12436684,  4.01338328, 17.23155714,  4.92921697])
						array([0.11220583, 0.09573195, 0.16793064, 0.05026296, 0.03316406,
       0.07770145, 0.07332017, 0.15941502, 0.04859383, 0.11887383])

 472.491524728			array([-0.73450081, -3.40767843,  0.17778234,  9.59625254, -4.52560826,
        0.97449886,  2.20756649,  4.07061172, 17.19336981,  4.92656812])
						array([0.0581675 , 0.04962744, 0.08705524, 0.02605632, 0.01719225,
       0.04028043, 0.03800917, 0.08264075, 0.02519104, 0.06162419])

 474.479604126			array([-0.78036062, -3.46071899,  0.18601012,  9.60506221, -4.54410825,
        1.0040144 ,  2.25257809,  4.15398138, 17.19725953,  4.95552616])
						array([0.0807882 , 0.068927  , 0.12091006, 0.03618933, 0.02387812,
       0.05594504, 0.05279052, 0.11477881, 0.03498756, 0.08558916])

 469.836475381			array([-0.69372203, -3.42169806,  0.24632653,  9.67102597, -4.52660689,
        1.03584559,  2.1880161 ,  4.02408107, 17.09390508,  5.06493715])
						array([0.0581675 , 0.04962744, 0.08705524, 0.02605632, 0.01719225,
       0.04028043, 0.03800917, 0.08264075, 0.02519104, 0.06162419])

 469.868783014			array([-0.67619035, -3.38234079,  0.246333  ,  9.69631396, -4.51763238,
        1.0923586 ,  2.20843353,  4.00704501, 17.07464236,  5.03109571])
						array([0.0581675 , 0.04962744, 0.08705524, 0.02605632, 0.01719225,
       0.04028043, 0.03800917, 0.08264075, 0.02519104, 0.06162419])

 472.071984379			array([-0.64657105, -3.33299415,  0.22790374,  9.72167197, -4.50905996,
        1.04973534,  2.23166223,  3.99856865, 17.04166729,  5.04261811])
						array([0.0807882 , 0.068927  , 0.12091006, 0.03618933, 0.02387812,
       0.05594504, 0.05279052, 0.11477881, 0.03498756, 0.08558916])

 474.735922961			array([-0.69204438, -3.23574441,  0.27183275,  9.76881329, -4.53317996,
        0.99170474,  2.27269836,  4.07115089, 17.03242395,  5.01715236])
						array([0.0807882 , 0.068927  , 0.12091006, 0.03618933, 0.02387812,
       0.05594504, 0.05279052, 0.11477881, 0.03498756, 0.08558916])

 471.097323745			array([-0.55883917, -3.33093597,  0.31885968,  9.81405826, -4.49466932,
        0.97469077,  2.31355512,  3.94295145, 17.05459826,  4.85858545])
						array([0.11220583, 0.09573195, 0.16793064, 0.05026296, 0.03316406,
       0.07770145, 0.07332017, 0.15941502, 0.04859383, 0.11887383])

 474.90775453			array([-0.6916673 , -3.32839863,  0.45859625,  9.8123868 , -4.48321133,
        1.02029345,  2.35438385,  3.74295117, 17.02289968,  4.86107657])
						array([0.15584144, 0.13296104, 0.233237  , 0.06980967, 0.04606119,
       0.10791868, 0.10183356, 0.22140975, 0.06749143, 0.16510254])

 470.403557298			array([-0.72434532, -3.36971214,  0.47914148,  9.79155981, -4.43138714,
        0.99118707,  2.3191073 ,  3.8058812 , 17.02561134,  4.94930317])
						array([0.11220583, 0.09573195, 0.16793064, 0.05026296, 0.03316406,
       0.07770145, 0.07332017, 0.15941502, 0.04859383, 0.11887383])

 472.912377764			array([-0.73554347, -3.55581043,  0.51933701,  9.84973277, -4.48654713,
        1.03992166,  2.25754531,  3.93045625, 17.08580607,  5.05947935])
						array([0.15584144, 0.13296104, 0.233237  , 0.06980967, 0.04606119,
       0.10791868, 0.10183356, 0.22140975, 0.06749143, 0.16510254])

 474.599423607			array([-0.71078056, -3.49430093,  0.4369124 ,  9.85981048, -4.48400048,
        0.99371651,  2.19310667,  4.09116474, 17.0939886 ,  5.02652439])
						array([0.0418806 , 0.03573176, 0.06267977, 0.01876055, 0.01237842,
       0.02900191, 0.02736661, 0.05950134, 0.01813755, 0.04436942])

 473.066871198			array([-0.71924079, -3.40395575,  0.34813671,  9.87132843, -4.48492898,
        0.93065873,  2.17941346,  4.01165445, 17.11753125,  5.06971916])
						array([0.0418806 , 0.03573176, 0.06267977, 0.01876055, 0.01237842,
       0.02900191, 0.02736661, 0.05950134, 0.01813755, 0.04436942])

 472.030022208			array([-0.73017013, -3.42735287,  0.38077392,  9.87729555, -4.45799831,
        0.95406601,  2.17727577,  4.02403694, 17.09998748,  5.01672803])
						array([0.0581675 , 0.04962744, 0.08705524, 0.02605632, 0.01719225,
       0.04028043, 0.03800917, 0.08264075, 0.02519104, 0.06162419])

 474.084986011			array([-0.72603982, -3.44911756,  0.39398441,  9.87942913, -4.47203064,
        0.92858731,  2.20332455,  4.06868646, 17.06438351,  5.0257868 ])
						array([0.0807882 , 0.068927  , 0.12091006, 0.03618933, 0.02387812,
       0.05594504, 0.05279052, 0.11477881, 0.03498756, 0.08558916])

 466.719439247			array([-0.78134426, -3.38656554,  0.45422216,  9.84324764, -4.51866588,
        0.91463584,  2.326492  ,  3.88523036, 17.06273838,  4.89518506])
						array([0.11220583, 0.09573195, 0.16793064, 0.05026296, 0.03316406,
       0.07770145, 0.07332017, 0.15941502, 0.04859383, 0.11887383])

 473.984711549			array([-0.71032382, -3.45739287,  0.15669489,  9.89193366, -4.55356419,
        0.91948605,  2.27860715,  3.77268474, 17.10617105,  4.89520176])
						array([0.11220583, 0.09573195, 0.16793064, 0.05026296, 0.03316406,
       0.07770145, 0.07332017, 0.15941502, 0.04859383, 0.11887383])

 474.314676441			array([-0.74596795, -3.52001797,  0.18855361,  9.88021524, -4.58086923,
        0.88971055,  2.29338411,  3.72783244, 17.15187942,  4.93781471])
						array([0.15584144, 0.13296104, 0.233237  , 0.06980967, 0.04606119,
       0.10791868, 0.10183356, 0.22140975, 0.06749143, 0.16510254])

 472.331624483			array([-0.82473552, -3.46347954,  0.26324408,  9.93272094, -4.58379601,
        0.99638301,  2.38912537,  3.78268333, 17.14999708,  5.01977006])
						array([0.0807882 , 0.068927  , 0.12091006, 0.03618933, 0.02387812,
       0.05594504, 0.05279052, 0.11477881, 0.03498756, 0.08558916])

 474.065065356			array([-0.80046446, -3.42764128,  0.33462885,  9.92396716, -4.58390143,
        1.00366125,  2.40679956,  3.7146217 , 17.15766329,  4.99603661])
						array([0.03015403, 0.02572687, 0.04512944, 0.0135076 , 0.00891246,
       0.02088138, 0.01970396, 0.04284096, 0.01305904, 0.03194598])

 471.461621063			array([-0.8165417 , -3.4045051 ,  0.3754743 ,  9.91548852, -4.58536506,
        0.99741314,  2.38848737,  3.75580443, 17.14907898,  4.96526786])
						array([0.0418806 , 0.03573176, 0.06267977, 0.01876055, 0.01237842,
       0.02900191, 0.02736661, 0.05950134, 0.01813755, 0.04436942])

 473.174866374			array([-0.82190388, -3.46842497,  0.34801963,  9.91890305, -4.59586282,
        1.04371023,  2.43234117,  3.74034402, 17.16280796,  4.92825399])
						array([0.0581675 , 0.04962744, 0.08705524, 0.02605632, 0.01719225,
       0.04028043, 0.03800917, 0.08264075, 0.02519104, 0.06162419])

 471.145858102			array([-0.79979599, -3.42975326,  0.34672802,  9.91809204, -4.59222395,
        1.04598799,  2.41585081,  3.76762471, 17.17507454,  4.92727556])
						array([0.0418806 , 0.03573176, 0.06267977, 0.01876055, 0.01237842,
       0.02900191, 0.02736661, 0.05950134, 0.01813755, 0.04436942])

 474.30032596			array([-0.77197756, -3.43406151,  0.3641048 ,  9.9126786 , -4.59634944,
        1.03889368,  2.43207856,  3.70759417, 17.17702529,  4.93010204])
						array([0.0217109 , 0.01852334, 0.03249319, 0.00972547, 0.00641697,
       0.01503459, 0.01418685, 0.03084549, 0.00940251, 0.02300111])

 472.768576958			array([-0.78862108, -3.43085697,  0.37839298,  9.89776504, -4.60630025,
        1.02331747,  2.42206193,  3.72764999, 17.18985653,  4.97082622])
						array([0.03015403, 0.02572687, 0.04512944, 0.0135076 , 0.00891246,
       0.02088138, 0.01970396, 0.04284096, 0.01305904, 0.03194598])

 470.308561896			array([-0.84708298, -3.44193153,  0.31530914,  9.8986083 , -4.6061893 ,
        1.02079468,  2.38894408,  3.77877573, 17.17622122,  4.99341072])
						array([0.0581675 , 0.04962744, 0.08705524, 0.02605632, 0.01719225,
       0.04028043, 0.03800917, 0.08264075, 0.02519104, 0.06162419])

 473.679295875			array([-0.86695893, -3.39970203,  0.2460123 ,  9.86912245, -4.61947804,
        1.08524811,  2.37125502,  3.76789669, 17.21070142,  4.96815875])
						array([0.0807882 , 0.068927  , 0.12091006, 0.03618933, 0.02387812,
       0.05594504, 0.05279052, 0.11477881, 0.03498756, 0.08558916])

 472.761799438			array([-0.85053722, -3.44359758,  0.25540664,  9.85978068, -4.61226882,
        1.05650453,  2.43812122,  3.77681109, 17.17769579,  4.83476314])
						array([0.0581675 , 0.04962744, 0.08705524, 0.02605632, 0.01719225,
       0.04028043, 0.03800917, 0.08264075, 0.02519104, 0.06162419])

 472.420693853			array([-0.93703197, -3.44223876,  0.23837247,  9.86867817, -4.60329705,
        1.01657458,  2.40799463,  3.83618739, 17.19659592,  4.90848604])
						array([0.0581675 , 0.04962744, 0.08705524, 0.02605632, 0.01719225,
       0.04028043, 0.03800917, 0.08264075, 0.02519104, 0.06162419])

 467.434242696			array([-0.89629098, -3.50195306,  0.23642117,  9.82746878, -4.60030967,
        0.97442065,  2.41664943,  3.90481968, 17.19881795,  4.8844946 ])
						array([0.0807882 , 0.068927  , 0.12091006, 0.03618933, 0.02387812,
       0.05594504, 0.05279052, 0.11477881, 0.03498756, 0.08558916])

 467.160265636			array([-0.87782839, -3.54719175,  0.26799009,  9.82523276, -4.59224471,
        0.94757022,  2.42431359,  3.88202288, 17.18421538,  4.86759169])
						array([0.0418806 , 0.03573176, 0.06267977, 0.01876055, 0.01237842,
       0.02900191, 0.02736661, 0.05950134, 0.01813755, 0.04436942])

 467.697886876			array([-0.86469966, -3.53072673,  0.24133451,  9.81798564, -4.61463188,
        0.91835257,  2.40357381,  3.93978296, 17.19267639,  4.85045852])
						array([0.0418806 , 0.03573176, 0.06267977, 0.01876055, 0.01237842,
       0.02900191, 0.02736661, 0.05950134, 0.01813755, 0.04436942])

 468.269836248			array([-0.90309467, -3.53761464,  0.36390347,  9.83432374, -4.60808926,
        0.93261231,  2.38105756,  3.90236674, 17.2227094 ,  4.86292327])
						array([0.0581675 , 0.04962744, 0.08705524, 0.02605632, 0.01719225,
       0.04028043, 0.03800917, 0.08264075, 0.02519104, 0.06162419])

 472.016804256			array([-0.95379953, -3.46704041,  0.27400374,  9.82775307, -4.63085228,
        0.95613088,  2.36752492,  3.9972183 , 17.23195339,  4.86638261])
						array([0.0807882 , 0.068927  , 0.12091006, 0.03618933, 0.02387812,
       0.05594504, 0.05279052, 0.11477881, 0.03498756, 0.08558916])

 470.325636044			array([-0.70750759, -3.40256404,  0.45251575,  9.7980768 , -4.670523  ,
        1.0289801 ,  2.44808989,  3.82904091, 17.19763713,  4.97342556])
						array([0.21644644, 0.18466811, 0.32394027, 0.09695787, 0.06397388,
       0.14988705, 0.14143551, 0.30751354, 0.09373809, 0.22930909])

 468.051810401			array([-0.789455  , -3.39351943,  0.41806086,  9.74091689, -4.70134067,
        0.97136546,  2.4448569 ,  3.85063928, 17.1668776 ,  4.91673438])
						array([0.0581675 , 0.04962744, 0.08705524, 0.02605632, 0.01719225,
       0.04028043, 0.03800917, 0.08264075, 0.02519104, 0.06162419])

 469.111499375			array([-0.84886535, -3.36732785,  0.37733422,  9.75063807, -4.69294586,
        0.97837954,  2.44281822,  3.84930267, 17.17418954,  4.97087559])
						array([0.0581675 , 0.04962744, 0.08705524, 0.02605632, 0.01719225,
       0.04028043, 0.03800917, 0.08264075, 0.02519104, 0.06162419])

 468.898840326			array([-0.83011492, -3.39402073,  0.3925151 ,  9.73595837, -4.69233018,
        0.98826601,  2.46003248,  3.82397478, 17.15864199,  4.935279  ])
						array([0.0807882 , 0.068927  , 0.12091006, 0.03618933, 0.02387812,
       0.05594504, 0.05279052, 0.11477881, 0.03498756, 0.08558916])

 470.277016091			array([-0.76567452, -3.37096813,  0.40019434,  9.74272874, -4.68403064,
        1.00575464,  2.43201583,  3.76190891, 17.12124735,  4.89009626])
						array([0.03015403, 0.02572687, 0.04512944, 0.0135076 , 0.00891246,
       0.02088138, 0.01970396, 0.04284096, 0.01305904, 0.03194598])

 474.798025085			array([-0.77466361, -3.3685895 ,  0.4383292 ,  9.73742189, -4.68732744,
        1.05145412,  2.42880151,  3.71294772, 17.1143236 ,  4.90343125])
						array([0.03015403, 0.02572687, 0.04512944, 0.0135076 , 0.00891246,
       0.02088138, 0.01970396, 0.04284096, 0.01305904, 0.03194598])

 473.919443897			array([-0.78237548, -3.35669185,  0.4481263 ,  9.737342  , -4.70196234,
        1.06693027,  2.44840541,  3.78487782, 17.11366687,  4.90799542])
						array([0.0418806 , 0.03573176, 0.06267977, 0.01876055, 0.01237842,
       0.02900191, 0.02736661, 0.05950134, 0.01813755, 0.04436942])

 474.890908126			array([-0.68742191, -3.34030961,  0.41568393,  9.75051229, -4.69953389,
        1.11999084,  2.45906501,  3.81859734, 17.14607908,  4.94166583])
						array([0.0807882 , 0.068927  , 0.12091006, 0.03618933, 0.02387812,
       0.05594504, 0.05279052, 0.11477881, 0.03498756, 0.08558916])

