------------------------------------ 
PARAMETERS used: 
 - POPULATION SIZE (parents): '100'
 - NUMBER OF KIDS: '200'
 - SIZE TOURNAMENT: '3'
 - DNA SIZE: '4'
------------------------------------ 


------------------------------------ 
Fitness_value		Individual
------------------------------------ 
 128.126083917			array([16.92214179,  4.39833309,  3.88883784,  7.46473844])
						array([0.06419463, 0.98978163, 1.65133645, 0.49380886])

 34.9056555598			array([10.70681752,  4.90370068,  2.50271395,  1.56188617])
						array([0.35010865, 0.1150375 , 1.49499533, 0.74802667])

 16.7355724942			array([8.92322587, 6.10609899, 2.68966818, 3.6963932 ])
						array([0.60923784, 1.06593382, 1.17273578, 0.23167466])

 8.59315108382			array([10.15153753,  5.85009077,  4.74572289,  0.6814047 ])
						array([0.0410278 , 0.10036386, 0.5648218 , 0.11150604])

 6.84472455994			array([11.09327636,  7.10892537,  3.70050834,  2.71085397])
						array([1.97774102, 1.88182126, 1.13570096, 0.00638069])

 4.0908774393			array([10.21114557,  5.93491006,  2.61386013,  1.72022797])
						array([0.0095819 , 0.08874866, 2.01024848, 0.03382089])

 2.69894940821			array([10.16266383,  6.95691086,  2.67110534,  1.72811341])
						array([0.07611121, 0.01290778, 0.42633098, 0.04410445])

 0.943835697159			array([10.10730454,  5.95587343,  3.62505972,  1.72325242])
						array([0.03588359, 0.04415853, 0.10507507, 0.08014333])

 0.39303307636			array([10.13318714,  5.9929702 ,  3.70731193,  1.75076387])
						array([0.10688398, 0.02731043, 0.08517312, 0.05034551])

 0.117370806234			array([10.11488335,  6.00380647,  3.65728809,  1.77845588])
						array([0.02041548, 0.09564367, 0.03402256, 0.07201865])

 0.0311599868248			array([10.13185393,  5.981801  ,  3.668956  ,  1.75857088])
						array([0.11705487, 0.02915401, 0.13146246, 0.0125464 ])

 0.0223464654109			array([10.1311757 ,  5.98484415,  3.66848901,  1.75896253])
						array([0.00821897, 0.38962003, 0.04922767, 0.02175412])

 0.00874568668508			array([10.12307392,  5.9898976 ,  3.66856891,  1.77137227])
						array([0.06080873, 0.00773132, 0.02011357, 0.019066  ])

 0.00639482376349			array([10.11954064,  5.99152626,  3.66652067,  1.76405986])
						array([0.00050765, 0.0052789 , 0.01550014, 0.01461435])

 0.00249485770385			array([10.12277707,  5.98692933,  3.66588356,  1.76211903])
						array([0.00307112, 0.0009275 , 0.01525775, 0.00595481])

 0.00239158822308			array([10.12116752,  5.98720539,  3.66463499,  1.76700946])
						array([0.00688341, 0.02967501, 0.01025535, 0.00505567])

 0.00129488189028			array([10.12467531,  5.98670102,  3.66786573,  1.76707363])
						array([0.00737175, 0.00078833, 0.04060171, 0.00327673])

 0.000519157936054			array([10.12388304,  5.98877891,  3.6677028 ,  1.76573995])
						array([0.00574348, 0.00037173, 0.00278841, 0.00357151])

 0.000360890155505			array([10.12321961,  5.98894352,  3.66652497,  1.76571506])
						array([0.00045762, 0.00027003, 0.00300605, 0.00190466])

 8.29309394561e-05			array([10.12347399,  5.98750262,  3.66612598,  1.76511089])
						array([0.00042622, 0.00026536, 0.00110577, 0.00097754])

 7.20371427008e-05			array([10.12305028,  5.98796575,  3.66697859,  1.76548646])
						array([0.00138452, 0.00061983, 0.00149967, 0.00132687])

 4.15335637669e-05			array([10.12363659,  5.98776959,  3.66658639,  1.76503546])
						array([0.00152975, 0.00069172, 0.00039606, 0.00032564])

 2.81120804857e-06			array([10.12351789,  5.98764945,  3.66662466,  1.76533879])
						array([5.73326088e-04, 5.25503324e-04, 1.77315190e-03, 9.03964646e-05])

 2.18153646614e-06			array([10.12355284,  5.98769365,  3.6666656 ,  1.76544617])
						array([1.24796422e-04, 1.83032217e-04, 6.93354036e-05, 6.20323738e-05])

 8.31836857174e-07			array([10.12346864,  5.98769305,  3.66666395,  1.76548233])
						array([2.67449707e-04, 7.61364500e-04, 1.82024230e-04, 1.68487696e-05])

 5.1331755202e-07			array([10.12344348,  5.98768309,  3.66662995,  1.76541585])
						array([7.56245768e-05, 1.32831252e-04, 7.17966126e-05, 2.24839172e-05])

 1.76220808612e-07			array([10.12348225,  5.98764327,  3.66667468,  1.76543912])
						array([1.23838110e-04, 2.32479053e-05, 1.69717714e-04, 5.59877661e-05])

 4.34329763266e-08			array([10.12345686,  5.98765368,  3.6666807 ,  1.76543376])
						array([5.70697514e-05, 1.47243502e-05, 3.30944578e-05, 4.10398918e-05])

 2.27299921107e-08			array([10.1234663 ,  5.98764986,  3.66666647,  1.76542951])
						array([9.02837339e-05, 3.12450551e-06, 6.11867906e-06, 4.69312425e-06])

 2.0585304128e-08			array([10.1234668 ,  5.98765526,  3.66666593,  1.76543352])
						array([2.89327057e-05, 1.98029488e-06, 6.29807261e-05, 9.54924080e-06])

 3.71574770952e-09			array([10.12345593,  5.98765398,  3.66666938,  1.76543466])
						array([2.19935580e-06, 3.00730401e-06, 6.02182642e-06, 2.15085864e-06])

 3.5087168726e-09			array([10.12345604,  5.98765344,  3.6666687 ,  1.76543519])
						array([7.12646465e-06, 2.24522767e-06, 1.64747915e-06, 2.42525879e-06])

 2.18155804532e-09			array([10.12345924,  5.98765506,  3.66666661,  1.76543397])
						array([6.79166011e-06, 8.78713542e-07, 8.29739490e-06, 4.69864401e-06])

 1.07328190779e-09			array([10.12345749,  5.98765506,  3.66666784,  1.76543275])
						array([4.78797374e-06, 6.48571583e-07, 1.80749664e-06, 2.67906502e-06])

 5.50919310172e-10			array([10.12345798,  5.98765305,  3.66666603,  1.76543278])
						array([5.43440623e-07, 2.05363800e-06, 1.00136516e-06, 1.00090462e-06])

 2.56882515259e-10			array([10.12345759,  5.98765372,  3.66666674,  1.76543228])
						array([8.46174701e-06, 2.67504474e-06, 6.91765943e-07, 2.83138954e-06])

 3.55768747795e-11			array([10.12345677,  5.98765359,  3.66666603,  1.76543221])
						array([1.95595513e-07, 8.46391246e-07, 3.32121672e-07, 1.59831895e-07])

 1.90425453184e-11			array([10.12345657,  5.98765394,  3.66666609,  1.76543191])
						array([3.98086671e-06, 7.28580102e-07, 1.06914368e-06, 1.52541200e-07])

 4.19220214098e-12			array([10.12345671,  5.98765404,  3.66666611,  1.76543207])
						array([1.09288877e-07, 6.61362808e-08, 4.02597910e-08, 9.81980816e-07])

 3.2684965845e-13			array([10.12345677,  5.98765404,  3.66666601,  1.76543209])
						array([3.42725835e-08, 1.56818903e-07, 2.16838670e-07, 6.10861060e-08])

 1.70530256582e-13			array([10.1234568 ,  5.98765398,  3.66666602,  1.7654321 ])
						array([9.37912543e-08, 1.07904922e-08, 2.60099555e-08, 8.39512581e-08])

 1.4921397451e-13			array([10.12345679,  5.98765398,  3.66666601,  1.76543209])
						array([9.81487197e-09, 5.22241128e-08, 5.10120301e-08, 2.82492258e-07])

 7.1054273576e-14			array([10.12345679,  5.987654  ,  3.66666599,  1.76543211])
						array([1.03492927e-08, 1.50307117e-08, 2.50637246e-08, 3.51221338e-08])

 2.84217094304e-14			array([10.12345679,  5.98765399,  3.666666  ,  1.76543209])
						array([1.85960965e-08, 6.18509850e-09, 2.05019016e-08, 8.22337087e-08])

 7.1054273576e-15			array([10.12345679,  5.987654  ,  3.666666  ,  1.7654321 ])
						array([2.88833883e-08, 1.20638944e-07, 1.93854500e-09, 1.29419651e-08])

 0.0			array([10.12345679,  5.987654  ,  3.666666  ,  1.7654321 ])
						array([3.13586576e-09, 7.35944558e-09, 4.99869784e-09, 8.46895874e-09])

------------------------------------ 


------------------------------------ 
TOTAL GENERATIONS: 68
------------------------------------ 
