------------------------------------ 
PARAMETERS used: 
 - DNA SIZE: '10'
------------------------------------ 


------------------------------------ 
Fitness_value		Individual
------------------------------------ 
 82886.4495593			array([-132.27661858,  140.8405179 , -121.73258256,   35.19369457,
         -9.77534413, -114.40554268,   53.82827063,   34.15852337,
        -62.57937184,   94.29771656])
						array([4.98525164, 2.90854667, 5.28713597, 4.56355721, 4.17840289,
       5.29413814, 5.79158927, 5.87416154, 4.1238669 , 5.07745874])

 79799.5987468			array([-125.7529208 ,  142.71529762, -121.67290355,   41.13212358,
        -10.7633691 , -103.21609533,   46.93237208,   28.69020114,
        -69.66224638,   95.67717367])
						array([3.98820131, 2.32683733, 4.22970878, 3.65084577, 3.34272231,
       4.23531051, 4.63327141, 4.69932924, 3.29909352, 4.061967  ])

 78977.6758602			array([-123.04753081,  142.63172728, -126.7387008 ,   43.0487589 ,
         -7.10697779,  -99.373771  ,   41.9280734 ,   28.81253397,
        -70.060932  ,   93.87137625])
						array([3.19056105, 1.86146987, 3.38376702, 2.92067661, 2.67417785,
       3.38824841, 3.70661713, 3.75946339, 2.63927482, 3.2495736 ])

 78643.6390908			array([-125.98292199,  143.68744808, -127.07966176,   45.77038548,
         -7.85869453,  -96.58214512,   37.29978826,   37.96159272,
        -66.43029845,   88.85438289])
						array([3.98820131, 2.32683733, 4.22970878, 3.65084577, 3.34272231,
       4.23531051, 4.63327141, 4.69932924, 3.29909352, 4.061967  ])

 77916.5386389			array([-128.63521089,  139.4143762 , -128.13195101,   43.05861268,
         -4.27452365,  -96.23773139,   38.74759589,   45.54616177,
        -68.74409245,   81.23502843])
						array([7.78945568, 4.54460416, 8.26114995, 7.13055814, 6.52875452,
       8.27209084, 9.04935823, 9.17837741, 6.44354204, 7.93352929])

 69011.3330297			array([-124.96504527,  136.44472134, -106.68044717,   34.13400822,
         -6.27646978, -101.37836857,   50.72168531,   20.7556821 ,
        -65.97225946,   70.72895098])
						array([ 9.7368196 ,  5.68075521, 10.32643744,  8.91319767,  8.16094315,
       10.34011356, 11.31169779, 11.47297177,  8.05442755,  9.91691161])

 65506.4675295			array([-124.68916296,  140.1517582 ,  -94.4135217 ,   33.62289527,
         -5.71550528, -104.73091558,   36.17399224,   11.97788341,
        -71.04369601,   56.13194906])
						array([6.23156455, 3.63568333, 6.60891996, 5.70444651, 5.22300361,
       6.61767268, 7.23948659, 7.34270193, 5.15483363, 6.34682343])

 63060.2477199			array([-124.57516062,  137.6721056 ,  -91.82761441,   31.10064813,
         -6.17335747, -104.73812285,   40.29231726,    9.96043681,
        -64.05197951,   51.59436372])
						array([3.19056105, 1.86146987, 3.38376702, 2.92067661, 2.67417785,
       3.38824841, 3.70661713, 3.75946339, 2.63927482, 3.2495736 ])

 61721.7197926			array([-121.28103111,  136.98629345,  -95.63762947,   29.09031298,
         -6.18342217, -103.06352073,   39.14917791,   10.39681477,
        -61.12165386,   49.8384142 ])
						array([3.98820131, 2.32683733, 4.22970878, 3.65084577, 3.34272231,
       4.23531051, 4.63327141, 4.69932924, 3.29909352, 4.061967  ])

 60760.871765			array([-118.65718412,  134.64657145, -100.00679092,   32.26888092,
         -2.93415175, -100.81935732,   44.86116444,    6.23205807,
        -59.19400605,   44.69770809])
						array([4.98525164, 2.90854667, 5.28713597, 4.56355721, 4.17840289,
       5.29413814, 5.79158927, 5.87416154, 4.1238669 , 5.07745874])

 57237.5273682			array([-120.44837802,  125.06904307,  -92.86061876,   38.36618119,
         -6.00316801,  -96.26872494,   50.77197491,    1.21556006,
        -57.08360954,   44.92146623])
						array([7.78945568, 4.54460416, 8.26114995, 7.13055814, 6.52875452,
       8.27209084, 9.04935823, 9.17837741, 6.44354204, 7.93352929])

 50469.965253			array([-109.39635451,  115.26045563,  -70.34630939,   41.73030969,
         -8.53637494, -103.29788122,   37.38105931,  -12.8615065 ,
        -63.23087343,   50.11301216])
						array([15.21378063,  8.87618001, 16.1350585 , 13.92687136, 12.75147367,
       16.15642743, 17.6745278 , 17.92651838, 12.58504304, 15.49517439])

 45715.1878265			array([-103.18722055,  112.34226463,  -69.5667599 ,   14.2838538 ,
        -20.08534712,  -99.92037748,   23.56249526,   -3.46827391,
        -73.70112967,   32.85395508])
						array([19.01722579, 11.09522501, 20.16882313, 17.40858921, 15.93934208,
       20.19553429, 22.09315975, 22.40814798, 15.7313038 , 19.36896799])

 43175.6185295			array([-90.08315656, 116.21293948, -79.23348778, -19.44887544,
       -44.75316877, -60.87730314,  38.92855654, -32.33214697,
       -46.82120562,  68.39307306])
						array([37.14301912, 21.67036135, 39.39223268, 34.00115079, 31.13152751,
       39.44440291, 43.15070263, 43.76591402, 30.72520274, 37.8300156 ])

 35961.5992916			array([-53.61615992,  97.39795252, -27.74152437,  34.85992532,
       -87.04189153,   7.118425  ,  45.60238905, -82.0523978 ,
        -0.31805027,  76.41196991])
						array([37.14301912, 21.67036135, 39.39223268, 34.00115079, 31.13152751,
       39.44440291, 43.15070263, 43.76591402, 30.72520274, 37.8300156 ])

 33063.7709416			array([-64.999931  ,  89.47258149, -27.63037438,  41.16075377,
       -94.32793909,  25.18230106,  41.81588219, -61.33634785,
        -5.09593633,  61.24692647])
						array([ 9.7368196 ,  5.68075521, 10.32643744,  8.91319767,  8.16094315,
       10.34011356, 11.31169779, 11.47297177,  8.05442755,  9.91691161])

 29674.2754986			array([-54.10314142,  77.28612331, -16.76396565,  57.54858311,
       -91.1829603 ,  26.63201619,  56.77721534, -53.10984969,
        -2.74121605,  50.82324635])
						array([ 9.7368196 ,  5.68075521, 10.32643744,  8.91319767,  8.16094315,
       10.34011356, 11.31169779, 11.47297177,  8.05442755,  9.91691161])

 25473.2817176			array([-60.70353645,  74.98455278, -30.20205514,  43.35548719,
       -88.92231517,  16.21363613,  37.72845892, -26.56788781,
        -1.1499647 ,  58.73642306])
						array([12.1710245 ,  7.10094401, 12.9080468 , 11.14149709, 10.20117893,
       12.92514194, 14.13962224, 14.34121471, 10.06803443, 12.39613951])

 23550.8226634			array([-41.8514524 ,  84.51984534, -14.53619264,  35.04666206,
       -83.25103597,  35.88565305,  30.43908071, -18.70444752,
         1.15027229,  66.83173371])
						array([15.21378063,  8.87618001, 16.1350585 , 13.92687136, 12.75147367,
       16.15642743, 17.6745278 , 17.92651838, 12.58504304, 15.49517439])

 22357.6328654			array([-22.22470701,  72.43602924, -22.51418694,  42.47556908,
       -75.44707966,  35.99491132,  41.2380963 ,  -4.45598546,
         3.79865957,  80.52522309])
						array([19.01722579, 11.09522501, 20.16882313, 17.40858921, 15.93934208,
       20.19553429, 22.09315975, 22.40814798, 15.7313038 , 19.36896799])

 22150.3053578			array([  2.15690528,  78.40524351, -46.81861641,  33.27742014,
       -72.44653169,  22.30988728,  32.39456438,  10.28445045,
         7.87820353,  82.3589166 ])
						array([7.78945568, 4.54460416, 8.26114995, 7.13055814, 6.52875452,
       8.27209084, 9.04935823, 9.17837741, 6.44354204, 7.93352929])

 18749.9796888			array([ 15.22675621,  74.95356327, -45.29559984,  26.54811191,
       -60.958809  ,  15.73393617,  38.201686  ,  11.01617462,
         9.17720026,  74.51709566])
						array([6.23156455, 3.63568333, 6.60891996, 5.70444651, 5.22300361,
       6.61767268, 7.23948659, 7.34270193, 5.15483363, 6.34682343])

 18586.7359489			array([ 17.82879947,  74.48991779, -42.61555226,  31.38629471,
       -52.86784572,  22.49447468,  46.39932389,   7.76748377,
         8.75674141,  73.38360004])
						array([3.98820131, 2.32683733, 4.22970878, 3.65084577, 3.34272231,
       4.23531051, 4.63327141, 4.69932924, 3.29909352, 4.061967  ])

 18006.6956795			array([ 19.56664071,  76.5212697 , -45.15486524,  33.6005628 ,
       -49.74668262,  18.87465874,  49.22292084,   2.89547752,
         5.24041033,  66.20020007])
						array([4.98525164, 2.90854667, 5.28713597, 4.56355721, 4.17840289,
       5.29413814, 5.79158927, 5.87416154, 4.1238669 , 5.07745874])

 17252.7099879			array([ 24.66028945,  76.86540368, -47.03709855,  37.46246754,
       -49.35132524,  17.72308273,  45.69157389,   0.54246522,
         4.81907592,  56.58349079])
						array([6.23156455, 3.63568333, 6.60891996, 5.70444651, 5.22300361,
       6.61767268, 7.23948659, 7.34270193, 5.15483363, 6.34682343])

 11548.1772424			array([ 42.36343747,  65.19276807, -48.8546576 ,  23.47992255,
       -42.73980632,  11.74350536,  28.0283472 ,  -2.48138786,
        -4.35977796,  21.29298908])
						array([15.21378063,  8.87618001, 16.1350585 , 13.92687136, 12.75147367,
       16.15642743, 17.6745278 , 17.92651838, 12.58504304, 15.49517439])

 8007.17283442			array([ 46.4217996 ,  59.80542268, -35.44826708,  25.17162951,
       -20.78184119,  -9.18383917,   6.60616698,  -4.07170967,
         0.26782668,  23.80197699])
						array([19.01722579, 11.09522501, 20.16882313, 17.40858921, 15.93934208,
       20.19553429, 22.09315975, 22.40814798, 15.7313038 , 19.36896799])

 6670.07337262			array([ 39.59555192,  55.45334056, -13.1272984 ,  25.85491782,
        -4.31098561,  -4.8003295 ,   4.62409144,   2.87042692,
         6.88646579,  44.45581232])
						array([23.77153223, 13.86903126, 25.21102891, 21.76073651, 19.9241776 ,
       25.24441786, 27.61644968, 28.01018497, 19.66412975, 24.21120999])

 6211.59317554			array([ 38.66246285,  55.79780458, -13.49502653,  28.6519076 ,
        -2.39419756,  -2.39078895,   2.39446395,  12.32714929,
         2.11781796,  36.11081968])
						array([4.98525164, 2.90854667, 5.28713597, 4.56355721, 4.17840289,
       5.29413814, 5.79158927, 5.87416154, 4.1238669 , 5.07745874])

 6175.82521759			array([ 42.41756243,  54.84428434, -17.86986506,  24.32328614,
        -4.49307009,  -4.00783266,   6.61640734,  16.37187331,
         6.53409905,  29.5548514 ])
						array([2.04195907, 1.19134071, 2.16561089, 1.86923303, 1.71147382,
       2.16847898, 2.37223496, 2.40605657, 1.68913588, 2.0797271 ])

 6145.73242962			array([ 39.52175634,  56.37648075, -20.26878099,  24.70355898,
        -4.09372877,  -4.60053791,   6.70280778,  15.1611113 ,
         5.44356762,  28.71631785])
						array([2.04195907, 1.19134071, 2.16561089, 1.86923303, 1.71147382,
       2.16847898, 2.37223496, 2.40605657, 1.68913588, 2.0797271 ])

 5741.10001249			array([ 36.56667374,  56.64549544, -18.99516524,  24.25950703,
        -4.65581218,  -5.33075238,   5.17859737,  11.11620324,
         6.04119903,  28.02634021])
						array([2.55244884, 1.48917589, 2.70701362, 2.33654129, 2.13934228,
       2.71059873, 2.96529371, 3.00757071, 2.11141985, 2.59965888])

 5023.46525908			array([ 35.57143833,  53.38464584, -17.44114064,  18.53462153,
        -7.77233156,  -6.94758431,  10.05983756,   7.07684775,
         3.48194641,  26.73929171])
						array([3.19056105, 1.86146987, 3.38376702, 2.92067661, 2.67417785,
       3.38824841, 3.70661713, 3.75946339, 2.63927482, 3.2495736 ])

 4765.71670716			array([43.58212417, 50.96712456, -9.41960914, 15.58086814, -9.35388043,
       -7.06786655,  5.65535737, 11.47909624,  1.27505689, 17.89027902])
						array([4.98525164, 2.90854667, 5.28713597, 4.56355721, 4.17840289,
       5.29413814, 5.79158927, 5.87416154, 4.1238669 , 5.07745874])

 3062.08166745			array([ 14.26739147,  27.18597548,  -3.54793514,  35.0395749 ,
       -17.16741318, -13.32049687,  18.83335014,  13.25750637,
         9.82311383,  -3.29572471])
						array([29.71441529, 17.33628908, 31.51378614, 27.20092063, 24.90522201,
       31.55552233, 34.5205621 , 35.01273122, 24.58016219, 30.26401248])

 1678.7760553			array([ -3.63989015,  17.42898358,   1.17942945,   7.74591169,
        -0.06475809,  -7.6391343 , -30.00231304,  -3.30724122,
        14.79626453,  -5.85719728])
						array([23.77153223, 13.86903126, 25.21102891, 21.76073651, 19.9241776 ,
       25.24441786, 27.61644968, 28.01018497, 19.66412975, 24.21120999])

 1445.40178284			array([ -7.02083426,  18.43361889,   2.28996982,  21.31580989,
         1.92773393, -11.30203476, -15.60208511, -11.36717896,
         4.53030839,  13.11991952])
						array([12.1710245 ,  7.10094401, 12.9080468 , 11.14149709, 10.20117893,
       12.92514194, 14.13962224, 14.34121471, 10.06803443, 12.39613951])

 1370.58521574			array([ -7.39063633,  19.2053857 ,   2.45479708,  22.83576818,
         7.21388747,  -9.33587692,  -6.46874838, -10.61520685,
         4.44935897,  15.78786436])
						array([3.98820131, 2.32683733, 4.22970878, 3.65084577, 3.34272231,
       4.23531051, 4.63327141, 4.69932924, 3.29909352, 4.061967  ])

 1270.26573967			array([-7.4478553 , 18.68221278,  0.4860745 , 22.85155014,  6.29159534,
       -9.47004944, -6.23519205, -9.1517892 ,  4.11954834, 14.7716054 ])
						array([0.66910915, 0.39037853, 0.70962738, 0.61251028, 0.56081574,
       0.71056719, 0.77733395, 0.78841662, 0.55349605, 0.68148498])

 1258.62403449			array([-7.30425181, 18.73107318,  0.2168721 , 22.59117036,  6.51576922,
       -9.83188242, -6.00969183, -9.15817454,  4.05091876, 14.99608555])
						array([0.27406711, 0.15989904, 0.29066337, 0.25088421, 0.22971013,
       0.29104832, 0.31839599, 0.32293545, 0.22671198, 0.27913625])

 1255.14416051			array([-6.88263464, 18.98205552,  0.4718563 , 22.37552701,  6.46631917,
       -9.26796792, -6.18784844, -9.14899205,  4.20635085, 14.61196373])
						array([0.27406711, 0.15989904, 0.29066337, 0.25088421, 0.22971013,
       0.29104832, 0.31839599, 0.32293545, 0.22671198, 0.27913625])

 1221.41963898			array([-6.49456496, 18.96058582,  0.26598559, 22.38106101,  6.34247781,
       -9.08528369, -5.71211378, -8.86133937,  3.97767361, 14.67293231])
						array([0.34258388, 0.1998738 , 0.36332922, 0.31360526, 0.28713766,
       0.3638104 , 0.39799498, 0.40366931, 0.28338998, 0.34892031])

 1218.57541418			array([ -6.38625603,  18.4915801 ,   0.34412737,  22.63129445,
         6.47832781,  -8.52071505,  -5.24687296, -10.19222788,
         3.75746791,  14.06147733])
						array([0.83638644, 0.48797316, 0.88703422, 0.76563785, 0.70101968,
       0.88820899, 0.97166744, 0.98552077, 0.69187006, 0.85185622])

 1116.62394012			array([-5.40484238, 16.85536689,  0.96439041, 22.37771185,  7.07125533,
       -6.51720444, -5.42483688, -9.22329311,  3.83066485, 11.7583729 ])
						array([1.63356726, 0.95307257, 1.73248871, 1.49538643, 1.36917906,
       1.73478319, 1.89778797, 1.92484525, 1.35130871, 1.66378168])

 979.869216648			array([-3.86359683, 17.74922122,  0.21802008, 20.30186933,  8.02393419,
       -8.11161338, -1.62652536, -6.97307049,  5.4085267 , 13.28050332])
						array([2.04195907, 1.19134071, 2.16561089, 1.86923303, 1.71147382,
       2.16847898, 2.37223496, 2.40605657, 1.68913588, 2.0797271 ])

 867.797979025			array([-2.42128041, 14.48784573,  2.03249344, 19.39233464,  9.77733603,
       -6.99720603, -1.01014279, -7.26334477,  5.39645642, 12.2492537 ])
						array([2.55244884, 1.48917589, 2.70701362, 2.33654129, 2.13934228,
       2.71059873, 2.96529371, 3.00757071, 2.11141985, 2.59965888])

 829.706115238			array([-10.34807427,  11.33590421,   5.47571589,  13.27249983,
         9.50207315,  -8.125425  ,  -0.86686415,  -8.34756341,
         8.71273536,   8.62578499])
						array([4.98525164, 2.90854667, 5.28713597, 4.56355721, 4.17840289,
       5.29413814, 5.79158927, 5.87416154, 4.1238669 , 5.07745874])

 733.86273642			array([ -4.18848926,   4.70209303,  -1.48398456,   6.13849175,
         2.48055694, -12.95349843,  -4.28602785,   6.03053465,
        16.19865957,  14.08262067])
						array([7.78945568, 4.54460416, 8.26114995, 7.13055814, 6.52875452,
       8.27209084, 9.04935823, 9.17837741, 6.44354204, 7.93352929])

 683.884755695			array([  0.65014993,   3.5259592 ,  -0.6359056 ,   8.83953614,
         3.91809383, -12.48844125,   0.41462377,   6.81710193,
        16.67814179,  11.76196149])
						array([2.04195907, 1.19134071, 2.16561089, 1.86923303, 1.71147382,
       2.16847898, 2.37223496, 2.40605657, 1.68913588, 2.0797271 ])

 647.986373508			array([  1.09225951,   4.714522  ,  -0.20366079,   6.92779328,
         4.23413454, -12.10101665,  -1.07242852,   5.87669323,
        17.37611349,  11.90676216])
						array([1.63356726, 0.95307257, 1.73248871, 1.49538643, 1.36917906,
       1.73478319, 1.89778797, 1.92484525, 1.35130871, 1.66378168])

 615.161127609			array([-2.09469333,  5.50902563,  2.93178868,  7.01931741,  3.14727344,
       -9.51069462,  1.00608892,  5.09311048, 16.88156179, 10.19608608])
						array([2.04195907, 1.19134071, 2.16561089, 1.86923303, 1.71147382,
       2.16847898, 2.37223496, 2.40605657, 1.68913588, 2.0797271 ])

 509.679056075			array([-0.71291685,  6.65946197,  3.29503144,  5.53133893,  1.78480309,
       -5.91591299,  2.2902333 ,  3.10676941, 16.70376288, 13.13391221])
						array([2.55244884, 1.48917589, 2.70701362, 2.33654129, 2.13934228,
       2.71059873, 2.96529371, 3.00757071, 2.11141985, 2.59965888])

 487.674596682			array([ 2.62839698,  4.32777505,  7.16100694,  8.61191195, -0.45315916,
       -7.2622697 ,  7.87223667,  6.46823727,  9.69500223, 11.67364276])
						array([4.98525164, 2.90854667, 5.28713597, 4.56355721, 4.17840289,
       5.29413814, 5.79158927, 5.87416154, 4.1238669 , 5.07745874])

 399.695388346			array([ 3.99224727,  5.34650046,  4.24269238,  8.80146001, -1.27613455,
       -8.49211407,  8.07871119,  2.73296205,  5.77841027, 12.73158682])
						array([2.04195907, 1.19134071, 2.16561089, 1.86923303, 1.71147382,
       2.16847898, 2.37223496, 2.40605657, 1.68913588, 2.0797271 ])

 395.816576684			array([ 4.09794717,  5.64037891,  3.6482736 ,  9.52386132, -1.58851111,
       -8.32355796,  8.81011879,  3.44140632,  4.83500819, 10.91522788])
						array([0.83638644, 0.48797316, 0.88703422, 0.76563785, 0.70101968,
       0.88820899, 0.97166744, 0.98552077, 0.69187006, 0.85185622])

 386.78702704			array([ 2.82442527,  6.14788253,  4.31574336,  8.32914204, -1.69880747,
       -7.84437496, 10.08867217,  4.6058526 ,  4.21077012, 10.76918727])
						array([0.83638644, 0.48797316, 0.88703422, 0.76563785, 0.70101968,
       0.88820899, 0.97166744, 0.98552077, 0.69187006, 0.85185622])

 370.816842799			array([ 4.03324875,  6.50791845,  3.45401403,  7.39691029, -1.61391376,
       -7.97184693, 10.3786123 ,  7.38361065,  3.43493991, 10.79091109])
						array([1.04548304, 0.60996645, 1.10879278, 0.95704731, 0.8762746 ,
       1.11026124, 1.2145843 , 1.23190096, 0.86483757, 1.06482028])

 341.941571498			array([ 5.42958248,  7.00225845,  5.61233079,  5.94880041, -1.85596526,
       -6.25431088,  7.24195852,  8.16246183,  1.82923375,  9.29775606])
						array([2.04195907, 1.19134071, 2.16561089, 1.86923303, 1.71147382,
       2.16847898, 2.37223496, 2.40605657, 1.68913588, 2.0797271 ])

 276.845198843			array([ 6.36111105,  6.75711192,  5.8790146 ,  6.7033383 , -4.55406821,
       -1.45344803,  1.68570653,  6.20710039,  0.38677702, 12.06291914])
						array([3.19056105, 1.86146987, 3.38376702, 2.92067661, 2.67417785,
       3.38824841, 3.70661713, 3.75946339, 2.63927482, 3.2495736 ])

 273.247452655			array([ 6.66566152,  6.61560988,  9.17309967,  7.26030423, -6.51751785,
       -0.79379797,  0.90277313,  3.90713258, -0.85781581,  8.9450423 ])
						array([1.63356726, 0.95307257, 1.73248871, 1.49538643, 1.36917906,
       1.73478319, 1.89778797, 1.92484525, 1.35130871, 1.66378168])

 258.073695667			array([ 6.15365164,  4.3524769 ,  9.89635814,  7.4821169 , -5.4283425 ,
        0.22083795,  1.11124355,  1.75271912, -2.28470546,  8.03895103])
						array([1.63356726, 0.95307257, 1.73248871, 1.49538643, 1.36917906,
       1.73478319, 1.89778797, 1.92484525, 1.35130871, 1.66378168])

 251.877892735			array([ 7.64760792,  5.22672174,  8.44172885,  8.64855653, -5.60077463,
        1.61046535,  2.46085742,  3.02185617, -1.32110438,  3.77420431])
						array([2.04195907, 1.19134071, 2.16561089, 1.86923303, 1.71147382,
       2.16847898, 2.37223496, 2.40605657, 1.68913588, 2.0797271 ])

 192.931906217			array([ 5.32876982,  6.83794666,  5.07936763,  5.7567121 , -5.94559185,
        2.64276877,  0.51768023,  3.90276815, -0.3786984 ,  5.82473146])
						array([3.98820131, 2.32683733, 4.22970878, 3.65084577, 3.34272231,
       4.23531051, 4.63327141, 4.69932924, 3.29909352, 4.061967  ])

 178.478197023			array([ 4.837084  ,  6.86611901,  5.50990784,  5.88514644, -5.69585655,
        3.62740024,  0.44184339,  2.89021418,  0.15062196,  6.07909885])
						array([0.42822985, 0.24984226, 0.45416152, 0.39200658, 0.35892208,
       0.454763  , 0.49749373, 0.50458663, 0.35423747, 0.43615039])

 175.686436563			array([ 5.08120073,  6.73454939,  5.31654633,  5.91682935, -6.19503348,
        4.01682808,  0.35041689,  2.92782876, -0.12802159,  6.15864703])
						array([0.21925369, 0.12791924, 0.2325307 , 0.20070737, 0.1837681 ,
       0.23283866, 0.25471679, 0.25834836, 0.18136958, 0.223309  ])

 175.898876658			array([ 5.21548163,  6.77276594,  5.34130618,  5.82500308, -6.14463648,
        4.12888409,  0.39468525,  2.76898933, -0.21451707,  5.86312034])
						array([0.17540295, 0.10233539, 0.18602456, 0.16056589, 0.14701448,
       0.18627093, 0.20377343, 0.20667869, 0.14509567, 0.1786472 ])

 161.46336162			array([ 5.23202296,  6.71089522,  5.32767986,  5.78056312, -6.21534574,
        4.09867554,  0.35359978,  2.90643167, -0.21083516,  5.93208111])
						array([0.04598083, 0.02682661, 0.04876522, 0.04209139, 0.03853896,
       0.04882981, 0.05341798, 0.05417958, 0.03803596, 0.04683129])

 160.171794381			array([ 5.17259494,  6.70557073,  5.34520842,  5.78084663, -6.22250413,
        4.06348415,  0.31734144,  2.90527113, -0.21399025,  5.94219939])
						array([0.01883375, 0.01098818, 0.01997423, 0.01724063, 0.01578556,
       0.02000069, 0.02188001, 0.02219195, 0.01557953, 0.0191821 ])

 158.904708633			array([ 5.15905491,  6.69015141,  5.30846169,  5.79163505, -6.22455634,
        4.06195127,  0.30611779,  2.89447671, -0.19601649,  5.94073647])
						array([0.0120536 , 0.00703243, 0.01278351, 0.011034  , 0.01010276,
       0.01280044, 0.0140032 , 0.01420285, 0.0099709 , 0.01227654])

 157.922286112			array([ 5.15867711,  6.67705795,  5.31103505,  5.77267514, -6.20638723,
        4.0458995 ,  0.30926012,  2.90501638, -0.19976452,  5.93542013])
						array([0.015067  , 0.00879054, 0.01597939, 0.01379251, 0.01262845,
       0.01600055, 0.017504  , 0.01775356, 0.01246362, 0.01534568])

 156.120059567			array([ 5.17692815,  6.6629831 ,  5.30657021,  5.78639644, -6.19035045,
        4.04329934,  0.32926599,  2.916782  , -0.16537637,  5.954845  ])
						array([0.02354219, 0.01373522, 0.02496779, 0.02155079, 0.01973195,
       0.02500086, 0.02735001, 0.02773994, 0.01947441, 0.02397762])

 156.161925545			array([ 5.22832981,  6.68366323,  5.268428  ,  5.80576983, -6.20062969,
        4.02943903,  0.41007807,  2.91885871, -0.11980054,  5.89130177])
						array([0.04598083, 0.02682661, 0.04876522, 0.04209139, 0.03853896,
       0.04882981, 0.05341798, 0.05417958, 0.03803596, 0.04683129])

 155.656411025			array([ 5.19874867,  6.66745654,  5.29788766,  5.81245877, -6.18541031,
        4.03736244,  0.42549981,  2.93011531, -0.11105642,  5.89246638])
						array([0.015067  , 0.00879054, 0.01597939, 0.01379251, 0.01262845,
       0.01600055, 0.017504  , 0.01775356, 0.01246362, 0.01534568])

 155.737452468			array([ 5.22931572,  6.6678276 ,  5.29137714,  5.8244612 , -6.18478256,
        4.04759467,  0.41287189,  2.92871929, -0.10162815,  5.87581267])
						array([0.0120536 , 0.00703243, 0.01278351, 0.011034  , 0.01010276,
       0.01280044, 0.0140032 , 0.01420285, 0.0099709 , 0.01227654])

 156.126229347			array([ 5.23477139,  6.65575774,  5.29519211,  5.83500018, -6.19808456,
        4.03990252,  0.43450587,  2.92302433, -0.10890166,  5.8615606 ])
						array([0.015067  , 0.00879054, 0.01597939, 0.01379251, 0.01262845,
       0.01600055, 0.017504  , 0.01775356, 0.01246362, 0.01534568])

 155.461834849			array([ 5.249763  ,  6.6446647 ,  5.28752949,  5.80933788, -6.21366297,
        4.02840919,  0.44383956,  2.91068833, -0.11504001,  5.83909901])
						array([0.01883375, 0.01098818, 0.01997423, 0.01724063, 0.01578556,
       0.02000069, 0.02188001, 0.02219195, 0.01557953, 0.0191821 ])

 155.010418311			array([ 5.2561173 ,  6.64736809,  5.29416768,  5.8034775 , -6.23143538,
        4.03140697,  0.43180612,  2.9275475 , -0.12535052,  5.83804804])
						array([0.02354219, 0.01373522, 0.02496779, 0.02155079, 0.01973195,
       0.02500086, 0.02735001, 0.02773994, 0.01947441, 0.02397762])

 150.655808513			array([ 5.25107231,  6.65079998,  5.25490249,  5.79484832, -6.25254897,
        3.99570664,  0.41815937,  2.90323401, -0.09504311,  5.9050893 ])
						array([0.02942773, 0.01716903, 0.03120974, 0.02693849, 0.02466494,
       0.03125108, 0.03418751, 0.03467493, 0.02434301, 0.02997203])

 151.458266443			array([ 5.26044019,  6.63412189,  5.29012931,  5.75718481, -6.22663767,
        4.022193  ,  0.42919136,  2.90596664, -0.11091052,  5.94263315])
						array([0.03678466, 0.02146129, 0.03901218, 0.03367311, 0.03083117,
       0.03906384, 0.04273439, 0.04334366, 0.03042877, 0.03746503])

 150.629270357			array([ 5.2887648 ,  6.59037759,  5.26077015,  5.93066336, -6.29720432,
        3.99311841,  0.39420058,  2.84754674, -0.02136959,  5.80582809])
						array([0.08980631, 0.05239572, 0.09524457, 0.08220974, 0.07527141,
       0.09537071, 0.104332  , 0.10581949, 0.07428898, 0.09146737])

 151.119558441			array([ 5.29003925,  6.57986051,  5.207432  ,  5.9154035 , -6.30149825,
        4.02872914,  0.40680711,  2.81993612, -0.01043046,  5.81279997])
						array([0.01883375, 0.01098818, 0.01997423, 0.01724063, 0.01578556,
       0.02000069, 0.02188001, 0.02219195, 0.01557953, 0.0191821 ])

 148.013782139			array([ 5.28669071e+00,  6.57139611e+00,  5.21637011e+00,  5.89271215e+00,
       -6.33109989e+00,  4.02229068e+00,  4.21171586e-01,  2.85400198e+00,
       -2.30727497e-04,  5.77304441e+00])
						array([0.015067  , 0.00879054, 0.01597939, 0.01379251, 0.01262845,
       0.01600055, 0.017504  , 0.01775356, 0.01246362, 0.01534568])

 146.529915308			array([ 5.28403524e+00,  6.55800470e+00,  5.21746696e+00,  5.89653204e+00,
       -6.30598988e+00,  3.98908245e+00,  4.16114696e-01,  2.86995738e+00,
        4.17539287e-03,  5.79822427e+00])
						array([0.015067  , 0.00879054, 0.01597939, 0.01379251, 0.01262845,
       0.01600055, 0.017504  , 0.01775356, 0.01246362, 0.01534568])

 145.819549729			array([ 5.28107276,  6.55427839,  5.21577852,  5.90223811, -6.32227856,
        3.99576232,  0.42175713,  2.84567576,  0.01168928,  5.80776461])
						array([0.01883375, 0.01098818, 0.01997423, 0.01724063, 0.01578556,
       0.02000069, 0.02188001, 0.02219195, 0.01557953, 0.0191821 ])

 143.85802716			array([ 5.2654773 ,  6.55790627,  5.20026917,  5.9051126 , -6.32249416,
        3.97013207,  0.38009496,  2.86541812,  0.0151976 ,  5.8253824 ])
						array([0.02354219, 0.01373522, 0.02496779, 0.02155079, 0.01973195,
       0.02500086, 0.02735001, 0.02773994, 0.01947441, 0.02397762])

 142.070027499			array([ 5.27318532,  6.53433664,  5.17325953,  5.89051671, -6.30515984,
        3.92736166,  0.40797778,  2.93243257,  0.0792426 ,  5.8031792 ])
						array([0.05747604, 0.03353326, 0.06095653, 0.05261423, 0.04817371,
       0.06103726, 0.06677248, 0.06772447, 0.04754495, 0.05853911])

 141.663223561			array([ 5.30573591,  6.48292434,  5.28522408,  5.91496572, -6.31139029,
        3.81877043,  0.35059556,  2.94901566,  0.067843  ,  5.88556258])
						array([0.04598083, 0.02682661, 0.04876522, 0.04209139, 0.03853896,
       0.04882981, 0.05341798, 0.05417958, 0.03803596, 0.04683129])

 140.878276827			array([ 5.28033909,  6.46725566,  5.32620973,  5.93151719, -6.29749683,
        3.81377028,  0.34953947,  2.9821924 ,  0.11070269,  5.92235165])
						array([0.02942773, 0.01716903, 0.03120974, 0.02693849, 0.02466494,
       0.03125108, 0.03418751, 0.03467493, 0.02434301, 0.02997203])

 140.510120026			array([ 5.25872286,  6.45436624,  5.32285375,  5.93115267, -6.31112889,
        3.79864742,  0.35435566,  2.99819577,  0.12127604,  5.93916669])
						array([0.015067  , 0.00879054, 0.01597939, 0.01379251, 0.01262845,
       0.01600055, 0.017504  , 0.01775356, 0.01246362, 0.01534568])

 139.814450838			array([ 5.23895038,  6.46387866,  5.30585994,  5.92558732, -6.30544446,
        3.79862121,  0.35946557,  2.99911308,  0.12794847,  5.92702818])
						array([0.01883375, 0.01098818, 0.01997423, 0.01724063, 0.01578556,
       0.02000069, 0.02188001, 0.02219195, 0.01557953, 0.0191821 ])

 137.462453684			array([ 5.24759873,  6.48784352,  5.32940151,  5.92112291, -6.30174234,
        3.83808174,  0.33029572,  3.00042683,  0.14829522,  5.90139323])
						array([0.03678466, 0.02146129, 0.03901218, 0.03367311, 0.03083117,
       0.03906384, 0.04273439, 0.04334366, 0.03042877, 0.03746503])

 133.184421849			array([ 5.20592934,  6.47584369,  5.20992994,  5.75453188, -6.2890424 ,
        3.95341655,  0.23691139,  2.90255378,  0.10265079,  5.89393632])
						array([0.11225789, 0.06549465, 0.11905572, 0.10276217, 0.09408927,
       0.11921339, 0.130415  , 0.13227436, 0.09286123, 0.11433421])

 132.866098309			array([ 5.21162232,  6.47594008,  5.22074131,  5.73292509, -6.28166942,
        3.94504382,  0.2357973 ,  2.91358074,  0.11008918,  5.89887867])
						array([0.0120536 , 0.00703243, 0.01278351, 0.011034  , 0.01010276,
       0.01280044, 0.0140032 , 0.01420285, 0.0099709 , 0.01227654])

 132.900904229			array([ 5.22037678,  6.47643136,  5.26739962,  5.7276678 , -6.27772506,
        3.93083024,  0.22692445,  2.93684251,  0.1016599 ,  5.91319668])
						array([0.00964288, 0.00562595, 0.01022681, 0.0088272 , 0.00808221,
       0.01024035, 0.01120256, 0.01136228, 0.00797672, 0.00982123])

 132.324949461			array([ 5.23627269,  6.46931311,  5.2604571 ,  5.73169319, -6.27974402,
        3.94365839,  0.22513281,  2.92107695,  0.11254895,  5.91354788])
						array([0.00964288, 0.00562595, 0.01022681, 0.0088272 , 0.00808221,
       0.01024035, 0.01120256, 0.01136228, 0.00797672, 0.00982123])

 132.192088575			array([ 5.21960367,  6.47504035,  5.26266962,  5.7536247 , -6.2908503 ,
        3.92771455,  0.23722406,  2.91821855,  0.09527485,  5.91783451])
						array([0.0120536 , 0.00703243, 0.01278351, 0.011034  , 0.01010276,
       0.01280044, 0.0140032 , 0.01420285, 0.0099709 , 0.01227654])

 130.296470968			array([ 5.24247447,  6.47974461,  5.26690853,  5.77469078, -6.30703226,
        3.94071873,  0.25143027,  2.93172573,  0.11120318,  5.9016436 ])
						array([0.01883375, 0.01098818, 0.01997423, 0.01724063, 0.01578556,
       0.02000069, 0.02188001, 0.02219195, 0.01557953, 0.0191821 ])

 130.247205831			array([ 5.25495043,  6.48044792,  5.23770428,  5.81312221, -6.33376805,
        3.98369663,  0.24711639,  2.86885766,  0.12440187,  5.91718685])
						array([0.02354219, 0.01373522, 0.02496779, 0.02155079, 0.01973195,
       0.02500086, 0.02735001, 0.02773994, 0.01947441, 0.02397762])

 129.757151143			array([ 5.25951278,  6.49335135,  5.23174722,  5.81427588, -6.32831599,
        3.97597554,  0.24323779,  2.91648292,  0.14259379,  5.91109529])
						array([0.015067  , 0.00879054, 0.01597939, 0.01379251, 0.01262845,
       0.01600055, 0.017504  , 0.01775356, 0.01246362, 0.01534568])

 129.832088887			array([ 5.25095348,  6.47753349,  5.22798102,  5.82336065, -6.33748103,
        3.97697239,  0.24180052,  2.91645088,  0.13545327,  5.90227296])
						array([0.00964288, 0.00562595, 0.01022681, 0.0088272 , 0.00808221,
       0.01024035, 0.01120256, 0.01136228, 0.00797672, 0.00982123])

 129.203911746			array([ 5.24562437,  6.48138274,  5.26184641,  5.81734054, -6.33395272,
        3.9871495 ,  0.24410685,  2.89307815,  0.13320044,  5.90170031])
						array([0.0120536 , 0.00703243, 0.01278351, 0.011034  , 0.01010276,
       0.01280044, 0.0140032 , 0.01420285, 0.0099709 , 0.01227654])

 128.676599434			array([ 5.22696755,  6.47792744,  5.29320276,  5.83652401, -6.32688483,
        4.04975385,  0.30491373,  2.90207886,  0.14786408,  5.88228325])
						array([0.02942773, 0.01716903, 0.03120974, 0.02693849, 0.02466494,
       0.03125108, 0.03418751, 0.03467493, 0.02434301, 0.02997203])

 125.769537448			array([ 5.24702617,  6.48094823,  5.28035805,  5.84149272, -6.39763605,
        3.98980221,  0.3080719 ,  2.84599156,  0.20320009,  5.83998794])
						array([0.04598083, 0.02682661, 0.04876522, 0.04209139, 0.03853896,
       0.04882981, 0.05341798, 0.05417958, 0.03803596, 0.04683129])

 123.916527124			array([ 5.246803  ,  6.46332799,  5.29786503,  5.85376128, -6.50543744,
        3.88980427,  0.30071374,  2.93581152,  0.22937572,  5.82693274])
						array([0.07184505, 0.04191657, 0.07619566, 0.06576779, 0.06021713,
       0.07629657, 0.0834656 , 0.08465559, 0.05943119, 0.07317389])

 123.707746061			array([ 5.30163556,  6.46252414,  5.23128424,  5.8352578 , -6.47897133,
        3.97977793,  0.33561103,  2.92821535,  0.21496715,  5.83819044])
						array([0.02354219, 0.01373522, 0.02496779, 0.02155079, 0.01973195,
       0.02500086, 0.02735001, 0.02773994, 0.01947441, 0.02397762])

 123.643026362			array([ 5.31131127,  6.45918131,  5.25100003,  5.82913598, -6.48121315,
        4.00809552,  0.3270674 ,  2.91979092,  0.1908321 ,  5.84470994])
						array([0.0120536 , 0.00703243, 0.01278351, 0.011034  , 0.01010276,
       0.01280044, 0.0140032 , 0.01420285, 0.0099709 , 0.01227654])

 123.614240718			array([ 5.3113419 ,  6.45936601,  5.24821231,  5.82829628, -6.48306123,
        4.00642344,  0.32793384,  2.91931097,  0.19126663,  5.84456602])
						array([0.00315978, 0.00184351, 0.00335112, 0.0028925 , 0.00264838,
       0.00335556, 0.00367086, 0.00372319, 0.00261381, 0.00321822])

 123.32691211			array([ 5.30914949,  6.45737404,  5.24769864,  5.82500874, -6.48511426,
        4.00561305,  0.32159397,  2.92209212,  0.19511945,  5.84650271])
						array([0.00394972, 0.00230439, 0.0041889 , 0.00361562, 0.00331047,
       0.00419445, 0.00458857, 0.00465399, 0.00326726, 0.00402278])

 123.315145772			array([ 5.30445718,  6.45563622,  5.24850948,  5.82838392, -6.482442  ,
        4.01134779,  0.32131407,  2.92021604,  0.19648737,  5.84789826])
						array([0.00493715, 0.00288049, 0.00523613, 0.00451953, 0.00413809,
       0.00524306, 0.00573571, 0.00581749, 0.00408408, 0.00502847])

 122.6354929			array([ 5.29503279,  6.45379268,  5.25006246,  5.82521565, -6.48569677,
        4.00644423,  0.32849357,  2.910835  ,  0.20142592,  5.84942801])
						array([0.0077143 , 0.00450076, 0.00818145, 0.00706176, 0.00646577,
       0.00819228, 0.00896205, 0.00908982, 0.00638137, 0.00785699])

 122.385228533			array([ 5.28723919,  6.45739843,  5.24170938,  5.82689218, -6.48313428,
        4.01146894,  0.32541919,  2.91789684,  0.20745871,  5.85844364])
						array([0.0120536 , 0.00703243, 0.01278351, 0.011034  , 0.01010276,
       0.01280044, 0.0140032 , 0.01420285, 0.0099709 , 0.01227654])

 122.046888138			array([ 5.28129381,  6.4586674 ,  5.24238936,  5.83077923, -6.49939464,
        3.99135253,  0.30971863,  2.94984986,  0.2064477 ,  5.86432875])
						array([0.02354219, 0.01373522, 0.02496779, 0.02155079, 0.01973195,
       0.02500086, 0.02735001, 0.02773994, 0.01947441, 0.02397762])

 121.678486894			array([ 5.2953082 ,  6.46132697,  5.23739545,  5.8238606 , -6.50526039,
        3.99588682,  0.2951393 ,  2.93309071,  0.22343502,  5.89789189])
						array([0.04598083, 0.02682661, 0.04876522, 0.04209139, 0.03853896,
       0.04882981, 0.05341798, 0.05417958, 0.03803596, 0.04683129])

 120.80986554			array([ 5.29202557,  6.4747102 ,  5.23469503,  5.81290504, -6.50315735,
        3.96994258,  0.31663322,  2.91959448,  0.22134388,  5.92217168])
						array([0.00964288, 0.00562595, 0.01022681, 0.0088272 , 0.00808221,
       0.01024035, 0.01120256, 0.01136228, 0.00797672, 0.00982123])

 120.445006245			array([ 5.27964961,  6.47231581,  5.23259471,  5.81028963, -6.50270983,
        3.97385639,  0.32450786,  2.91497235,  0.21937859,  5.91102882])
						array([0.00493715, 0.00288049, 0.00523613, 0.00451953, 0.00413809,
       0.00524306, 0.00573571, 0.00581749, 0.00408408, 0.00502847])

 120.340376084			array([ 5.27932154,  6.47556219,  5.23239678,  5.80785384, -6.50527678,
        3.97513395,  0.32637635,  2.91493902,  0.22203101,  5.90890905])
						array([0.00315978, 0.00184351, 0.00335112, 0.0028925 , 0.00264838,
       0.00335556, 0.00367086, 0.00372319, 0.00261381, 0.00321822])

 120.313104135			array([ 5.28027606,  6.47389605,  5.23200639,  5.80477657, -6.50210947,
        3.97604356,  0.32313096,  2.91821496,  0.2234987 ,  5.91269867])
						array([0.00394972, 0.00230439, 0.0041889 , 0.00361562, 0.00331047,
       0.00419445, 0.00458857, 0.00465399, 0.00326726, 0.00402278])

 120.329889743			array([ 5.28421658,  6.4704388 ,  5.23284056,  5.7958674 , -6.50129946,
        3.98312634,  0.31306395,  2.92109808,  0.22629246,  5.9078502 ])
						array([0.00493715, 0.00288049, 0.00523613, 0.00451953, 0.00413809,
       0.00524306, 0.00573571, 0.00581749, 0.00408408, 0.00502847])

 120.340873323			array([ 5.28410432,  6.46889902,  5.23738503,  5.79661616, -6.50013947,
        3.99169159,  0.3018589 ,  2.92472914,  0.23146048,  5.92030811])
						array([0.00617144, 0.00360061, 0.00654516, 0.00564941, 0.00517261,
       0.00655383, 0.00716964, 0.00727186, 0.0051051 , 0.00628559])

 119.973522534			array([ 5.28543695,  6.47060642,  5.26179192,  5.80232788, -6.5024297 ,
        3.98049982,  0.3020674 ,  2.9331778 ,  0.23146416,  5.91490248])
						array([0.00964288, 0.00562595, 0.01022681, 0.0088272 , 0.00808221,
       0.01024035, 0.01120256, 0.01136228, 0.00797672, 0.00982123])

 119.527983508			array([ 5.27952098,  6.47794581,  5.270831  ,  5.79863605, -6.50176443,
        3.96665311,  0.31056936,  2.92317169,  0.22946044,  5.91231984])
						array([0.0120536 , 0.00703243, 0.01278351, 0.011034  , 0.01010276,
       0.01280044, 0.0140032 , 0.01420285, 0.0099709 , 0.01227654])

 118.940229631			array([ 5.25063082,  6.45841479,  5.26907701,  5.79131908, -6.50796255,
        3.9866514 ,  0.31255896,  2.90407786,  0.2266751 ,  5.89966285])
						array([0.02354219, 0.01373522, 0.02496779, 0.02155079, 0.01973195,
       0.02500086, 0.02735001, 0.02773994, 0.01947441, 0.02397762])

 118.753350328			array([ 5.24442959,  6.47697333,  5.32339464,  5.77828521, -6.53167728,
        3.96806646,  0.28400253,  2.92002697,  0.21809845,  5.90614154])
						array([0.02942773, 0.01716903, 0.03120974, 0.02693849, 0.02466494,
       0.03125108, 0.03418751, 0.03467493, 0.02434301, 0.02997203])

 118.420343143			array([ 5.21914829,  6.47836312,  5.31290824,  5.76705419, -6.53857365,
        3.97307529,  0.30398614,  2.96564388,  0.25486965,  5.89998285])
						array([0.02942773, 0.01716903, 0.03120974, 0.02693849, 0.02466494,
       0.03125108, 0.03418751, 0.03467493, 0.02434301, 0.02997203])

 118.270779916			array([ 5.23210988,  6.47341663,  5.31971993,  5.76807245, -6.53747615,
        3.97565556,  0.30459185,  2.94842837,  0.25535517,  5.90105584])
						array([0.00617144, 0.00360061, 0.00654516, 0.00564941, 0.00517261,
       0.00655383, 0.00716964, 0.00727186, 0.0051051 , 0.00628559])

 118.080722378			array([ 5.23308629,  6.47165367,  5.3141382 ,  5.76680695, -6.53222634,
        3.97028251,  0.31082107,  2.94063523,  0.25781018,  5.90509166])
						array([0.00493715, 0.00288049, 0.00523613, 0.00451953, 0.00413809,
       0.00524306, 0.00573571, 0.00581749, 0.00408408, 0.00502847])

 117.979195956			array([ 5.2297848 ,  6.4647654 ,  5.30519502,  5.76684051, -6.52826473,
        3.96765084,  0.3096978 ,  2.93643783,  0.25546261,  5.91240567])
						array([0.00617144, 0.00360061, 0.00654516, 0.00564941, 0.00517261,
       0.00655383, 0.00716964, 0.00727186, 0.0051051 , 0.00628559])

 117.762265736			array([ 5.23102751,  6.46444343,  5.29977022,  5.76113703, -6.53969934,
        3.96281879,  0.32746559,  2.93133416,  0.25664522,  5.92254799])
						array([0.0077143 , 0.00450076, 0.00818145, 0.00706176, 0.00646577,
       0.00819228, 0.00896205, 0.00908982, 0.00638137, 0.00785699])

 117.81440858			array([ 5.22713507,  6.46707487,  5.29413313,  5.75174607, -6.56181833,
        3.97988959,  0.32124143,  2.93276285,  0.25098856,  5.92609539])
						array([0.01883375, 0.01098818, 0.01997423, 0.01724063, 0.01578556,
       0.02000069, 0.02188001, 0.02219195, 0.01557953, 0.0191821 ])

 117.843622347			array([ 5.21761861,  6.4757367 ,  5.32248837,  5.75430348, -6.54591205,
        3.98073406,  0.33827647,  2.90470644,  0.25124235,  5.89801968])
						array([0.02354219, 0.01373522, 0.02496779, 0.02155079, 0.01973195,
       0.02500086, 0.02735001, 0.02773994, 0.01947441, 0.02397762])

 117.686314732			array([ 5.20843399,  6.47147368,  5.32350036,  5.75521276, -6.54563661,
        3.97828244,  0.33364605,  2.91232462,  0.24616046,  5.90861603])
						array([0.0077143 , 0.00450076, 0.00818145, 0.00706176, 0.00646577,
       0.00819228, 0.00896205, 0.00908982, 0.00638137, 0.00785699])

 117.711994122			array([ 5.21088956,  6.47192528,  5.32150229,  5.75835942, -6.53807797,
        3.97323211,  0.32713489,  2.90819411,  0.24327659,  5.90786533])
						array([0.00493715, 0.00288049, 0.00523613, 0.00451953, 0.00413809,
       0.00524306, 0.00573571, 0.00581749, 0.00408408, 0.00502847])

 117.730021265			array([ 5.20829065,  6.47191985,  5.32059107,  5.76033287, -6.53874933,
        3.97340315,  0.32358433,  2.91187734,  0.23884884,  5.90604277])
						array([0.00252782, 0.00147481, 0.0026809 , 0.002314  , 0.0021187 ,
       0.00268445, 0.00293668, 0.00297855, 0.00209105, 0.00257458])

 117.700636772			array([ 5.20914907,  6.4742622 ,  5.31826815,  5.76120479, -6.53962746,
        3.97101601,  0.32388628,  2.92035802,  0.23978158,  5.90615916])
						array([0.00315978, 0.00184351, 0.00335112, 0.0028925 , 0.00264838,
       0.00335556, 0.00367086, 0.00372319, 0.00261381, 0.00321822])

 117.727829269			array([ 5.20927197,  6.47433958,  5.32049905,  5.7591511 , -6.54059056,
        3.96525338,  0.32957133,  2.91539312,  0.23919024,  5.90371047])
						array([0.00394972, 0.00230439, 0.0041889 , 0.00361562, 0.00331047,
       0.00419445, 0.00458857, 0.00465399, 0.00326726, 0.00402278])

 117.732720248			array([ 5.20815963,  6.47357832,  5.31975001,  5.75934712, -6.5434152 ,
        3.9723743 ,  0.32800599,  2.92105838,  0.24071079,  5.90093356])
						array([0.00493715, 0.00288049, 0.00523613, 0.00451953, 0.00413809,
       0.00524306, 0.00573571, 0.00581749, 0.00408408, 0.00502847])

 117.738974537			array([ 5.21092627,  6.47434473,  5.31627798,  5.75423694, -6.54476737,
        3.9752105 ,  0.32900336,  2.92529608,  0.23906326,  5.8954935 ])
						array([0.00617144, 0.00360061, 0.00654516, 0.00564941, 0.00517261,
       0.00655383, 0.00716964, 0.00727186, 0.0051051 , 0.00628559])

 117.538762123			array([ 5.207538  ,  6.46923921,  5.31009837,  5.74916442, -6.54311259,
        3.98078845,  0.32999404,  2.92072976,  0.23270249,  5.91154293])
						array([0.0077143 , 0.00450076, 0.00818145, 0.00706176, 0.00646577,
       0.00819228, 0.00896205, 0.00908982, 0.00638137, 0.00785699])

 117.541262997			array([ 5.20770422,  6.46995934,  5.31614066,  5.75577988, -6.53879312,
        3.98034476,  0.33625665,  2.92264876,  0.2269935 ,  5.91219578])
						array([0.00315978, 0.00184351, 0.00335112, 0.0028925 , 0.00264838,
       0.00335556, 0.00367086, 0.00372319, 0.00261381, 0.00321822])

 117.546342413			array([ 5.20884865,  6.46913139,  5.31553692,  5.75862501, -6.53761143,
        3.98306898,  0.33299256,  2.92437621,  0.22624735,  5.91504861])
						array([0.00202226, 0.00117985, 0.00214472, 0.0018512 , 0.00169496,
       0.00214756, 0.00234935, 0.00238284, 0.00167284, 0.00205966])

 117.54856596			array([ 5.20700983,  6.46883174,  5.31607243,  5.75698121, -6.53932474,
        3.98312493,  0.33433372,  2.92699512,  0.22415275,  5.91599646])
						array([0.00161781, 0.00094388, 0.00171577, 0.00148096, 0.00135597,
       0.00171805, 0.00187948, 0.00190627, 0.00133827, 0.00164773])

 117.540389262			array([ 5.20733076,  6.46790526,  5.31723195,  5.7562337 , -6.53891632,
        3.98272714,  0.33594984,  2.92721776,  0.22202465,  5.91945119])
						array([0.00202226, 0.00117985, 0.00214472, 0.0018512 , 0.00169496,
       0.00214756, 0.00234935, 0.00238284, 0.00167284, 0.00205966])

 117.525854432			array([ 5.2112723 ,  6.46733405,  5.31618725,  5.75441102, -6.5396109 ,
        3.98168664,  0.33396883,  2.92724852,  0.22183085,  5.92119939])
						array([0.00252782, 0.00147481, 0.0026809 , 0.002314  , 0.0021187 ,
       0.00268445, 0.00293668, 0.00297855, 0.00209105, 0.00257458])

 117.52332662			array([ 5.21551946,  6.46860991,  5.31315972,  5.75796487, -6.5421528 ,
        3.98435127,  0.33352056,  2.92719675,  0.22805156,  5.9191792 ])
						array([0.00493715, 0.00288049, 0.00523613, 0.00451953, 0.00413809,
       0.00524306, 0.00573571, 0.00581749, 0.00408408, 0.00502847])

 117.499192608			array([ 5.21656323,  6.46673936,  5.30586894,  5.75360726, -6.54506976,
        3.98002498,  0.33118299,  2.92617355,  0.23210927,  5.92149618])
						array([0.00252782, 0.00147481, 0.0026809 , 0.002314  , 0.0021187 ,
       0.00268445, 0.00293668, 0.00297855, 0.00209105, 0.00257458])

 117.510802445			array([ 5.21445558,  6.46740714,  5.30620803,  5.75514324, -6.54184974,
        3.98296307,  0.33228053,  2.92083876,  0.22780313,  5.91680901])
						array([0.00252782, 0.00147481, 0.0026809 , 0.002314  , 0.0021187 ,
       0.00268445, 0.00293668, 0.00297855, 0.00209105, 0.00257458])

 117.516785631			array([ 5.2145821 ,  6.46832068,  5.30496357,  5.75531908, -6.54057374,
        3.9843246 ,  0.33155961,  2.9211729 ,  0.23070008,  5.91415376])
						array([0.00315978, 0.00184351, 0.00335112, 0.0028925 , 0.00264838,
       0.00335556, 0.00367086, 0.00372319, 0.00261381, 0.00321822])

 117.509379936			array([ 5.21391954,  6.46875044,  5.29915602,  5.75160577, -6.53861371,
        3.98756378,  0.33334477,  2.91347721,  0.23439412,  5.91677045])
						array([0.00394972, 0.00230439, 0.0041889 , 0.00361562, 0.00331047,
       0.00419445, 0.00458857, 0.00465399, 0.00326726, 0.00402278])

 117.523922591			array([ 5.21818969,  6.46982027,  5.30232297,  5.75208724, -6.53633961,
        3.98931879,  0.33531844,  2.91084615,  0.24264789,  5.91802287])
						array([0.00493715, 0.00288049, 0.00523613, 0.00451953, 0.00413809,
       0.00524306, 0.00573571, 0.00581749, 0.00408408, 0.00502847])

 117.513095101			array([ 5.22361509,  6.4766699 ,  5.29498837,  5.75370613, -6.53524464,
        3.98030253,  0.33637346,  2.9106881 ,  0.23539179,  5.92347549])
						array([0.0077143 , 0.00450076, 0.00818145, 0.00706176, 0.00646577,
       0.00819228, 0.00896205, 0.00908982, 0.00638137, 0.00785699])

 117.500239805			array([ 5.21962062,  6.47498732,  5.29449861,  5.75623466, -6.5326075 ,
        3.97640643,  0.32910626,  2.9212732 ,  0.23355022,  5.92716072])
						array([0.00964288, 0.00562595, 0.01022681, 0.0088272 , 0.00808221,
       0.01024035, 0.01120256, 0.01136228, 0.00797672, 0.00982123])

 117.484208979			array([ 5.22532359,  6.4754627 ,  5.30111318,  5.74875816, -6.53305624,
        3.9700289 ,  0.33634735,  2.92760368,  0.22573998,  5.92911237])
						array([0.00617144, 0.00360061, 0.00654516, 0.00564941, 0.00517261,
       0.00655383, 0.00716964, 0.00727186, 0.0051051 , 0.00628559])

 117.469004611			array([ 5.22389342,  6.47327811,  5.3039728 ,  5.74950874, -6.535056  ,
        3.97661207,  0.34628523,  2.92953544,  0.22501503,  5.93549095])
						array([0.00315978, 0.00184351, 0.00335112, 0.0028925 , 0.00264838,
       0.00335556, 0.00367086, 0.00372319, 0.00261381, 0.00321822])

 117.45083602			array([ 5.2226572 ,  6.47433254,  5.30267621,  5.74919531, -6.5302925 ,
        3.98188911,  0.34634257,  2.93056494,  0.22751357,  5.93316861])
						array([0.00315978, 0.00184351, 0.00335112, 0.0028925 , 0.00264838,
       0.00335556, 0.00367086, 0.00372319, 0.00261381, 0.00321822])

 117.449207822			array([ 5.2197453 ,  6.47187284,  5.30553221,  5.7480588 , -6.5317429 ,
        3.98150622,  0.34829146,  2.92352738,  0.22572872,  5.93660453])
						array([0.00394972, 0.00230439, 0.0041889 , 0.00361562, 0.00331047,
       0.00419445, 0.00458857, 0.00465399, 0.00326726, 0.00402278])

 117.453885637			array([ 5.22076082,  6.4717061 ,  5.30867589,  5.7536815 , -6.53349406,
        3.97648995,  0.34698115,  2.92707357,  0.22752544,  5.9331522 ])
						array([0.00493715, 0.00288049, 0.00523613, 0.00451953, 0.00413809,
       0.00524306, 0.00573571, 0.00581749, 0.00408408, 0.00502847])

 117.451124225			array([ 5.21943159,  6.47177858,  5.30931579,  5.75339738, -6.53514465,
        3.97736515,  0.3463219 ,  2.92787616,  0.22746275,  5.93307287])
						array([0.00066265, 0.00038661, 0.00070278, 0.0006066 , 0.00055541,
       0.00070371, 0.00076983, 0.00078081, 0.00054816, 0.00067491])

 117.451434424			array([ 5.21972047,  6.47201846,  5.30942436,  5.75358043, -6.53523854,
        3.97719937,  0.34669774,  2.92706986,  0.22777423,  5.93301772])
						array([0.00053012, 0.00030929, 0.00056222, 0.00048528, 0.00044432,
       0.00056297, 0.00061587, 0.00062465, 0.00043852, 0.00053993])

 117.445675958			array([ 5.218758  ,  6.47227269,  5.30945769,  5.75323968, -6.53537402,
        3.9769893 ,  0.34632158,  2.92629297,  0.22780962,  5.93212114])
						array([0.00053012, 0.00030929, 0.00056222, 0.00048528, 0.00044432,
       0.00056297, 0.00061587, 0.00062465, 0.00043852, 0.00053993])

 117.443148576			array([ 5.21827092,  6.47235091,  5.30917641,  5.7529594 , -6.53475641,
        3.97698394,  0.34632605,  2.92515517,  0.2274513 ,  5.93224818])
						array([0.00066265, 0.00038661, 0.00070278, 0.0006066 , 0.00055541,
       0.00070371, 0.00076983, 0.00078081, 0.00054816, 0.00067491])

 117.443197227			array([ 5.21845866,  6.4726339 ,  5.30927886,  5.75330407, -6.53396008,
        3.97735001,  0.34632436,  2.92599864,  0.22782655,  5.93235356])
						array([0.00082832, 0.00048327, 0.00087848, 0.00075825, 0.00069426,
       0.00087964, 0.00096229, 0.00097601, 0.00068519, 0.00084364])

 117.434858649			array([ 5.21828181,  6.47191754,  5.30824482,  5.75215407, -6.5340016 ,
        3.97783248,  0.34506327,  2.92572466,  0.22785758,  5.93168888])
						array([0.0010354 , 0.00060408, 0.0010981 , 0.00094781, 0.00086782,
       0.00109955, 0.00120287, 0.00122002, 0.00085649, 0.00105455])

 117.429174643			array([ 5.21950124,  6.47277649,  5.30636724,  5.75191118, -6.53338247,
        3.98215999,  0.3438468 ,  2.9257372 ,  0.22951466,  5.93084612])
						array([0.00252782, 0.00147481, 0.0026809 , 0.002314  , 0.0021187 ,
       0.00268445, 0.00293668, 0.00297855, 0.00209105, 0.00257458])

 117.426800274			array([ 5.21822852,  6.47395045,  5.30656327,  5.7508971 , -6.53319751,
        3.98198304,  0.34642981,  2.9278575 ,  0.22981108,  5.92993746])
						array([0.00315978, 0.00184351, 0.00335112, 0.0028925 , 0.00264838,
       0.00335556, 0.00367086, 0.00372319, 0.00261381, 0.00321822])

 117.433681757			array([ 5.22044617,  6.47594653,  5.30739955,  5.74601606, -6.53692102,
        3.97995557,  0.35041544,  2.92345989,  0.2331989 ,  5.92730022])
						array([0.00394972, 0.00230439, 0.0041889 , 0.00361562, 0.00331047,
       0.00419445, 0.00458857, 0.00465399, 0.00326726, 0.00402278])

 117.434833502			array([ 5.2201287 ,  6.47645543,  5.30877726,  5.74627706, -6.53689581,
        3.97880381,  0.34976985,  2.92361667,  0.23231758,  5.92669943])
						array([0.00082832, 0.00048327, 0.00087848, 0.00075825, 0.00069426,
       0.00087964, 0.00096229, 0.00097601, 0.00068519, 0.00084364])

 117.433002281			array([ 5.21932577,  6.4763593 ,  5.30866721,  5.74580335, -6.53680536,
        3.97934703,  0.35003073,  2.9231793 ,  0.23267971,  5.92609776])
						array([0.00053012, 0.00030929, 0.00056222, 0.00048528, 0.00044432,
       0.00056297, 0.00061587, 0.00062465, 0.00043852, 0.00053993])

 117.432008882			array([ 5.21892558,  6.4757831 ,  5.30817503,  5.74511938, -6.53723901,
        3.97936219,  0.34999681,  2.92248028,  0.23256824,  5.92577927])
						array([0.00053012, 0.00030929, 0.00056222, 0.00048528, 0.00044432,
       0.00056297, 0.00061587, 0.00062465, 0.00043852, 0.00053993])

 117.433956255			array([ 5.21904791,  6.47581323,  5.30857402,  5.7452235 , -6.53692903,
        3.9786869 ,  0.35005602,  2.92262019,  0.23149227,  5.92546879])
						array([0.00066265, 0.00038661, 0.00070278, 0.0006066 , 0.00055541,
       0.00070371, 0.00076983, 0.00078081, 0.00054816, 0.00067491])

 117.433321498			array([ 5.2182865 ,  6.47576041,  5.3076308 ,  5.74584681, -6.53585429,
        3.97773978,  0.3508861 ,  2.92154639,  0.23182623,  5.92499542])
						array([0.00082832, 0.00048327, 0.00087848, 0.00075825, 0.00069426,
       0.00087964, 0.00096229, 0.00097601, 0.00068519, 0.00084364])

 117.429825907			array([ 5.2178043 ,  6.47587026,  5.30792525,  5.74573869, -6.53610362,
        3.97826732,  0.34960101,  2.92247644,  0.23118941,  5.92454599])
						array([0.0010354 , 0.00060408, 0.0010981 , 0.00094781, 0.00086782,
       0.00109955, 0.00120287, 0.00122002, 0.00085649, 0.00105455])

 117.42477704			array([ 5.21581704,  6.47551288,  5.30798169,  5.74566807, -6.53662574,
        3.97823165,  0.34747313,  2.92370993,  0.23126797,  5.92313363])
						array([0.00129425, 0.0007551 , 0.00137262, 0.00118477, 0.00108478,
       0.00137444, 0.00150358, 0.00152502, 0.00107062, 0.00131818])

 117.417486172			array([ 5.21565008,  6.47420942,  5.30730408,  5.74272808, -6.53648486,
        3.97927978,  0.34689406,  2.92472449,  0.23316586,  5.9248458 ])
						array([0.00202226, 0.00117985, 0.00214472, 0.0018512 , 0.00169496,
       0.00214756, 0.00234935, 0.00238284, 0.00167284, 0.00205966])

 117.418403869			array([ 5.21603223,  6.47327237,  5.30787723,  5.74315902, -6.53801682,
        3.97768008,  0.34445741,  2.92680469,  0.23388682,  5.92659024])
						array([0.0010354 , 0.00060408, 0.0010981 , 0.00094781, 0.00086782,
       0.00109955, 0.00120287, 0.00122002, 0.00085649, 0.00105455])

 117.417394836			array([ 5.21607206,  6.47341941,  5.30831043,  5.74366361, -6.53724581,
        3.97680796,  0.34462786,  2.92589786,  0.23551419,  5.92669489])
						array([0.00082832, 0.00048327, 0.00087848, 0.00075825, 0.00069426,
       0.00087964, 0.00096229, 0.00097601, 0.00068519, 0.00084364])

 117.42293606			array([ 5.21775058,  6.47336516,  5.30983465,  5.74399998, -6.53710112,
        3.97683837,  0.34578769,  2.9254537 ,  0.23498397,  5.92614555])
						array([0.00082832, 0.00048327, 0.00087848, 0.00075825, 0.00069426,
       0.00087964, 0.00096229, 0.00097601, 0.00068519, 0.00084364])

 117.421097305			array([ 5.21609656,  6.47269456,  5.31023831,  5.74457249, -6.53671656,
        3.97684729,  0.34576937,  2.9262654 ,  0.23504296,  5.92585146])
						array([0.0010354 , 0.00060408, 0.0010981 , 0.00094781, 0.00086782,
       0.00109955, 0.00120287, 0.00122002, 0.00085649, 0.00105455])

 117.423032924			array([ 5.21830479,  6.47259885,  5.30845848,  5.7440244 , -6.53625585,
        3.97632837,  0.34413307,  2.92817433,  0.23359787,  5.92500663])
						array([0.00202226, 0.00117985, 0.00214472, 0.0018512 , 0.00169496,
       0.00214756, 0.00234935, 0.00238284, 0.00167284, 0.00205966])

 117.424123815			array([ 5.21854753,  6.47111223,  5.30877794,  5.74479759, -6.53486312,
        3.98007403,  0.34214414,  2.92831381,  0.23431523,  5.9226134 ])
						array([0.00161781, 0.00094388, 0.00171577, 0.00148096, 0.00135597,
       0.00171805, 0.00187948, 0.00190627, 0.00133827, 0.00164773])

 117.424107527			array([ 5.21505464,  6.47324165,  5.30695328,  5.7453634 , -6.53407452,
        3.98083167,  0.340295  ,  2.93075434,  0.23499722,  5.92189936])
						array([0.00129425, 0.0007551 , 0.00137262, 0.00118477, 0.00108478,
       0.00137444, 0.00150358, 0.00152502, 0.00107062, 0.00131818])

 117.423883222			array([ 5.21417893,  6.47332645,  5.30704419,  5.74686782, -6.53411506,
        3.98140803,  0.34056903,  2.9312293 ,  0.23597777,  5.92280653])
						array([0.00129425, 0.0007551 , 0.00137262, 0.00118477, 0.00108478,
       0.00137444, 0.00150358, 0.00152502, 0.00107062, 0.00131818])

 117.422358822			array([ 5.21612306,  6.47407787,  5.30738388,  5.745899  , -6.53480353,
        3.97920497,  0.34122481,  2.92961453,  0.23498549,  5.92217743])
						array([0.00161781, 0.00094388, 0.00171577, 0.00148096, 0.00135597,
       0.00171805, 0.00187948, 0.00190627, 0.00133827, 0.00164773])

 117.417699524			array([ 5.21627477,  6.4738343 ,  5.3056611 ,  5.74686422, -6.53516376,
        3.97906841,  0.34005189,  2.92854045,  0.23718866,  5.92474562])
						array([0.00161781, 0.00094388, 0.00171577, 0.00148096, 0.00135597,
       0.00171805, 0.00187948, 0.00190627, 0.00133827, 0.00164773])

 117.421876812			array([ 5.21738056,  6.47353313,  5.30617168,  5.74759996, -6.53455023,
        3.9772904 ,  0.33950368,  2.92979444,  0.2354536 ,  5.92503082])
						array([0.00129425, 0.0007551 , 0.00137262, 0.00118477, 0.00108478,
       0.00137444, 0.00150358, 0.00152502, 0.00107062, 0.00131818])

 117.423979881			array([ 5.21775767,  6.47362161,  5.3073575 ,  5.74714169, -6.53561369,
        3.97710316,  0.34076192,  2.93041132,  0.23588618,  5.92573431])
						array([0.0010354 , 0.00060408, 0.0010981 , 0.00094781, 0.00086782,
       0.00109955, 0.00120287, 0.00122002, 0.00085649, 0.00105455])

 117.424308589			array([ 5.2176684 ,  6.47319454,  5.30584682,  5.74862464, -6.53621557,
        3.975594  ,  0.34191455,  2.92854423,  0.23714796,  5.92487045])
						array([0.00129425, 0.0007551 , 0.00137262, 0.00118477, 0.00108478,
       0.00137444, 0.00150358, 0.00152502, 0.00107062, 0.00131818])

 117.422467707			array([ 5.22079169,  6.47214353,  5.30544712,  5.74812077, -6.5330765 ,
        3.9765094 ,  0.34215306,  2.92689346,  0.23536861,  5.92499674])
						array([0.00252782, 0.00147481, 0.0026809 , 0.002314  , 0.0021187 ,
       0.00268445, 0.00293668, 0.00297855, 0.00209105, 0.00257458])

 117.424903946			array([ 5.21812148,  6.4721421 ,  5.3060763 ,  5.74926419, -6.53102237,
        3.97250797,  0.34026031,  2.92449112,  0.2332654 ,  5.92708053])
						array([0.00161781, 0.00094388, 0.00171577, 0.00148096, 0.00135597,
       0.00171805, 0.00187948, 0.00190627, 0.00133827, 0.00164773])

 117.422349072			array([ 5.21824184,  6.47198409,  5.30308244,  5.74679016, -6.53085203,
        3.97282037,  0.34066909,  2.92722503,  0.23512998,  5.92694806])
						array([0.00129425, 0.0007551 , 0.00137262, 0.00118477, 0.00108478,
       0.00137444, 0.00150358, 0.00152502, 0.00107062, 0.00131818])

 117.415213776			array([ 5.21668905,  6.47079584,  5.30318127,  5.74588495, -6.53022506,
        3.97435297,  0.34090027,  2.92549156,  0.23550698,  5.9267539 ])
						array([0.00129425, 0.0007551 , 0.00137262, 0.00118477, 0.00108478,
       0.00137444, 0.00150358, 0.00152502, 0.00107062, 0.00131818])

 117.42340369			array([ 5.21818478,  6.47049483,  5.30217148,  5.74431457, -6.53152501,
        3.97473342,  0.3382485 ,  2.92743453,  0.23245771,  5.92658675])
						array([0.00161781, 0.00094388, 0.00171577, 0.00148096, 0.00135597,
       0.00171805, 0.00187948, 0.00190627, 0.00133827, 0.00164773])

 117.422610397			array([ 5.2164318 ,  6.47051171,  5.30195933,  5.74823324, -6.53043967,
        3.97379205,  0.33896052,  2.92476778,  0.23315303,  5.9252536 ])
						array([0.0010354 , 0.00060408, 0.0010981 , 0.00094781, 0.00086782,
       0.00109955, 0.00120287, 0.00122002, 0.00085649, 0.00105455])

 117.419876897			array([ 5.21633884,  6.47092881,  5.30300104,  5.74830748, -6.53138034,
        3.9738945 ,  0.33977174,  2.9244994 ,  0.23341608,  5.92492436])
						array([0.0004241 , 0.00024743, 0.00044978, 0.00038822, 0.00035546,
       0.00045038, 0.00049269, 0.00049972, 0.00035082, 0.00043194])

 117.418527202			array([ 5.21667104,  6.47118601,  5.30337218,  5.74842558, -6.53136747,
        3.97408337,  0.34036273,  2.92399127,  0.23357166,  5.92524979])
						array([0.0004241 , 0.00024743, 0.00044978, 0.00038822, 0.00035546,
       0.00045038, 0.00049269, 0.00049972, 0.00035082, 0.00043194])

 117.420705788			array([ 5.21659095,  6.47104489,  5.30293657,  5.74887874, -6.53094445,
        3.97409028,  0.33981291,  2.92339411,  0.23319216,  5.92506591])
						array([0.00053012, 0.00030929, 0.00056222, 0.00048528, 0.00044432,
       0.00056297, 0.00061587, 0.00062465, 0.00043852, 0.00053993])

 117.420794288			array([ 5.21583025,  6.47113273,  5.30330527,  5.74799259, -6.53091239,
        3.97350169,  0.33970578,  2.92316189,  0.2324627 ,  5.92493208])
						array([0.00066265, 0.00038661, 0.00070278, 0.0006066 , 0.00055541,
       0.00070371, 0.00076983, 0.00078081, 0.00054816, 0.00067491])

 117.421454157			array([ 5.21683983,  6.47042539,  5.30380449,  5.74858291, -6.5309093 ,
        3.97453167,  0.33888559,  2.92385658,  0.23296981,  5.92482673])
						array([0.00082832, 0.00048327, 0.00087848, 0.00075825, 0.00069426,
       0.00087964, 0.00096229, 0.00097601, 0.00068519, 0.00084364])

 117.413421773			array([ 5.2158126 ,  6.47058071,  5.30394132,  5.74710004, -6.53198346,
        3.97622799,  0.3400039 ,  2.92500542,  0.23343835,  5.92487337])
						array([0.00129425, 0.0007551 , 0.00137262, 0.00118477, 0.00108478,
       0.00137444, 0.00150358, 0.00152502, 0.00107062, 0.00131818])

 117.414957598			array([ 5.21600397,  6.47080998,  5.30850418,  5.74651968, -6.53359908,
        3.97905238,  0.34300305,  2.92695011,  0.23271884,  5.92418713])
						array([0.00252782, 0.00147481, 0.0026809 , 0.002314  , 0.0021187 ,
       0.00268445, 0.00293668, 0.00297855, 0.00209105, 0.00257458])

 117.41292587			array([ 5.2177673 ,  6.47048064,  5.30517118,  5.746566  , -6.53458464,
        3.9792213 ,  0.34338863,  2.92535528,  0.23144887,  5.92645301])
						array([0.00252782, 0.00147481, 0.0026809 , 0.002314  , 0.0021187 ,
       0.00268445, 0.00293668, 0.00297855, 0.00209105, 0.00257458])

 117.411186581			array([ 5.21826867,  6.47194139,  5.30613523,  5.74557924, -6.53317048,
        3.97801092,  0.34482877,  2.92483683,  0.23403463,  5.92662167])
						array([0.00129425, 0.0007551 , 0.00137262, 0.00118477, 0.00108478,
       0.00137444, 0.00150358, 0.00152502, 0.00107062, 0.00131818])

 117.410528479			array([ 5.21763112,  6.47089513,  5.30670822,  5.7455738 , -6.53101425,
        3.97934507,  0.34561817,  2.92435174,  0.23535027,  5.92764663])
						array([0.00129425, 0.0007551 , 0.00137262, 0.00118477, 0.00108478,
       0.00137444, 0.00150358, 0.00152502, 0.00107062, 0.00131818])

 117.412913172			array([ 5.21573475,  6.4716084 ,  5.30743983,  5.74517436, -6.53188593,
        3.98039494,  0.34762214,  2.92734696,  0.23587799,  5.92747787])
						array([0.00161781, 0.00094388, 0.00171577, 0.00148096, 0.00135597,
       0.00171805, 0.00187948, 0.00190627, 0.00133827, 0.00164773])

 117.412173334			array([ 5.21210389,  6.47072328,  5.30413665,  5.74659973, -6.53198924,
        3.98290595,  0.34755766,  2.92557862,  0.23449257,  5.92582213])
						array([0.00202226, 0.00117985, 0.00214472, 0.0018512 , 0.00169496,
       0.00214756, 0.00234935, 0.00238284, 0.00167284, 0.00205966])

------------------------------------ 


------------------------------------ 
TOTAL GENERATIONS: 1000
------------------------------------ 
