------------------------------------ 
PARAMETERS used: 
 - DNA SIZE: '10'
 - c: '0.82'
 - s: '10'
 - num rotors in robot: '10'
 - num total generations: '1000'
------------------------------------ 


------------------------------------ 
Fitness_value		Individual
------------------------------------ 
 120382.254888			array([108.17254344, -81.05105057, -53.64293642, 171.79966054,
        44.69749835, 136.40364234,  93.45185526,  58.323523  ,
       149.65208953, 127.80357655])
						array([7.70524713, 1.8285485 , 7.59589795, 3.2697691 , 1.75323084,
       5.99317641, 8.91889608, 0.3330359 , 3.07769719, 6.38406417])

 119641.31407			array([109.91505647, -80.89834428, -54.47080731, 173.73375443,
        44.74924278, 137.32490203,  94.53566293,  58.21240497,
       146.04913539, 122.75098238])
						array([6.31830264, 1.49940977, 6.22863632, 2.68121066, 1.43764929,
       4.91440466, 7.31349478, 0.27308944, 2.52371169, 5.23493262])

 119448.304223			array([109.02078999, -80.89270986, -53.61627123, 178.06230162,
        44.09733227, 135.95849078,  94.35275627,  58.51877304,
       150.55372524, 112.52103821])
						array([7.70524713, 1.8285485 , 7.59589795, 3.2697691 , 1.75323084,
       5.99317641, 8.91889608, 0.3330359 , 3.07769719, 6.38406417])

 118703.058523			array([116.30529227, -78.94723712, -50.93007605, 180.        ,
        45.46947585, 125.13283572,  83.18324932,  58.93221086,
       150.31457634, 122.82206318])
						array([11.45932053,  2.7194356 , 11.29669534,  4.86283329,  2.60742243,
        8.91311186, 13.26427138,  0.49529432,  4.57718202,  9.49444403])

 114354.65034			array([118.40350201, -74.45269667, -71.36490828, 178.40286825,
        42.6234025 , 108.26303428,  90.09536362,  57.91876333,
       151.79042876, 107.19732463])
						array([20.78343417,  4.93216074, 20.48848563,  8.81957837,  4.72900573,
       16.16545004, 24.05702069,  0.89830081,  8.30150102, 17.21979518])

 112178.085485			array([116.33635884, -71.88220064, -56.24660708, 168.91213959,
        40.22470107,  94.4166421 ,  89.43456949,  57.53472931,
       134.96436838, 154.11986086])
						array([30.90933101,  7.33515874, 30.47068059, 13.1165651 ,  7.03302458,
       24.04141886, 35.77784159,  1.33596194, 12.34607529, 25.60945149])

 90005.5411758			array([135.13589912, -25.93522974, -77.96599918, 167.24606936,
        31.90057279,  30.23764118,  38.9971665 ,  58.33720348,
       115.90125708, 137.52890834])
						array([83.37202375, 19.78519135, 82.18884792, 35.37943207, 18.97024209,
       64.84714092, 96.50390226,  3.60350247, 33.3011828 , 69.07660981])

 81385.058764			array([ 62.49945894, -12.1151282 , -30.7569546 , 167.8591387 ,
         3.09348697,  86.70149988,  27.05750371,  60.731621  ,
       141.17968441, 135.23496136])
						array([101.67319969,  24.12828214, 100.23030234,  43.14564886,
        23.13444157,  79.08187917, 117.68768569,   4.39451521,
        40.61119853,  84.23976806])

 77436.0448482			array([  15.71833377,  -18.2012317 , -127.65526978,  180.        ,
         -1.57366808,   -4.65743513,  -30.89840006,   62.39958244,
         88.04939173,  129.67918645])
						array([123.99170694,  29.42473431, 122.23207602,  52.61664496,
        28.21273363,  96.44131606, 143.52156791,   5.35916489,
        49.52585187, 102.73142447])

 73039.6511566			array([-54.42508858, -47.04903623, -77.90183271, 135.58380362,
         7.49022554,  63.61930193, 180.        ,  66.4760985 ,
        43.87491379,  20.30551396])
						array([123.99170694,  29.42473431, 122.23207602,  52.61664496,
        28.21273363,  96.44131606, 143.52156791,   5.35916489,
        49.52585187, 102.73142447])

 61705.9201281			array([ -1.42897161, -63.57241763,  11.63491428,  84.78759381,
        34.10175623, -72.31629282, 180.        ,  67.86372369,
        72.53535976,  45.67029102])
						array([83.37202375, 19.78519135, 82.18884792, 35.37943207, 18.97024209,
       64.84714092, 96.50390226,  3.60350247, 33.3011828 , 69.07660981])

 59045.270244			array([ 40.93098168, -59.1935904 ,  58.96664529,  98.45541329,
        27.84350356, -25.6519989 , 173.03050249,  70.22861161,
        51.74915561,  50.80151307])
						array([101.67319969,  24.12828214, 100.23030234,  43.14564886,
        23.13444157,  79.08187917, 117.68768569,   4.39451521,
        40.61119853,  84.23976806])

 40638.8787009			array([  23.96511282,  -26.80899508, -119.69639896,   84.79548487,
         82.79292847,  -36.88130618,   -4.69467743,   64.96078051,
          9.44788386,   77.04474194])
						array([83.37202375, 19.78519135, 82.18884792, 35.37943207, 18.97024209,
       64.84714092, 96.50390226,  3.60350247, 33.3011828 , 69.07660981])

 33168.4700287			array([-44.28598964, -29.845196  , -85.62418148,  81.71680024,
        88.95769187,  -4.25643452,   6.27529489,  60.00599256,
        -7.00290049,  69.76821315])
						array([56.05934877, 13.30356266, 55.26378134, 23.78913012, 12.75559078,
       43.60321755, 64.88922388,  2.42299506, 22.39171531, 46.44711244])

 25766.3708501			array([-68.34255307, -13.75490024,  16.0888704 ,  98.07955862,
        78.40080618,  11.56615742,  27.12527912,  61.21180906,
        10.99916564,  11.3575271 ])
						array([68.36505947, 16.22385691, 67.39485529, 29.0111343 , 15.55559851,
       53.17465555, 79.13319986,  2.95487203, 27.30696989, 56.64282005])

 20727.8463879			array([-28.67830072, -15.30365973, -58.17202849,  76.96575841,
        66.47100097,   9.27967733, -28.40073343,  65.92437854,
        -4.31779538,  27.34279512])
						array([101.67319969,  24.12828214, 100.23030234,  43.14564886,
        23.13444157,  79.08187917, 117.68768569,   4.39451521,
        40.61119853,  84.23976806])

 20134.3306785			array([-39.60506903,  -9.4707619 , -36.6414959 ,  58.30543169,
        73.70383084,  -4.06057115, -38.24343302,  64.03976622,
       -19.93945887,  50.30750279])
						array([25.34565143,  6.01483017, 24.98595808, 10.75558338,  5.76708015,
       19.71396346, 29.33783011,  1.09548879, 10.12378174, 20.99975022])

 17107.8333976			array([-25.63973945, -14.48017913,  -6.80822305,  79.101164  ,
        68.34314959,   5.0836783 , -28.24575574,  62.72370331,
       -22.70636386,  10.25571834])
						array([25.34565143,  6.01483017, 24.98595808, 10.75558338,  5.76708015,
       19.71396346, 29.33783011,  1.09548879, 10.12378174, 20.99975022])

 16695.3516222			array([-30.04687416, -10.71615905,  11.94437118,  82.29769127,
        57.60569704,  16.22207739,  12.83764296,  61.38723994,
       -17.61738507,  35.47893573])
						array([30.90933101,  7.33515874, 30.47068059, 13.1165651 ,  7.03302458,
       24.04141886, 35.77784159,  1.33596194, 12.34607529, 25.60945149])

 15801.8652607			array([ 13.24635322,  -1.89884229,   3.39078851,  64.40294028,
        71.83233465,  -2.27629966,  39.22759765,  63.191744  ,
       -25.02664275,  26.88216717])
						array([37.69430611,  8.94531554, 37.15936657, 15.99581109,  8.57685924,
       29.31880348, 43.63151414,  1.62922188, 15.05618938, 31.2310384 ])

 13834.2755549			array([-28.19221285,   3.08337889, -28.40624   ,  34.19838693,
        70.32510581, -15.64537846, -24.47043337,  63.95941292,
       -23.59139549,  26.58363869])
						array([30.90933101,  7.33515874, 30.47068059, 13.1165651 ,  7.03302458,
       24.04141886, 35.77784159,  1.33596194, 12.34607529, 25.60945149])

 13720.76362			array([ -2.22239131,   2.1766979 , -42.54148053,  24.58734137,
        77.55481287, -15.76682767, -21.99470462,  64.77767101,
       -18.81922686,   8.30397401])
						array([20.78343417,  4.93216074, 20.48848563,  8.81957837,  4.72900573,
       16.16545004, 24.05702069,  0.89830081,  8.30150102, 17.21979518])

 13165.9465112			array([ 16.88406865,   1.38097952, -38.45509133,  17.86160907,
        76.80005891, -13.08550638, -17.19211709,  66.00606792,
       -10.11943753, -15.52916167])
						array([25.34565143,  6.01483017, 24.98595808, 10.75558338,  5.76708015,
       19.71396346, 29.33783011,  1.09548879, 10.12378174, 20.99975022])

 11862.859123			array([ 23.53029532,  -5.96868954,  16.96354577,  10.37596955,
        69.15405809, -31.23272206,  -4.16570169,  63.47594331,
        -9.49161101, -30.27910495])
						array([25.34565143,  6.01483017, 24.98595808, 10.75558338,  5.76708015,
       19.71396346, 29.33783011,  1.09548879, 10.12378174, 20.99975022])

 11646.565746			array([ 25.73868056,  -8.94910484,  12.7425327 ,   9.62512804,
        66.87340443, -27.12941509,  -2.76900417,  63.22267143,
        -6.41145059, -35.96233832])
						array([ 9.39664284,  2.22993719,  9.26329018,  3.9875233 ,  2.13808639,
        7.30875172, 10.87670253,  0.40614134,  3.75328925,  7.7854441 ])

 10407.728871			array([ 11.67108555,  -7.72781857,   4.82244135,  10.42677151,
        67.01667342, -19.88776214,   4.07031503,  62.59827897,
        -1.8832154 , -32.82739709])
						array([11.45932053,  2.7194356 , 11.29669534,  4.86283329,  2.60742243,
        8.91311186, 13.26427138,  0.49529432,  4.57718202,  9.49444403])

 10094.8917274			array([  6.52674566, -13.62904448,   4.32336651,  16.55284808,
        70.59048681,   2.51482161,  -9.06351446,  62.53480563,
         3.04229381, -21.36029366])
						array([20.78343417,  4.93216074, 20.48848563,  8.81957837,  4.72900573,
       16.16545004, 24.05702069,  0.89830081,  8.30150102, 17.21979518])

 9996.43247326			array([ 10.393188  , -13.85799671,   7.24192952,  18.77764024,
        69.86676574,   1.79227992, -12.23282954,  62.71180802,
         2.14120429, -17.0208777 ])
						array([3.48370989, 0.82672657, 3.43427075, 1.47833376, 0.79267381,
       2.70964547, 4.03242699, 0.15057278, 1.39149387, 2.88637433])

 9930.20501671			array([ 10.82776911, -13.5362961 ,   5.51940851,  17.86014507,
        69.86333964,   1.70953089, -10.87501246,  62.67141595,
         2.79211978, -16.65139238])
						array([1.29155006, 0.30650048, 1.273221  , 0.54807723, 0.29387577,
       1.00457354, 1.49498135, 0.05582333, 0.51588222, 1.07009397])

 9839.42762194			array([ 10.69656894, -13.74774492,   6.27622897,  17.03720588,
        69.70458332,   0.85382672,  -9.56709109,  62.54366402,
         2.68814436, -16.46569695])
						array([1.57506105, 0.37378107, 1.55270854, 0.66838686, 0.35838508,
       1.22508968, 1.82314799, 0.06807723, 0.62912466, 1.30499264])

 9768.35116614			array([  8.89349977, -14.01824305,   5.59535298,  17.21248655,
        69.20410097,   0.90538317,  -7.98176503,  62.6277928 ,
         2.92132059, -16.72606197])
						array([1.92080616, 0.45583057, 1.89354699, 0.81510593, 0.43705498,
       1.4940118 , 2.22335121, 0.08302101, 0.76722519, 1.59145444])

 9689.05307579			array([  8.00677648, -13.78205046,   6.57488669,  16.29333745,
        69.66416495,  -0.57759408,  -3.11559197,  62.44107335,
         2.76978361, -15.89407312])
						array([2.34244653, 0.55589094, 2.30920365, 0.99403162, 0.53299387,
       1.82196561, 2.71140391, 0.10124514, 0.93564048, 1.9407981 ])

 9493.60761904			array([ 10.29778176, -14.38426834,   7.50304484,  13.29496286,
        69.65762874,   0.92938453,  -0.60514173,  62.54551071,
         1.58990303, -12.91157459])
						array([2.85664211, 0.67791578, 2.81610201, 1.21223368, 0.64999253,
       2.22190928, 3.30659013, 0.12346968, 1.14102497, 2.36682695])

 9190.61010792			array([  6.39076444, -13.29263102,   6.56417867,  13.21636236,
        68.2385987 ,  -0.1796193 ,  -4.24688663,  62.23889769,
         0.87265748, -12.15236006])
						array([4.2484267 , 1.00820313, 4.18813506, 1.80284605, 0.96667538,
       3.30444569, 4.91759389, 0.18362534, 1.69694374, 3.51996869])

 9102.71273348			array([ 12.62649309, -12.43458517,   2.83704082,  15.71206305,
        68.01303488,  -8.21913211,   1.33983142,  62.26949953,
        -1.25338884,  -2.56870645])
						array([6.31830264, 1.49940977, 6.22863632, 2.68121066, 1.43764929,
       4.91440466, 7.31349478, 0.27308944, 2.52371169, 5.23493262])

 8743.94481729			array([  8.45724147, -12.15812798,   4.15845129,   9.61206389,
        67.35799181,  -4.52399616,   5.36159675,  62.31249835,
         1.85383541,   5.28851754])
						array([6.31830264, 1.49940977, 6.22863632, 2.68121066, 1.43764929,
       4.91440466, 7.31349478, 0.27308944, 2.52371169, 5.23493262])

 8575.30884581			array([  3.93825906, -12.20996056,   3.64848478,   8.88117944,
        66.34385719,  -3.84133851,   8.60857318,  62.03292287,
         3.51077953,   9.04507664])
						array([4.2484267 , 1.00820313, 4.18813506, 1.80284605, 0.96667538,
       3.30444569, 4.91759389, 0.18362534, 1.69694374, 3.51996869])

 8514.59921808			array([  0.60682269, -12.38334163,   5.70865117,   9.9313989 ,
        64.28090715,  -7.77844016,  11.66116218,  62.28185292,
         2.55252851,   9.84947792])
						array([5.18100817, 1.22951601, 5.10748178, 2.19859274, 1.17887242,
       4.02981182, 5.99706572, 0.22393334, 2.06944359, 4.29264475])

 8392.0553168			array([  1.07353469, -12.94932232,  -1.42709059,  10.89898971,
        63.68497485,  -5.76007281,   3.3370756 ,  62.16526626,
         9.21303854,  12.64583068])
						array([6.31830264, 1.49940977, 6.22863632, 2.68121066, 1.43764929,
       4.91440466, 7.31349478, 0.27308944, 2.52371169, 5.23493262])

 8387.68256133			array([ -0.59892354, -12.67442632,  -2.51007555,  10.89523189,
        63.68089904,  -6.10138492,   2.65409286,  62.20286019,
         9.24731829,  12.90542714])
						array([0.86843826, 0.20609092, 0.8561138 , 0.36852713, 0.19760206,
       0.67547525, 1.00522546, 0.03753561, 0.3468792 , 0.71953118])

 8386.40498716			array([ -0.58244942, -12.67757905,  -2.58452122,  10.8791218 ,
        63.69713465,  -6.16051038,   2.53274483,  62.19987928,
         9.27553585,  13.00855306])
						array([0.08026111, 0.01904693, 0.07912209, 0.0340593 , 0.01826239,
       0.06242746, 0.09290299, 0.00346904, 0.0320586 , 0.06649911])

 8386.01591959			array([ -0.60224205, -12.67871861,  -2.5788195 ,  10.8765211 ,
        63.68559797,  -6.13034862,   2.57740032,  62.19871853,
         9.29753714,  13.02930501])
						array([0.0362878 , 0.00861153, 0.03577282, 0.01539895, 0.00825683,
       0.02822481, 0.04200346, 0.00156843, 0.01449439, 0.0300657 ])

 8386.41239913			array([ -0.64354289, -12.67973565,  -2.54834767,  10.83860945,
        63.68595415,  -6.15478243,   2.62995269,  62.19984032,
         9.3138993 ,  12.9534238 ])
						array([0.04425341, 0.01050187, 0.04362539, 0.01877921, 0.0100693 ,
       0.0344205 , 0.05122374, 0.00191272, 0.01767608, 0.03666548])

 8382.48125962			array([ -0.64005084, -12.69205434,  -2.63803206,  10.83580442,
        63.68089809,  -6.16530786,   2.58508656,  62.1981105 ,
         9.29654678,  12.99636623])
						array([0.06581411, 0.01561849, 0.06488011, 0.02792862, 0.01497516,
       0.05119052, 0.07618045, 0.00284462, 0.02628805, 0.05452927])

 8374.40029431			array([ -0.65048049, -12.6819663 ,  -2.61508224,  10.85021642,
        63.72571327,  -6.10130315,   2.39787789,  62.19166536,
         9.28174353,  12.96979727])
						array([0.11936513, 0.02832679, 0.11767116, 0.05065333, 0.02716001,
       0.09284274, 0.13816626, 0.0051592 , 0.04767786, 0.09889814])

 8371.88624835			array([ -0.70079062, -12.68467569,  -2.64264386,  10.76180257,
        63.71578369,  -6.12562889,   2.33617541,  62.19217205,
         9.30088753,  13.03002984])
						array([0.08026111, 0.01904693, 0.07912209, 0.0340593 , 0.01826239,
       0.06242746, 0.09290299, 0.00346904, 0.0320586 , 0.06649911])

 8372.08517633			array([ -0.72477249, -12.68664133,  -2.66854745,  10.76077013,
        63.72747181,  -6.07690858,   2.40678943,  62.19306407,
         9.27639426,  13.03707282])
						array([0.04425341, 0.01050187, 0.04362539, 0.01877921, 0.0100693 ,
       0.0344205 , 0.05122374, 0.00191272, 0.01767608, 0.03666548])

 8366.91238193			array([ -0.76852105, -12.68197505,  -2.65418734,  10.75421886,
        63.70726167,  -6.01801885,   2.39066451,  62.19494773,
         9.31497537,  13.02924755])
						array([0.05396757, 0.01280716, 0.05320169, 0.02290147, 0.01227963,
       0.04197622, 0.06246797, 0.00233258, 0.0215562 , 0.044714  ])

 8366.54655547			array([ -0.80414306, -12.68146723,  -2.58168931,  10.76411817,
        63.72484607,  -5.96275057,   2.32666299,  62.19598899,
         9.29088892,  12.93739255])
						array([0.06581411, 0.01561849, 0.06488011, 0.02792862, 0.01497516,
       0.05119052, 0.07618045, 0.00284462, 0.02628805, 0.05452927])

 8365.15693765			array([ -0.80921348, -12.63216502,  -2.50129503,  10.71216944,
        63.70987549,  -5.9778834 ,   2.31843341,  62.20098302,
         9.31038492,  12.97075926])
						array([0.11936513, 0.02832679, 0.11767116, 0.05065333, 0.02716001,
       0.09284274, 0.13816626, 0.0051592 , 0.04767786, 0.09889814])

 8358.18139297			array([ -0.784881  , -12.61476775,  -2.55113728,  10.71003407,
        63.69840553,  -6.01858925,   2.30378383,  62.19937254,
         9.28151934,  12.96687601])
						array([0.08026111, 0.01904693, 0.07912209, 0.0340593 , 0.01826239,
       0.06242746, 0.09290299, 0.00346904, 0.0320586 , 0.06649911])

 8358.27810161			array([ -0.75219794, -12.6367112 ,  -2.57706706,  10.69183434,
        63.69892155,  -5.96278473,   2.28011186,  62.19982527,
         9.2652233 ,  12.96023443])
						array([0.08026111, 0.01904693, 0.07912209, 0.0340593 , 0.01826239,
       0.06242746, 0.09290299, 0.00346904, 0.0320586 , 0.06649911])

 8355.2574121			array([ -0.76620176, -12.63456906,  -2.60662642,  10.67593041,
        63.69088988,  -5.98979414,   2.35741245,  62.19810646,
         9.24248456,  12.97377343])
						array([0.04425341, 0.01050187, 0.04362539, 0.01877921, 0.0100693 ,
       0.0344205 , 0.05122374, 0.00191272, 0.01767608, 0.03666548])

 8352.29120844			array([ -0.74277921, -12.63391219,  -2.58141568,  10.68255997,
        63.67415114,  -6.01449017,   2.34286618,  62.20014155,
         9.21470577,  12.95993852])
						array([0.05396757, 0.01280716, 0.05320169, 0.02290147, 0.01227963,
       0.04197622, 0.06246797, 0.00233258, 0.0215562 , 0.044714  ])

 8347.94621383			array([ -0.77535174, -12.63290102,  -2.55271437,  10.69070362,
        63.64979286,  -6.00168173,   2.3173899 ,  62.20043899,
         9.20678575,  12.94557191])
						array([0.06581411, 0.01561849, 0.06488011, 0.02792862, 0.01497516,
       0.05119052, 0.07618045, 0.00284462, 0.02628805, 0.05452927])

 8347.22584423			array([ -0.68932286, -12.60365662,  -2.47477783,  10.64521224,
        63.60597512,  -5.93784883,   2.16685453,  62.1964813 ,
         9.22831534,  12.94617422])
						array([0.17752101, 0.04212789, 0.17500172, 0.07533214, 0.04039265,
       0.13807665, 0.20548224, 0.00767281, 0.070907  , 0.14708231])

 8339.29655347			array([ -0.59689541, -12.57504875,  -2.55217576,  10.67702236,
        63.56922816,  -6.03982629,   2.22467723,  62.18803565,
         9.21131408,  13.05691094])
						array([0.21648904, 0.05137547, 0.21341673, 0.09186846, 0.04925932,
       0.16838616, 0.2505881 , 0.00935708, 0.08647195, 0.17936867])

 8339.28830418			array([ -0.55612053, -12.59442248,  -2.60961366,  10.75954623,
        63.56952359,  -5.99223152,   2.31625188,  62.18978647,
         9.22306686,  13.06980635])
						array([0.08026111, 0.01904693, 0.07912209, 0.0340593 , 0.01826239,
       0.06242746, 0.09290299, 0.00346904, 0.0320586 , 0.06649911])

 8333.12716914			array([ -0.60637348, -12.58821269,  -2.63381079,  10.79799281,
        63.54245524,  -5.95631435,   2.36762648,  62.18680897,
         9.14933504,  13.08794203])
						array([0.08026111, 0.01904693, 0.07912209, 0.0340593 , 0.01826239,
       0.06242746, 0.09290299, 0.00346904, 0.0320586 , 0.06649911])

 8332.18524844			array([ -0.61320556, -12.59058785,  -2.71444815,  10.82996644,
        63.53484461,  -5.93603188,   2.43233466,  62.18690879,
         9.09223482,  13.01061647])
						array([0.09787941, 0.02322797, 0.09649035, 0.04153573, 0.02227121,
       0.07613105, 0.11329633, 0.00423054, 0.03909585, 0.08109648])

 8329.55312809			array([ -0.53712739, -12.57431647,  -2.62954677,  10.77558041,
        63.52764598,  -5.95498128,   2.44758734,  62.18581722,
         9.07994805,  12.89059932])
						array([0.11936513, 0.02832679, 0.11767116, 0.05065333, 0.02716001,
       0.09284274, 0.13816626, 0.0051592 , 0.04767786, 0.09889814])

 8325.62699574			array([ -0.6746338 , -12.52598424,  -2.82462134,  10.79432073,
        63.51976466,  -6.01316839,   2.37804177,  62.17859114,
         9.12765593,  13.04712782])
						array([0.14556723, 0.03454487, 0.14350141, 0.06177235, 0.03312197,
       0.11322286, 0.16849544, 0.0062917 , 0.05814374, 0.12060749])

 8320.96190183			array([ -0.70075693, -12.53522897,  -2.75354627,  10.79705021,
        63.50324551,  -6.01017969,   2.34603791,  62.18226771,
         9.13723143,  13.072197  ])
						array([0.05396757, 0.01280716, 0.05320169, 0.02290147, 0.01227963,
       0.04197622, 0.06246797, 0.00233258, 0.0215562 , 0.044714  ])

 8314.40775042			array([ -0.70566074, -12.52658353,  -2.66498033,  10.80136617,
        63.48588966,  -6.03087878,   2.26593834,  62.18303354,
         9.15895523,  13.02297917])
						array([0.05396757, 0.01280716, 0.05320169, 0.02290147, 0.01227963,
       0.04197622, 0.06246797, 0.00233258, 0.0215562 , 0.044714  ])

 8314.25819038			array([ -0.68493018, -12.50708389,  -2.57282145,  10.7834142 ,
        63.49242459,  -6.01928548,   2.23519318,  62.18383938,
         9.18565857,  12.96297435])
						array([0.06581411, 0.01561849, 0.06488011, 0.02792862, 0.01497516,
       0.05119052, 0.07618045, 0.00284462, 0.02628805, 0.05452927])

 8313.91846258			array([ -0.71388703, -12.52209933,  -2.6923558 ,  10.75972648,
        63.49522118,  -5.9919909 ,   2.17650416,  62.18064476,
         9.19087585,  12.92764622])
						array([0.08026111, 0.01904693, 0.07912209, 0.0340593 , 0.01826239,
       0.06242746, 0.09290299, 0.00346904, 0.0320586 , 0.06649911])

 8312.53064399			array([ -0.72574789, -12.49987457,  -2.64728174,  10.70696703,
        63.51474913,  -6.02638379,   2.29542143,  62.18295846,
         9.14638068,  12.87201734])
						array([0.11936513, 0.02832679, 0.11767116, 0.05065333, 0.02716001,
       0.09284274, 0.13816626, 0.0051592 , 0.04767786, 0.09889814])

 8311.31908004			array([ -0.70120984, -12.49251974,  -2.63096607,  10.74115265,
        63.49797902,  -5.9159718 ,   2.28151988,  62.18347666,
         9.11678537,  12.85612904])
						array([0.11936513, 0.02832679, 0.11767116, 0.05065333, 0.02716001,
       0.09284274, 0.13816626, 0.0051592 , 0.04767786, 0.09889814])

 8308.06862626			array([ -0.734146  , -12.50128545,  -2.54789489,  10.74447509,
        63.46912594,  -5.91081651,   2.33649761,  62.17923686,
         9.10668995,  12.93541202])
						array([0.06581411, 0.01561849, 0.06488011, 0.02792862, 0.01497516,
       0.05119052, 0.07618045, 0.00284462, 0.02628805, 0.05452927])

 8307.69053174			array([ -0.76779899, -12.50859178,  -2.54087329,  10.73487742,
        63.46172994,  -5.94474697,   2.37348013,  62.17875756,
         9.09073308,  12.94304679])
						array([0.02439991, 0.0057904 , 0.02405364, 0.01035425, 0.00555189,
       0.01897836, 0.02824313, 0.00105461, 0.00974603, 0.02021617])

 8307.30027355			array([ -0.749269  , -12.50620832,  -2.54248767,  10.75110969,
        63.45637393,  -5.95898917,   2.40249941,  62.17907105,
         9.09746264,  12.94126785])
						array([0.02439991, 0.0057904 , 0.02405364, 0.01035425, 0.00555189,
       0.01897836, 0.02824313, 0.00105461, 0.00974603, 0.02021617])

 8305.72318951			array([ -0.74384007, -12.49431677,  -2.58428896,  10.75834797,
        63.45633596,  -5.95926568,   2.41740031,  62.17993095,
         9.1095228 ,  12.92506486])
						array([0.02975599, 0.00706146, 0.02933371, 0.01262714, 0.0067706 ,
       0.02314435, 0.03444284, 0.00128611, 0.0118854 , 0.02465387])

 8304.90977138			array([ -0.72679204, -12.49699787,  -2.57130676,  10.76644087,
        63.4502566 ,  -5.95092005,   2.39852397,  62.17594367,
         9.09579801,  12.93455058])
						array([0.0362878 , 0.00861153, 0.03577282, 0.01539895, 0.00825683,
       0.02822481, 0.04200346, 0.00156843, 0.01449439, 0.0300657 ])

 8303.05338345			array([ -0.76418339, -12.49801277,  -2.5554856 ,  10.7599101 ,
        63.44186129,  -5.95661378,   2.37419511,  62.1751258 ,
         9.11892612,  12.94963997])
						array([0.04425341, 0.01050187, 0.04362539, 0.01877921, 0.0100693 ,
       0.0344205 , 0.05122374, 0.00191272, 0.01767608, 0.03666548])

 8302.77460081			array([ -0.77353838, -12.49989082,  -2.55881471,  10.76155672,
        63.43930413,  -5.96664153,   2.38522984,  62.17507423,
         9.12670489,  12.95221612])
						array([0.01345333, 0.00319264, 0.01326241, 0.005709  , 0.00306113,
       0.01046406, 0.01557236, 0.00058148, 0.00537365, 0.01114655])

 8303.09287038			array([ -0.79424338, -12.49947937,  -2.55733931,  10.7612907 ,
        63.44106706,  -5.95486002,   2.38940339,  62.17483261,
         9.1295713 ,  12.94329563])
						array([0.01345333, 0.00319264, 0.01326241, 0.005709  , 0.00306113,
       0.01046406, 0.01557236, 0.00058148, 0.00537365, 0.01114655])

 8303.39496824			array([ -0.79173755, -12.49910869,  -2.54309686,  10.75885549,
        63.43810998,  -5.96497714,   2.37856695,  62.17596839,
         9.1263378 ,  12.95334244])
						array([0.0164065 , 0.00389346, 0.01617367, 0.0069622 , 0.00373309,
       0.01276105, 0.01899068, 0.00070912, 0.00655323, 0.01359336])

 8302.99371673			array([ -0.79819076, -12.49768835,  -2.54273155,  10.76106855,
        63.43630594,  -5.99340598,   2.37578575,  62.17553806,
         9.12837917,  12.94352101])
						array([0.02000793, 0.00474812, 0.01972399, 0.00849049, 0.00455255,
       0.01556226, 0.02315937, 0.00086478, 0.00799174, 0.01657726])

 8302.18343195			array([ -0.7686415 , -12.49479607,  -2.55097589,  10.76053301,
        63.43463821,  -6.00283845,   2.35770768,  62.17518932,
         9.12158064,  12.95095239])
						array([0.02439991, 0.0057904 , 0.02405364, 0.01035425, 0.00555189,
       0.01897836, 0.02824313, 0.00105461, 0.00974603, 0.02021617])

 8301.58496889			array([ -0.75462547, -12.49726313,  -2.5269418 ,  10.77033037,
        63.42802957,  -5.99385326,   2.35467626,  62.17502726,
         9.12853058,  12.90870684])
						array([0.02439991, 0.0057904 , 0.02405364, 0.01035425, 0.00555189,
       0.01897836, 0.02824313, 0.00105461, 0.00974603, 0.02021617])

 8300.51315036			array([ -0.72958076, -12.49694187,  -2.57520195,  10.75500508,
        63.43507118,  -5.98319803,   2.36891037,  62.17423389,
         9.1330641 ,  12.91847389])
						array([0.02000793, 0.00474812, 0.01972399, 0.00849049, 0.00455255,
       0.01556226, 0.02315937, 0.00086478, 0.00799174, 0.01657726])

 8300.37344855			array([ -0.72679282, -12.49621834,  -2.5818062 ,  10.75858805,
        63.43331372,  -5.98394771,   2.38556601,  62.17342308,
         9.12485199,  12.90295826])
						array([0.02439991, 0.0057904 , 0.02405364, 0.01035425, 0.00555189,
       0.01897836, 0.02824313, 0.00105461, 0.00974603, 0.02021617])

 8300.03812385			array([ -0.72425668, -12.49472979,  -2.62033363,  10.75033978,
        63.44031239,  -5.9931746 ,   2.37056406,  62.17168586,
         9.12608403,  12.92762189])
						array([0.02975599, 0.00706146, 0.02933371, 0.01262714, 0.0067706 ,
       0.02314435, 0.03444284, 0.00128611, 0.0118854 , 0.02465387])

 8300.40545435			array([ -0.73228185, -12.50450492,  -2.65275713,  10.73903338,
        63.42798141,  -5.94729076,   2.44885879,  62.17139841,
         9.12368069,  12.90894583])
						array([0.0362878 , 0.00861153, 0.03577282, 0.01539895, 0.00825683,
       0.02822481, 0.04200346, 0.00156843, 0.01449439, 0.0300657 ])

 8298.5457042			array([ -0.7449519 , -12.48540927,  -2.67133749,  10.71656404,
        63.40381971,  -5.97977589,   2.43129116,  62.17021203,
         9.11855197,  13.00646232])
						array([0.08026111, 0.01904693, 0.07912209, 0.0340593 , 0.01826239,
       0.06242746, 0.09290299, 0.00346904, 0.0320586 , 0.06649911])

 8298.61355162			array([ -0.78682279, -12.4840532 ,  -2.59040815,  10.68149942,
        63.43272601,  -5.97410687,   2.34771534,  62.17040847,
         9.12952155,  12.87563214])
						array([0.11936513, 0.02832679, 0.11767116, 0.05065333, 0.02716001,
       0.09284274, 0.13816626, 0.0051592 , 0.04767786, 0.09889814])

 8298.51653447			array([ -0.77968733, -12.49330653,  -2.56855768,  10.68211086,
        63.41692124,  -6.00748299,   2.28457323,  62.17150399,
         9.12739067,  12.85758046])
						array([0.0362878 , 0.00861153, 0.03577282, 0.01539895, 0.00825683,
       0.02822481, 0.04200346, 0.00156843, 0.01449439, 0.0300657 ])

 8299.09612751			array([ -0.81963391, -12.49691211,  -2.55075837,  10.70367107,
        63.41197972,  -6.00476417,   2.37215728,  62.17269911,
         9.12157152,  12.87321845])
						array([0.0362878 , 0.00861153, 0.03577282, 0.01539895, 0.00825683,
       0.02822481, 0.04200346, 0.00156843, 0.01449439, 0.0300657 ])

 8298.95976457			array([ -0.84689068, -12.49142509,  -2.57391136,  10.68989668,
        63.41084117,  -5.98314407,   2.35397635,  62.17234627,
         9.13857968,  12.95911708])
						array([0.04425341, 0.01050187, 0.04362539, 0.01877921, 0.0100693 ,
       0.0344205 , 0.05122374, 0.00191272, 0.01767608, 0.03666548])

 8297.23550042			array([ -0.81557543, -12.49412901,  -2.54166609,  10.73415233,
        63.39158528,  -5.92317216,   2.39285547,  62.17352069,
         9.14270874,  12.87421224])
						array([0.08026111, 0.01904693, 0.07912209, 0.0340593 , 0.01826239,
       0.06242746, 0.09290299, 0.00346904, 0.0320586 , 0.06649911])

 8293.2202079			array([ -0.73105584, -12.52854059,  -2.62284973,  10.78140661,
        63.35794643,  -6.0029231 ,   2.36504888,  62.17086743,
         9.14345828,  12.79450066])
						array([0.09787941, 0.02322797, 0.09649035, 0.04153573, 0.02227121,
       0.07613105, 0.11329633, 0.00423054, 0.03909585, 0.08109648])

 8293.45950937			array([ -0.78790342, -12.53869074,  -2.62947006,  10.76029342,
        63.35455775,  -6.03204238,   2.36716769,  62.17055577,
         9.14574841,  12.79138008])
						array([0.02975599, 0.00706146, 0.02933371, 0.01262714, 0.0067706 ,
       0.02314435, 0.03444284, 0.00128611, 0.0118854 , 0.02465387])

 8293.3151041			array([ -0.78898653, -12.53881009,  -2.65661978,  10.75267804,
        63.35983848,  -5.98524947,   2.37126517,  62.1708579 ,
         9.13384798,  12.79259005])
						array([0.02000793, 0.00474812, 0.01972399, 0.00849049, 0.00455255,
       0.01556226, 0.02315937, 0.00086478, 0.00799174, 0.01657726])

 8293.08596521			array([ -0.78171688, -12.54665041,  -2.65247915,  10.74647417,
        63.3546555 ,  -6.01131454,   2.39477778,  62.17031229,
         9.13099141,  12.81393166])
						array([0.02439991, 0.0057904 , 0.02405364, 0.01035425, 0.00555189,
       0.01897836, 0.02824313, 0.00105461, 0.00974603, 0.02021617])

 8293.24755435			array([ -0.77401256, -12.53664047,  -2.63639887,  10.74063871,
        63.3617489 ,  -6.02103617,   2.38789721,  62.16849632,
         9.13074583,  12.80431897])
						array([0.0362878 , 0.00861153, 0.03577282, 0.01539895, 0.00825683,
       0.02822481, 0.04200346, 0.00156843, 0.01449439, 0.0300657 ])

 8292.3407171			array([ -0.82967387, -12.54845377,  -2.62621031,  10.73110303,
        63.34800357,  -6.01785713,   2.38961794,  62.1694599 ,
         9.14459009,  12.8506097 ])
						array([0.08026111, 0.01904693, 0.07912209, 0.0340593 , 0.01826239,
       0.06242746, 0.09290299, 0.00346904, 0.0320586 , 0.06649911])

 8292.32488783			array([ -0.78765959, -12.55612084,  -2.60525916,  10.7343822 ,
        63.35047505,  -5.98922369,   2.38506106,  62.17220493,
         9.14466668,  12.85843354])
						array([0.02439991, 0.0057904 , 0.02405364, 0.01035425, 0.00555189,
       0.01897836, 0.02824313, 0.00105461, 0.00974603, 0.02021617])

 8290.97856228			array([ -0.77561927, -12.55350508,  -2.59903247,  10.73675482,
        63.34247532,  -5.99282456,   2.33789248,  62.17287841,
         9.14253531,  12.87414667])
						array([0.02000793, 0.00474812, 0.01972399, 0.00849049, 0.00455255,
       0.01556226, 0.02315937, 0.00086478, 0.00799174, 0.01657726])

 8290.91934236			array([ -0.79714749, -12.54797659,  -2.58829125,  10.73771674,
        63.33800985,  -5.97699969,   2.3685382 ,  62.17208883,
         9.14160126,  12.86456668])
						array([0.02439991, 0.0057904 , 0.02405364, 0.01035425, 0.00555189,
       0.01897836, 0.02824313, 0.00105461, 0.00974603, 0.02021617])

 8291.41530049			array([ -0.76108189, -12.54649531,  -2.59397005,  10.76099385,
        63.34917634,  -5.98172364,   2.42222369,  62.16600669,
         9.16911913,  12.89528536])
						array([0.0362878 , 0.00861153, 0.03577282, 0.01539895, 0.00825683,
       0.02822481, 0.04200346, 0.00156843, 0.01449439, 0.0300657 ])

 8290.9662373			array([ -0.80108519, -12.53916126,  -2.61120416,  10.74704517,
        63.35883587,  -5.98844496,   2.38074602,  62.16549522,
         9.1592169 ,  12.8637647 ])
						array([0.0362878 , 0.00861153, 0.03577282, 0.01539895, 0.00825683,
       0.02822481, 0.04200346, 0.00156843, 0.01449439, 0.0300657 ])

 8290.23351903			array([ -0.77017657, -12.54335931,  -2.63211648,  10.73333577,
        63.33783629,  -5.9924058 ,   2.43455699,  62.16637204,
         9.14797152,  12.91076037])
						array([0.04425341, 0.01050187, 0.04362539, 0.01877921, 0.0100693 ,
       0.0344205 , 0.05122374, 0.00191272, 0.01767608, 0.03666548])

 8289.63764902			array([ -0.74375217, -12.53812522,  -2.67562422,  10.73547356,
        63.35464415,  -5.93771428,   2.35876559,  62.16347455,
         9.12442215,  12.90038588])
						array([0.08026111, 0.01904693, 0.07912209, 0.0340593 , 0.01826239,
       0.06242746, 0.09290299, 0.00346904, 0.0320586 , 0.06649911])

 8288.35994963			array([ -0.73344978, -12.52235265,  -2.69314284,  10.76513637,
        63.33586654,  -6.02358115,   2.37750475,  62.16439899,
         9.15267178,  12.92110423])
						array([0.04425341, 0.01050187, 0.04362539, 0.01877921, 0.0100693 ,
       0.0344205 , 0.05122374, 0.00191272, 0.01767608, 0.03666548])

 8286.73500874			array([ -0.72430809, -12.50935297,  -2.68088823,  10.75706524,
        63.32443776,  -6.05135006,   2.31415632,  62.16411866,
         9.19387344,  12.88001779])
						array([0.0362878 , 0.00861153, 0.03577282, 0.01539895, 0.00825683,
       0.02822481, 0.04200346, 0.00156843, 0.01449439, 0.0300657 ])

 8286.59334512			array([ -0.77895901, -12.51952314,  -2.64870534,  10.74448382,
        63.32217124,  -6.04885187,   2.32138303,  62.16517986,
         9.20482364,  12.88813936])
						array([0.04425341, 0.01050187, 0.04362539, 0.01877921, 0.0100693 ,
       0.0344205 , 0.05122374, 0.00191272, 0.01767608, 0.03666548])

 8286.73536579			array([ -0.68714172, -12.54899128,  -2.66606733,  10.79439922,
        63.28302031,  -6.06257445,   2.29280249,  62.16278654,
         9.18298411,  12.88323367])
						array([0.09787941, 0.02322797, 0.09649035, 0.04153573, 0.02227121,
       0.07613105, 0.11329633, 0.00423054, 0.03909585, 0.08109648])

 8285.91758962			array([ -0.64009318, -12.55411611,  -2.64817547,  10.77491154,
        63.25825248,  -6.03697417,   2.29373993,  62.16241245,
         9.2355914 ,  12.92178054])
						array([0.14556723, 0.03454487, 0.14350141, 0.06177235, 0.03312197,
       0.11322286, 0.16849544, 0.0062917 , 0.05814374, 0.12060749])

 8284.03762848			array([ -0.65177166, -12.52412761,  -2.67538897,  10.7163664 ,
        63.24677366,  -6.05341936,   2.25173386,  62.16170376,
         9.22955017,  12.86815227])
						array([0.06581411, 0.01561849, 0.06488011, 0.02792862, 0.01497516,
       0.05119052, 0.07618045, 0.00284462, 0.02628805, 0.05452927])

 8282.33591033			array([ -0.6390413 , -12.51109358,  -2.6728464 ,  10.71427533,
        63.21804231,  -6.05257967,   2.39021514,  62.16587973,
         9.21859015,  12.85151471])
						array([0.05396757, 0.01280716, 0.05320169, 0.02290147, 0.01227963,
       0.04197622, 0.06246797, 0.00233258, 0.0215562 , 0.044714  ])

 8281.84013862			array([ -0.6636593 , -12.51334637,  -2.65078188,  10.72917112,
        63.21012847,  -6.06830264,   2.39886554,  62.16748223,
         9.22470766,  12.87541471])
						array([0.02000793, 0.00474812, 0.01972399, 0.00849049, 0.00455255,
       0.01556226, 0.02315937, 0.00086478, 0.00799174, 0.01657726])

 8281.54022708			array([ -0.65286357, -12.50856793,  -2.64359729,  10.73170574,
        63.2085612 ,  -6.06048498,   2.4036734 ,  62.16630296,
         9.2167091 ,  12.8723819 ])
						array([0.0164065 , 0.00389346, 0.01617367, 0.0069622 , 0.00373309,
       0.01276105, 0.01899068, 0.00070912, 0.00655323, 0.01359336])

 8281.57382525			array([ -0.6602209 , -12.50703906,  -2.60367672,  10.72780681,
        63.2053179 ,  -6.06828589,   2.39493704,  62.16715166,
         9.20893121,  12.88692779])
						array([0.02000793, 0.00474812, 0.01972399, 0.00849049, 0.00455255,
       0.01556226, 0.02315937, 0.00086478, 0.00799174, 0.01657726])

 8281.00933169			array([ -0.68563173, -12.5135442 ,  -2.59599342,  10.71991006,
        63.19915335,  -6.06532485,   2.40439679,  62.16628829,
         9.22164216,  12.86451979])
						array([0.02439991, 0.0057904 , 0.02405364, 0.01035425, 0.00555189,
       0.01897836, 0.02824313, 0.00105461, 0.00974603, 0.02021617])

 8281.32936894			array([ -0.69109425, -12.51605536,  -2.65731827,  10.71683073,
        63.19719431,  -6.10140352,   2.39690216,  62.16435822,
         9.23431216,  12.86942693])
						array([0.02975599, 0.00706146, 0.02933371, 0.01262714, 0.0067706 ,
       0.02314435, 0.03444284, 0.00128611, 0.0118854 , 0.02465387])

 8280.37806319			array([ -0.71320021, -12.51543392,  -2.62672064,  10.69982959,
        63.1912967 ,  -6.04185563,   2.45522612,  62.16291252,
         9.22840589,  12.93839812])
						array([0.04425341, 0.01050187, 0.04362539, 0.01877921, 0.0100693 ,
       0.0344205 , 0.05122374, 0.00191272, 0.01767608, 0.03666548])

 8277.94474863			array([ -0.72651461, -12.50949291,  -2.55538072,  10.69862642,
        63.18920338,  -5.9913185 ,   2.38665598,  62.16228598,
         9.23360405,  12.87581192])
						array([0.08026111, 0.01904693, 0.07912209, 0.0340593 , 0.01826239,
       0.06242746, 0.09290299, 0.00346904, 0.0320586 , 0.06649911])

 8276.48883064			array([ -0.74654607, -12.4551275 ,  -2.53432302,  10.69658086,
        63.17909021,  -5.9104834 ,   2.34850259,  62.15835716,
         9.24595734,  12.86978257])
						array([0.06581411, 0.01561849, 0.06488011, 0.02792862, 0.01497516,
       0.05119052, 0.07618045, 0.00284462, 0.02628805, 0.05452927])

 8276.15238594			array([ -0.77609128, -12.44685138,  -2.54983048,  10.71363568,
        63.18818621,  -5.91294107,   2.3418337 ,  62.15840369,
         9.23855527,  12.86645195])
						array([0.0362878 , 0.00861153, 0.03577282, 0.01539895, 0.00825683,
       0.02822481, 0.04200346, 0.00156843, 0.01449439, 0.0300657 ])

 8276.02072834			array([ -0.69765136, -12.43847383,  -2.57289579,  10.71373989,
        63.18023474,  -5.92015198,   2.34200376,  62.15998668,
         9.24604105,  12.84464731])
						array([0.0362878 , 0.00861153, 0.03577282, 0.01539895, 0.00825683,
       0.02822481, 0.04200346, 0.00156843, 0.01449439, 0.0300657 ])

 8276.46256642			array([ -0.69579196, -12.44367954,  -2.56044834,  10.72767668,
        63.17874072,  -5.93575818,   2.32051254,  62.16148918,
         9.25276447,  12.85391944])
						array([0.02975599, 0.00706146, 0.02933371, 0.01262714, 0.0067706 ,
       0.02314435, 0.03444284, 0.00128611, 0.0118854 , 0.02465387])

 8276.3232917			array([ -0.70473571, -12.44574006,  -2.54587391,  10.72825796,
        63.16881361,  -5.89350704,   2.33715691,  62.16077038,
         9.23949785,  12.88336964])
						array([0.0362878 , 0.00861153, 0.03577282, 0.01539895, 0.00825683,
       0.02822481, 0.04200346, 0.00156843, 0.01449439, 0.0300657 ])

 8273.23154218			array([ -0.78102723, -12.44065337,  -2.6280175 ,  10.70748613,
        63.17262704,  -5.9017281 ,   2.30662575,  62.15780331,
         9.2087628 ,  12.86015563])
						array([0.06581411, 0.01561849, 0.06488011, 0.02792862, 0.01497516,
       0.05119052, 0.07618045, 0.00284462, 0.02628805, 0.05452927])

 8273.32713776			array([ -0.79881729, -12.4357628 ,  -2.62275447,  10.73810575,
        63.16974662,  -5.92931722,   2.32650851,  62.15843075,
         9.2252283 ,  12.83828917])
						array([0.02975599, 0.00706146, 0.02933371, 0.01262714, 0.0067706 ,
       0.02314435, 0.03444284, 0.00128611, 0.0118854 , 0.02465387])

 8273.34275752			array([ -0.75723135, -12.43716827,  -2.62023736,  10.7270944 ,
        63.17352319,  -5.9338235 ,   2.36376722,  62.1583867 ,
         9.23050047,  12.83995634])
						array([0.02439991, 0.0057904 , 0.02405364, 0.01035425, 0.00555189,
       0.01897836, 0.02824313, 0.00105461, 0.00974603, 0.02021617])

 8272.58213808			array([ -0.73216636, -12.44161599,  -2.62152776,  10.72356128,
        63.17041203,  -5.94660639,   2.36776747,  62.15701646,
         9.22380149,  12.85393692])
						array([0.02975599, 0.00706146, 0.02933371, 0.01262714, 0.0067706 ,
       0.02314435, 0.03444284, 0.00128611, 0.0118854 , 0.02465387])

 8272.8941636			array([ -0.71468609, -12.45866755,  -2.63757804,  10.7418592 ,
        63.16272686,  -5.97206288,   2.37708597,  62.15735123,
         9.24124093,  12.84740794])
						array([0.0362878 , 0.00861153, 0.03577282, 0.01539895, 0.00825683,
       0.02822481, 0.04200346, 0.00156843, 0.01449439, 0.0300657 ])

 8271.52564893			array([ -0.75519868, -12.46379718,  -2.66979151,  10.73347357,
        63.15374806,  -5.97910877,   2.3513484 ,  62.15957121,
         9.22877905,  12.90615509])
						array([0.06581411, 0.01561849, 0.06488011, 0.02792862, 0.01497516,
       0.05119052, 0.07618045, 0.00284462, 0.02628805, 0.05452927])

 8272.39789592			array([ -0.7535284 , -12.44905867,  -2.72327473,  10.76076125,
        63.14841851,  -5.99426014,   2.3875692 ,  62.15697386,
         9.20756893,  12.9337109 ])
						array([0.0362878 , 0.00861153, 0.03577282, 0.01539895, 0.00825683,
       0.02822481, 0.04200346, 0.00156843, 0.01449439, 0.0300657 ])

 8272.35505529			array([ -0.71759152, -12.44001657,  -2.73283619,  10.73641865,
        63.14169618,  -6.03684902,   2.34586025,  62.15750086,
         9.19757507,  12.92656898])
						array([0.02975599, 0.00706146, 0.02933371, 0.01262714, 0.0067706 ,
       0.02314435, 0.03444284, 0.00128611, 0.0118854 , 0.02465387])

 8271.74598052			array([ -0.76757341, -12.4433173 ,  -2.73905383,  10.72980876,
        63.13768317,  -6.05154824,   2.36214721,  62.15415367,
         9.17752268,  12.90012222])
						array([0.0362878 , 0.00861153, 0.03577282, 0.01539895, 0.00825683,
       0.02822481, 0.04200346, 0.00156843, 0.01449439, 0.0300657 ])

 8271.41273921			array([ -0.7558037 , -12.45605375,  -2.70729449,  10.7419361 ,
        63.14286498,  -6.03034971,   2.36846041,  62.15588576,
         9.18452923,  12.92845657])
						array([0.04425341, 0.01050187, 0.04362539, 0.01877921, 0.0100693 ,
       0.0344205 , 0.05122374, 0.00191272, 0.01767608, 0.03666548])

 8270.65330636			array([ -0.84380423, -12.47605334,  -2.66085067,  10.72513484,
        63.11390879,  -6.03296113,   2.31948665,  62.15564055,
         9.17735672,  12.93906051])
						array([0.05396757, 0.01280716, 0.05320169, 0.02290147, 0.01227963,
       0.04197622, 0.06246797, 0.00233258, 0.0215562 , 0.044714  ])

 8270.91959399			array([ -0.77780218, -12.48728904,  -2.65880874,  10.72600106,
        63.13758008,  -6.03480686,   2.33302541,  62.1528448 ,
         9.18227073,  12.95736509])
						array([0.05396757, 0.01280716, 0.05320169, 0.02290147, 0.01227963,
       0.04197622, 0.06246797, 0.00233258, 0.0215562 , 0.044714  ])

 8270.21132007			array([ -0.75007277, -12.48585122,  -2.67962989,  10.72147148,
        63.13983783,  -6.02595883,   2.3529521 ,  62.15261121,
         9.17218308,  12.91650233])
						array([0.02000793, 0.00474812, 0.01972399, 0.00849049, 0.00455255,
       0.01556226, 0.02315937, 0.00086478, 0.00799174, 0.01657726])

 8269.49028436			array([ -0.7511286 , -12.48684855,  -2.64802092,  10.71988473,
        63.13742316,  -6.0076144 ,   2.35382412,  62.15217103,
         9.17870904,  12.91357314])
						array([0.02000793, 0.00474812, 0.01972399, 0.00849049, 0.00455255,
       0.01556226, 0.02315937, 0.00086478, 0.00799174, 0.01657726])

 8269.20802801			array([ -0.76659026, -12.48061965,  -2.65709531,  10.71221603,
        63.14044038,  -5.99456745,   2.32314496,  62.15156507,
         9.18658637,  12.91249257])
						array([0.02439991, 0.0057904 , 0.02405364, 0.01035425, 0.00555189,
       0.01897836, 0.02824313, 0.00105461, 0.00974603, 0.02021617])

 8269.42274719			array([ -0.78587946, -12.48406783,  -2.63734168,  10.70662545,
        63.13697211,  -5.98499396,   2.33502709,  62.15215867,
         9.18550237,  12.92440132])
						array([0.02975599, 0.00706146, 0.02933371, 0.01262714, 0.0067706 ,
       0.02314435, 0.03444284, 0.00128611, 0.0118854 , 0.02465387])

 8268.53886178			array([ -0.7460916 , -12.47836585,  -2.59730653,  10.70833233,
        63.13219864,  -5.97196782,   2.30391162,  62.14776584,
         9.1832593 ,  12.8968893 ])
						array([0.02439991, 0.0057904 , 0.02405364, 0.01035425, 0.00555189,
       0.01897836, 0.02824313, 0.00105461, 0.00974603, 0.02021617])

 8268.65689749			array([ -0.76325269, -12.48207282,  -2.59556924,  10.72444377,
        63.13440911,  -5.96147532,   2.29929051,  62.14682531,
         9.1858418 ,  12.88718103])
						array([0.02000793, 0.00474812, 0.01972399, 0.00849049, 0.00455255,
       0.01556226, 0.02315937, 0.00086478, 0.00799174, 0.01657726])

 8269.30561589			array([ -0.74811976, -12.48769981,  -2.60633568,  10.73681309,
        63.13255081,  -5.97121573,   2.25961128,  62.14622216,
         9.19309889,  12.91757859])
						array([0.02439991, 0.0057904 , 0.02405364, 0.01035425, 0.00555189,
       0.01897836, 0.02824313, 0.00105461, 0.00974603, 0.02021617])

 8269.14369836			array([ -0.74848995, -12.48798936,  -2.62263146,  10.73577425,
        63.13280848,  -5.94700971,   2.26270549,  62.14638342,
         9.1947538 ,  12.92041939])
						array([0.01103173, 0.00261796, 0.01087517, 0.00468138, 0.00251013,
       0.00858053, 0.01276933, 0.00047681, 0.00440639, 0.00914017])

 8268.79262338			array([ -0.74867574, -12.48557686,  -2.64031666,  10.73999391,
        63.13284977,  -5.93361343,   2.27442885,  62.14650938,
         9.20296463,  12.91105735])
						array([0.01103173, 0.00261796, 0.01087517, 0.00468138, 0.00251013,
       0.00858053, 0.01276933, 0.00047681, 0.00440639, 0.00914017])

 8269.07070146			array([ -0.73310941, -12.48464995,  -2.64596324,  10.74504706,
        63.13453133,  -5.93276215,   2.2716262 ,  62.14618317,
         9.20358991,  12.91755046])
						array([0.01345333, 0.00319264, 0.01326241, 0.005709  , 0.00306113,
       0.01046406, 0.01557236, 0.00058148, 0.00537365, 0.01114655])

 8267.52527217			array([ -0.74378298, -12.47828648,  -2.64732489,  10.74608018,
        63.12816336,  -5.96133732,   2.30127861,  62.14526837,
         9.20274156,  12.91955486])
						array([0.02000793, 0.00474812, 0.01972399, 0.00849049, 0.00455255,
       0.01556226, 0.02315937, 0.00086478, 0.00799174, 0.01657726])

 8267.94321644			array([ -0.75242689, -12.47538372,  -2.68044181,  10.74877415,
        63.13273988,  -5.92336385,   2.31850889,  62.14452648,
         9.21149519,  12.90564744])
						array([0.02439991, 0.0057904 , 0.02405364, 0.01035425, 0.00555189,
       0.01897836, 0.02824313, 0.00105461, 0.00974603, 0.02021617])

 8268.16840828			array([ -0.73357435, -12.47162356,  -2.70099995,  10.75132556,
        63.13682162,  -5.92569301,   2.3304198 ,  62.1429704 ,
         9.21121139,  12.89740627])
						array([0.02975599, 0.00706146, 0.02933371, 0.01262714, 0.0067706 ,
       0.02314435, 0.03444284, 0.00128611, 0.0118854 , 0.02465387])

 8267.7297937			array([ -0.7383442 , -12.46968129,  -2.67844233,  10.75529119,
        63.13462258,  -5.9338647 ,   2.31541055,  62.14322728,
         9.2141582 ,  12.90298712])
						array([0.00904602, 0.00214673, 0.00891764, 0.00383873, 0.00205831,
       0.00703604, 0.01047085, 0.00039099, 0.00361324, 0.00749494])

 8268.09950242			array([ -0.73650203, -12.46974253,  -2.68609949,  10.75733186,
        63.13629747,  -5.92744306,   2.32182487,  62.1435472 ,
         9.21498084,  12.90514667])
						array([0.00904602, 0.00214673, 0.00891764, 0.00383873, 0.00205831,
       0.00703604, 0.01047085, 0.00039099, 0.00361324, 0.00749494])

 8268.08337032			array([ -0.72975242, -12.47089739,  -2.67214465,  10.75463207,
        63.13745713,  -5.9303808 ,   2.31211698,  62.14361775,
         9.21035212,  12.90773911])
						array([0.01103173, 0.00261796, 0.01087517, 0.00468138, 0.00251013,
       0.00858053, 0.01276933, 0.00047681, 0.00440639, 0.00914017])

 8268.35793249			array([ -0.72365991, -12.46826762,  -2.67236163,  10.75698016,
        63.13785926,  -5.93281411,   2.28121018,  62.14266206,
         9.21055152,  12.89270467])
						array([0.01345333, 0.00319264, 0.01326241, 0.005709  , 0.00306113,
       0.01046406, 0.01557236, 0.00058148, 0.00537365, 0.01114655])

 8268.11772696			array([ -0.72500267, -12.47358027,  -2.67758038,  10.76582099,
        63.13098899,  -5.93      ,   2.28894992,  62.14278777,
         9.21385436,  12.89783894])
						array([0.0164065 , 0.00389346, 0.01617367, 0.0069622 , 0.00373309,
       0.01276105, 0.01899068, 0.00070912, 0.00655323, 0.01359336])

 8268.25203896			array([ -0.7471802 , -12.47759933,  -2.71514083,  10.77624273,
        63.12894796,  -5.93260272,   2.32625038,  62.14234869,
         9.21168585,  12.87344297])
						array([0.0362878 , 0.00861153, 0.03577282, 0.01539895, 0.00825683,
       0.02822481, 0.04200346, 0.00156843, 0.01449439, 0.0300657 ])

 8268.22572612			array([ -0.78691935, -12.46781276,  -2.73825537,  10.78493603,
        63.1079025 ,  -5.95388104,   2.36799739,  62.14180056,
         9.23239307,  12.84492067])
						array([0.04425341, 0.01050187, 0.04362539, 0.01877921, 0.0100693 ,
       0.0344205 , 0.05122374, 0.00191272, 0.01767608, 0.03666548])

 8266.90430888			array([ -0.78320225, -12.46104605,  -2.75374231,  10.75057599,
        63.10657042,  -5.95387137,   2.35698645,  62.14032131,
         9.21744403,  12.90485144])
						array([0.05396757, 0.01280716, 0.05320169, 0.02290147, 0.01227963,
       0.04197622, 0.06246797, 0.00233258, 0.0215562 , 0.044714  ])

 8265.29592104			array([ -0.74090281, -12.45258589,  -2.74182407,  10.76602629,
        63.09119601,  -5.95597278,   2.34221239,  62.14100829,
         9.19590367,  12.90329622])
						array([0.04425341, 0.01050187, 0.04362539, 0.01877921, 0.0100693 ,
       0.0344205 , 0.05122374, 0.00191272, 0.01767608, 0.03666548])

 8265.00683851			array([ -0.6874579 , -12.44053347,  -2.71051133,  10.74820403,
        63.08140947,  -5.94298894,   2.30722926,  62.14386104,
         9.16843744,  12.89890207])
						array([0.04425341, 0.01050187, 0.04362539, 0.01877921, 0.0100693 ,
       0.0344205 , 0.05122374, 0.00191272, 0.01767608, 0.03666548])

 8264.64720026			array([ -0.70402491, -12.43893894,  -2.68729633,  10.75477319,
        63.0847737 ,  -5.93825393,   2.3514256 ,  62.14356539,
         9.15601586,  12.87625442])
						array([0.05396757, 0.01280716, 0.05320169, 0.02290147, 0.01227963,
       0.04197622, 0.06246797, 0.00233258, 0.0215562 , 0.044714  ])

 8262.16045793			array([ -0.76828324, -12.4354744 ,  -2.74413404,  10.73405007,
        63.07107385,  -5.90784529,   2.32690164,  62.1296638 ,
         9.19064096,  12.92586135])
						array([0.11936513, 0.02832679, 0.11767116, 0.05065333, 0.02716001,
       0.09284274, 0.13816626, 0.0051592 , 0.04767786, 0.09889814])

 8259.73483566			array([ -0.70300771, -12.43518132,  -2.66994142,  10.71049777,
        63.04547833,  -5.91572463,   2.26298674,  62.12574876,
         9.18870197,  12.95682617])
						array([0.05396757, 0.01280716, 0.05320169, 0.02290147, 0.01227963,
       0.04197622, 0.06246797, 0.00233258, 0.0215562 , 0.044714  ])

 8260.2751463			array([ -0.71459631, -12.43008727,  -2.70569363,  10.70297023,
        63.04934537,  -5.88158829,   2.24801625,  62.12156203,
         9.18645962,  12.92446332])
						array([0.04425341, 0.01050187, 0.04362539, 0.01877921, 0.0100693 ,
       0.0344205 , 0.05122374, 0.00191272, 0.01767608, 0.03666548])

 8258.96836284			array([ -0.7443161 , -12.42874798,  -2.71897205,  10.71359213,
        63.0555948 ,  -5.93129413,   2.2762299 ,  62.11852433,
         9.18968298,  12.95919529])
						array([0.05396757, 0.01280716, 0.05320169, 0.02290147, 0.01227963,
       0.04197622, 0.06246797, 0.00233258, 0.0215562 , 0.044714  ])

 8259.27939874			array([ -0.73192562, -12.41946908,  -2.62428067,  10.74975316,
        63.03322892,  -5.89501618,   2.22023099,  62.11992914,
         9.24354048,  12.91279615])
						array([0.04425341, 0.01050187, 0.04362539, 0.01877921, 0.0100693 ,
       0.0344205 , 0.05122374, 0.00191272, 0.01767608, 0.03666548])

 8258.31366416			array([ -0.7783757 , -12.4291256 ,  -2.61194858,  10.77607828,
        63.02731085,  -5.95014411,   2.29665791,  62.12217505,
         9.27783111,  12.95445719])
						array([0.04425341, 0.01050187, 0.04362539, 0.01877921, 0.0100693 ,
       0.0344205 , 0.05122374, 0.00191272, 0.01767608, 0.03666548])

 8257.58202837			array([ -0.73394869, -12.424975  ,  -2.61711657,  10.75970172,
        63.01227   ,  -5.91856235,   2.29365929,  62.12240423,
         9.3093146 ,  12.89959401])
						array([0.05396757, 0.01280716, 0.05320169, 0.02290147, 0.01227963,
       0.04197622, 0.06246797, 0.00233258, 0.0215562 , 0.044714  ])

 8257.18516365			array([ -0.71247554, -12.42724424,  -2.66643681,  10.74672273,
        63.01481329,  -5.95879976,   2.31194542,  62.12339182,
         9.30905773,  12.90774188])
						array([0.06581411, 0.01561849, 0.06488011, 0.02792862, 0.01497516,
       0.05119052, 0.07618045, 0.00284462, 0.02628805, 0.05452927])

 8256.85513101			array([ -0.6971293 , -12.43230391,  -2.66372046,  10.74823511,
        63.01387727,  -5.9693796 ,   2.31025368,  62.1227892 ,
         9.30001663,  12.90201024])
						array([0.00904602, 0.00214673, 0.00891764, 0.00383873, 0.00205831,
       0.00703604, 0.01047085, 0.00039099, 0.00361324, 0.00749494])

 8256.77870023			array([ -0.70510792, -12.43353786,  -2.65843778,  10.75316622,
        63.01362986,  -5.97260429,   2.31115926,  62.12291824,
         9.30074381,  12.90534621])
						array([0.00741774, 0.00176032, 0.00731247, 0.00314776, 0.00168781,
       0.00576955, 0.0085861 , 0.00032061, 0.00296286, 0.00614585])

 8256.76835768			array([ -0.69945052, -12.43247628,  -2.66326969,  10.7465361 ,
        63.01000261,  -5.97515766,   2.30855313,  62.12306538,
         9.30371582,  12.91877872])
						array([0.00904602, 0.00214673, 0.00891764, 0.00383873, 0.00205831,
       0.00703604, 0.01047085, 0.00039099, 0.00361324, 0.00749494])

 8256.19019272			array([ -0.69888939, -12.43201501,  -2.65818521,  10.75050384,
        63.00500316,  -5.97284884,   2.30343371,  62.1232848 ,
         9.29975817,  12.91254917])
						array([0.0164065 , 0.00389346, 0.01617367, 0.0069622 , 0.00373309,
       0.01276105, 0.01899068, 0.00070912, 0.00655323, 0.01359336])

 8255.6892005			array([ -0.71950128, -12.43367612,  -2.66161542,  10.75713207,
        62.99932101,  -5.98742456,   2.28882723,  62.12363813,
         9.30043565,  12.90760205])
						array([0.01345333, 0.00319264, 0.01326241, 0.005709  , 0.00306113,
       0.01046406, 0.01557236, 0.00058148, 0.00537365, 0.01114655])

 8255.43759421			array([ -0.71472116, -12.43614796,  -2.67580488,  10.75291192,
        62.99826026,  -5.99364949,   2.29188646,  62.12299343,
         9.29771829,  12.90598428])
						array([0.00904602, 0.00214673, 0.00891764, 0.00383873, 0.00205831,
       0.00703604, 0.01047085, 0.00039099, 0.00361324, 0.00749494])

 8255.28608113			array([ -0.71594539, -12.43574419,  -2.68049565,  10.75420937,
        62.99653997,  -5.99106923,   2.29904474,  62.1233742 ,
         9.29772882,  12.91215444])
						array([0.01103173, 0.00261796, 0.01087517, 0.00468138, 0.00251013,
       0.00858053, 0.01276933, 0.00047681, 0.00440639, 0.00914017])

 8254.20217392			array([ -0.71412209, -12.42832274,  -2.688983  ,  10.73759671,
        62.98535157,  -5.96878229,   2.3325208 ,  62.12148202,
         9.31046106,  12.93046785])
						array([0.02975599, 0.00706146, 0.02933371, 0.01262714, 0.0067706 ,
       0.02314435, 0.03444284, 0.00128611, 0.0118854 , 0.02465387])

 8253.20852998			array([ -0.74537851, -12.42545852,  -2.71033416,  10.73739029,
        62.9787849 ,  -5.96324345,   2.33183915,  62.12123121,
         9.30615886,  12.92159815])
						array([0.0362878 , 0.00861153, 0.03577282, 0.01539895, 0.00825683,
       0.02822481, 0.04200346, 0.00156843, 0.01449439, 0.0300657 ])

 8252.91246991			array([ -0.78812905, -12.41149991,  -2.74568346,  10.76898071,
        62.9549062 ,  -6.02180352,   2.30778905,  62.1179134 ,
         9.31353374,  12.94239353])
						array([0.06581411, 0.01561849, 0.06488011, 0.02792862, 0.01497516,
       0.05119052, 0.07618045, 0.00284462, 0.02628805, 0.05452927])

 8252.01009274			array([ -0.78480356, -12.42721485,  -2.72577211,  10.76742496,
        62.94539176,  -6.00969173,   2.27209652,  62.11687114,
         9.30278423,  12.98701777])
						array([0.02439991, 0.0057904 , 0.02405364, 0.01035425, 0.00555189,
       0.01897836, 0.02824313, 0.00105461, 0.00974603, 0.02021617])

 8251.94519256			array([ -0.77923147, -12.429856  ,  -2.72963217,  10.75491519,
        62.93639181,  -5.98520319,   2.230993  ,  62.11801456,
         9.31035853,  12.97715478])
						array([0.02975599, 0.00706146, 0.02933371, 0.01262714, 0.0067706 ,
       0.02314435, 0.03444284, 0.00128611, 0.0118854 , 0.02465387])

 8251.02223762			array([ -0.67913772, -12.43020996,  -2.71760406,  10.73335886,
        62.92218085,  -6.03539007,   2.27713138,  62.11892531,
         9.32390829,  12.98004882])
						array([0.05396757, 0.01280716, 0.05320169, 0.02290147, 0.01227963,
       0.04197622, 0.06246797, 0.00233258, 0.0215562 , 0.044714  ])

 8246.46624224			array([ -0.69670232, -12.43405884,  -2.64763309,  10.67211775,
        62.91336473,  -5.98572383,   2.25251755,  62.11775714,
         9.29712679,  12.94624472])
						array([0.09787941, 0.02322797, 0.09649035, 0.04153573, 0.02227121,
       0.07613105, 0.11329633, 0.00423054, 0.03909585, 0.08109648])

 8244.7218554			array([ -0.70793282, -12.44951881,  -2.57170373,  10.62170707,
        62.89772947,  -6.02000266,   2.26368126,  62.1123062 ,
         9.28096069,  12.87943415])
						array([0.08026111, 0.01904693, 0.07912209, 0.0340593 , 0.01826239,
       0.06242746, 0.09290299, 0.00346904, 0.0320586 , 0.06649911])

 8239.5550576			array([ -0.74316391, -12.44174363,  -2.56110859,  10.65416532,
        62.84588006,  -6.0325466 ,   2.35711507,  62.11313515,
         9.32228171,  12.99680631])
						array([0.08026111, 0.01904693, 0.07912209, 0.0340593 , 0.01826239,
       0.06242746, 0.09290299, 0.00346904, 0.0320586 , 0.06649911])

 8235.76717349			array([ -0.84432202, -12.46104774,  -2.63093655,  10.68297415,
        62.8441077 ,  -6.01656386,   2.29575925,  62.11213028,
         9.2816847 ,  12.97003295])
						array([0.09787941, 0.02322797, 0.09649035, 0.04153573, 0.02227121,
       0.07613105, 0.11329633, 0.00423054, 0.03909585, 0.08109648])

 8235.42742969			array([ -0.88172431, -12.46627656,  -2.61677454,  10.6834702 ,
        62.8348974 ,  -6.02050716,   2.3241429 ,  62.11166793,
         9.28131365,  12.95782121])
						array([0.02000793, 0.00474812, 0.01972399, 0.00849049, 0.00455255,
       0.01556226, 0.02315937, 0.00086478, 0.00799174, 0.01657726])

 8234.87076941			array([ -0.86697174, -12.46735002,  -2.59525914,  10.68900879,
        62.83354066,  -6.02729306,   2.34233611,  62.11209712,
         9.27905672,  12.95067988])
						array([0.02000793, 0.00474812, 0.01972399, 0.00849049, 0.00455255,
       0.01556226, 0.02315937, 0.00086478, 0.00799174, 0.01657726])

 8232.72854845			array([ -0.82226268, -12.47732661,  -2.62321334,  10.68796667,
        62.8321842 ,  -6.03173748,   2.35344418,  62.11392898,
         9.26961884,  12.9376581 ])
						array([0.02439991, 0.0057904 , 0.02405364, 0.01035425, 0.00555189,
       0.01897836, 0.02824313, 0.00105461, 0.00974603, 0.02021617])

 8231.00830914			array([ -0.81177299, -12.47155444,  -2.65759458,  10.66863623,
        62.81586806,  -6.07158829,   2.33167639,  62.11286972,
         9.28617616,  12.90547674])
						array([0.05396757, 0.01280716, 0.05320169, 0.02290147, 0.01227963,
       0.04197622, 0.06246797, 0.00233258, 0.0215562 , 0.044714  ])

 8229.62891985			array([ -0.74627372, -12.46705033,  -2.55917979,  10.69974653,
        62.81748812,  -5.97869966,   2.29963415,  62.11636233,
         9.24593637,  12.86583855])
						array([0.06581411, 0.01561849, 0.06488011, 0.02792862, 0.01497516,
       0.05119052, 0.07618045, 0.00284462, 0.02628805, 0.05452927])

 8228.85420792			array([ -0.80990689, -12.45617455,  -2.62076547,  10.72144611,
        62.80931806,  -6.01314749,   2.30653087,  62.11665235,
         9.26898895,  12.82084629])
						array([0.05396757, 0.01280716, 0.05320169, 0.02290147, 0.01227963,
       0.04197622, 0.06246797, 0.00233258, 0.0215562 , 0.044714  ])

 8228.04731473			array([ -0.73254661, -12.4387666 ,  -2.58265412,  10.72700483,
        62.80213498,  -6.04425283,   2.30642745,  62.11681132,
         9.26222734,  12.83601519])
						array([0.04425341, 0.01050187, 0.04362539, 0.01877921, 0.0100693 ,
       0.0344205 , 0.05122374, 0.00191272, 0.01767608, 0.03666548])

 8226.15494233			array([ -0.7238143 , -12.44334263,  -2.60934631,  10.73056483,
        62.79446756,  -6.03356877,   2.3497886 ,  62.11675507,
         9.27343967,  12.83998297])
						array([0.02000793, 0.00474812, 0.01972399, 0.00849049, 0.00455255,
       0.01556226, 0.02315937, 0.00086478, 0.00799174, 0.01657726])

 8225.51967548			array([ -0.71877279, -12.44337384,  -2.63301552,  10.7331168 ,
        62.79112726,  -6.04505101,   2.3350962 ,  62.11750002,
         9.25909003,  12.82938326])
						array([0.02000793, 0.00474812, 0.01972399, 0.00849049, 0.00455255,
       0.01556226, 0.02315937, 0.00086478, 0.00799174, 0.01657726])

 8224.85267446			array([ -0.70363498, -12.44308691,  -2.63445755,  10.74337803,
        62.78394399,  -6.05442502,   2.32854483,  62.11750364,
         9.26697431,  12.84276688])
						array([0.02439991, 0.0057904 , 0.02405364, 0.01035425, 0.00555189,
       0.01897836, 0.02824313, 0.00105461, 0.00974603, 0.02021617])

 8222.41130942			array([ -0.78680589, -12.42436436,  -2.6493522 ,  10.73973575,
        62.7738801 ,  -6.07374654,   2.37110504,  62.11908141,
         9.22068687,  12.89772229])
						array([0.09787941, 0.02322797, 0.09649035, 0.04153573, 0.02227121,
       0.07613105, 0.11329633, 0.00423054, 0.03909585, 0.08109648])

 8220.90714544			array([ -0.86247749, -12.46044156,  -2.56704898,  10.73726645,
        62.74719624,  -6.03728214,   2.29052786,  62.11971448,
         9.16856755,  12.95785104])
						array([0.06581411, 0.01561849, 0.06488011, 0.02792862, 0.01497516,
       0.05119052, 0.07618045, 0.00284462, 0.02628805, 0.05452927])

 8217.08466495			array([ -0.81431114, -12.46741545,  -2.53849409,  10.73361128,
        62.72979004,  -5.99209686,   2.25290105,  62.11541577,
         9.1969991 ,  12.97716206])
						array([0.08026111, 0.01904693, 0.07912209, 0.0340593 , 0.01826239,
       0.06242746, 0.09290299, 0.00346904, 0.0320586 , 0.06649911])

 8210.69761173			array([ -0.80980423, -12.42113476,  -2.64393764,  10.75900304,
        62.69935036,  -6.00226326,   2.18199755,  62.11372781,
         9.18668059,  12.94678209])
						array([0.11936513, 0.02832679, 0.11767116, 0.05065333, 0.02716001,
       0.09284274, 0.13816626, 0.0051592 , 0.04767786, 0.09889814])

 8209.55833949			array([ -0.89075642, -12.40679918,  -2.57123337,  10.68178358,
        62.68527082,  -5.96628198,   2.40777199,  62.11415367,
         9.22869875,  12.95117423])
						array([0.14556723, 0.03454487, 0.14350141, 0.06177235, 0.03312197,
       0.11322286, 0.16849544, 0.0062917 , 0.05814374, 0.12060749])

 8205.74694721			array([ -0.82494798, -12.40523597,  -2.57283248,  10.6831965 ,
        62.68081934,  -5.95040987,   2.33661012,  62.11429321,
         9.19964407,  12.98232319])
						array([0.06581411, 0.01561849, 0.06488011, 0.02792862, 0.01497516,
       0.05119052, 0.07618045, 0.00284462, 0.02628805, 0.05452927])

 8201.87108586			array([ -0.80468062, -12.40123926,  -2.5760208 ,  10.68301284,
        62.66608878,  -5.97009669,   2.3136381 ,  62.11398631,
         9.20688877,  12.96405767])
						array([0.0164065 , 0.00389346, 0.01617367, 0.0069622 , 0.00373309,
       0.01276105, 0.01899068, 0.00070912, 0.00655323, 0.01359336])

 8201.1656387			array([ -0.81601227, -12.40781499,  -2.56951979,  10.67656836,
        62.65677433,  -5.97754957,   2.28854308,  62.11281047,
         9.19072594,  12.98012632])
						array([0.0164065 , 0.00389346, 0.01617367, 0.0069622 , 0.00373309,
       0.01276105, 0.01899068, 0.00070912, 0.00655323, 0.01359336])

 8199.8909306			array([ -0.82962017, -12.41485103,  -2.58540843,  10.69520938,
        62.65352673,  -5.9757255 ,   2.33099725,  62.11300114,
         9.18305339,  12.98149699])
						array([0.02000793, 0.00474812, 0.01972399, 0.00849049, 0.00455255,
       0.01556226, 0.02315937, 0.00086478, 0.00799174, 0.01657726])

 8198.11221037			array([ -0.80903663, -12.42773951,  -2.59777345,  10.70401554,
        62.64952731,  -5.9195599 ,   2.29765226,  62.11129093,
         9.1848986 ,  12.96439565])
						array([0.04425341, 0.01050187, 0.04362539, 0.01877921, 0.0100693 ,
       0.0344205 , 0.05122374, 0.00191272, 0.01767608, 0.03666548])

------------------------------------ 


------------------------------------ 
TOTAL GENERATIONS: 1000
------------------------------------ 
