------------------------------------ 
PARAMETERS used: 
 - DNA SIZE: '10'
 - c: '0.82'
 - s: '10'
 - num rotors in robot: '10'
 - num total generations: '1000'
------------------------------------ 


------------------------------------ 
Fitness_value		Individual
------------------------------------ 
 76973.2921804			array([ 163.41756891,  -85.74309984,   -3.52860006,  -32.51100282,
        -78.13803055,  -31.90481898,  -90.54709579, -119.07507711,
        -16.02987211,  113.2633279 ])
						array([0.20438155, 0.60509541, 9.23073616, 2.92448384, 3.99635164,
       1.23701098, 1.66216627, 1.23323257, 6.94857322, 0.95709437])

 76840.8625032			array([ 163.61502694,  -85.28741476,    1.42649083,  -34.65278418,
        -77.47617639,  -31.46196373,  -90.3254393 , -117.79503872,
        -21.03541482,  113.28688971])
						array([0.16759287, 0.49617824, 7.56920365, 2.39807675, 3.27700834,
       1.014349  , 1.36297634, 1.01125071, 5.69783004, 0.78481738])

 76547.4540949			array([ 163.53309104,  -84.94337352,   -1.70253156,  -35.64282094,
        -72.39150451,  -32.03433606,  -90.5461059 , -118.95529696,
        -25.21028065,  113.1226807 ])
						array([0.20438155, 0.60509541, 9.23073616, 2.92448384, 3.99635164,
       1.23701098, 1.66216627, 1.23323257, 6.94857322, 0.95709437])

 75786.916497			array([ 163.37605635,  -86.36307734,  -20.48743606,  -35.08490319,
        -59.98994807,  -32.4145862 ,  -94.20837434, -118.39977404,
        -14.48390592,  113.53542769])
						array([ 0.55128024,  1.63212943, 24.89814981,  7.88823724, 10.77939615,
        3.33660113,  4.48337641,  3.3264096 , 18.74245067,  2.58157947])

 74334.1597126			array([ 163.79917395,  -87.1388649 ,   -1.90795107,  -34.24931949,
        -51.76790404,  -32.13312933,  -95.96920423, -115.94042769,
        -12.35775355,  113.87520531])
						array([ 0.67229298,  1.99040175, 30.36359733,  9.61980151, 13.14560506,
        4.06902576,  5.46753221,  4.05659707, 22.85664716,  3.14826765])

 72210.8977422			array([ 163.2872234 ,  -90.20435995,  -27.17281866,  -14.56003106,
        -37.48380276,  -31.34303105,  -91.60517357, -114.40219707,
        -40.48644526,  107.88276262])
						array([ 0.81986948,  2.4273192 , 37.02877723, 11.73146526, 16.03122568,
        4.96222654,  6.66772221,  4.94706959, 27.87395995,  3.83935079])

 66710.5556087			array([164.45267545, -84.20041661,  41.19905783,  10.44270021,
       -29.71236197, -33.73794574, -80.77675617, -95.98242575,
       -48.19599301, 108.33981047])
						array([  3.28887793,   9.73710661, 148.53965275,  47.0603651 ,
        64.30870457,  19.90579929,  26.74733588,  19.84499772,
       111.81542145,  15.40142224])

 65592.9694704			array([ 164.61191208,  -81.98941818,   11.3427626 ,   -4.06312613,
        -22.55735362,  -35.72532904,  -85.63700197, -100.28648841,
        -40.79564005,  108.33477884])
						array([ 0.55128024,  1.63212943, 24.89814981,  7.88823724, 10.77939615,
        3.33660113,  4.48337641,  3.3264096 , 18.74245067,  2.58157947])

 64102.8652136			array([ 164.39694352,  -80.44917896,    7.76972037,   -9.28529869,
        -19.71040402,  -33.21994035,  -83.56874153, -104.47640317,
        -26.522571  ,  106.21243559])
						array([ 0.37068083,  1.09744383, 16.74151593,  5.30405072,  7.24806597,
        2.2435306 ,  3.0146223 ,  2.23667781, 12.60242383,  1.73585404])

 63493.2832181			array([ 164.37021467,  -80.76620684,    8.10437039,   -6.7374181 ,
        -16.85118057,  -33.06666135,  -83.22978562, -103.81087457,
        -17.43065386,  106.55825414])
						array([0.11268945, 0.33363025, 5.08953253, 1.6124668 , 2.20346041,
       0.68204827, 0.91646529, 0.67996498, 3.83122092, 0.52771121])

 63393.7049397			array([ 164.46442992,  -80.92602117,   10.53686401,   -5.52536427,
        -17.33346364,  -32.96197762,  -83.04907373, -103.8111646 ,
        -14.49459997,  106.28092045])
						array([0.11268945, 0.33363025, 5.08953253, 1.6124668 , 2.20346041,
       0.68204827, 0.91646529, 0.67996498, 3.83122092, 0.52771121])

 62984.5417275			array([ 164.12595178,  -81.06641093,    6.06952038,   -8.23506037,
        -15.98887376,  -32.52341831,  -82.3607545 , -103.91332063,
        -13.70354831,  105.80536089])
						array([0.13742615, 0.40686615, 6.20674699, 1.96642293, 2.68714684,
       0.83176618, 1.1176406 , 0.82922558, 4.67222064, 0.64355025])

 62865.908657			array([ 164.03258197,  -81.58609503,   10.84841922,   -9.07107649,
        -16.88189403,  -32.51285296,  -81.67603893, -103.94200327,
        -10.50342088,  105.26792872])
						array([0.16759287, 0.49617824, 7.56920365, 2.39807675, 3.27700834,
       1.014349  , 1.36297634, 1.01125071, 5.69783004, 0.78481738])

 62409.8306325			array([ 164.04796034,  -81.41655011,    5.05427635,   -8.59153373,
        -16.57381775,  -32.2929757 ,  -82.83550495, -103.77793607,
         -7.97430692,  103.18495281])
						array([0.20438155, 0.60509541, 9.23073616, 2.92448384, 3.99635164,
       1.23701098, 1.66216627, 1.23323257, 6.94857322, 0.95709437])

 61657.6006733			array([ 163.87318868,  -81.60331665,    1.6428018 ,   -5.68347877,
        -20.24488989,  -33.89565632,  -80.53957074, -102.52868816,
         -7.98451948,  101.68416708])
						array([ 0.30395828,  0.89990394, 13.72804307,  4.34932159,  5.9434141 ,
        1.83969509,  2.47199029,  1.83407581, 10.33398754,  1.42340031])

 60498.3182719			array([164.55883037, -83.56940065,  27.52693185,  -8.12691792,
       -22.68633305, -32.68320249, -68.57963617, -96.13474275,
       -12.65324853, 104.42766758])
						array([ 0.81986948,  2.4273192 , 37.02877723, 11.73146526, 16.03122568,
        4.96222654,  6.66772221,  4.94706959, 27.87395995,  3.83935079])

 60335.5426195			array([165.62784665, -83.9552449 ,   8.33788333, -10.26720491,
       -21.2999469 , -33.08646646, -61.54960553, -97.81878701,
       -15.48314046, 107.10635267])
						array([ 0.37068083,  1.09744383, 16.74151593,  5.30405072,  7.24806597,
        2.2435306 ,  3.0146223 ,  2.23667781, 12.60242383,  1.73585404])

 59852.4555071			array([165.46613793, -83.86231281,  22.20068907,  -9.68895091,
       -15.41753739, -33.68693475, -60.24197458, -96.67836181,
        -5.19926563, 106.87704818])
						array([ 0.24924579,  0.73792123, 11.25699531,  3.5664437 ,  4.87359956,
        1.50854997,  2.02703204,  1.50394216,  8.47386979,  1.16718825])

 59696.2361783			array([165.29386446, -84.18601013,   9.56858694,  -9.29732657,
       -13.60207187, -32.55686345, -59.7065452 , -97.60986032,
        -2.41990099, 108.23292626])
						array([0.13742615, 0.40686615, 6.20674699, 1.96642293, 2.68714684,
       0.83176618, 1.1176406 , 0.82922558, 4.67222064, 0.64355025])

 59428.6339538			array([165.2632176 , -84.12846165,  -2.39937983,  -8.68398628,
       -15.41251053, -33.05280885, -59.7201703 , -97.14355237,
         1.4329045 , 107.46479711])
						array([0.16759287, 0.49617824, 7.56920365, 2.39807675, 3.27700834,
       1.014349  , 1.36297634, 1.01125071, 5.69783004, 0.78481738])

 58606.2903147			array([165.05963992, -84.32956634,  -0.45450916,  -2.8935773 ,
       -17.73481393, -31.56685392, -57.04584846, -95.45041417,
         2.40669988, 107.16698125])
						array([ 0.30395828,  0.89990394, 13.72804307,  4.34932159,  5.9434141 ,
        1.83969509,  2.47199029,  1.83407581, 10.33398754,  1.42340031])

 58446.3142454			array([165.32654279, -83.16075555,   4.00743965,  -4.75972261,
       -21.09919496, -32.47212945, -55.91604118, -94.22621454,
        -8.21704845, 107.20330378])
						array([ 0.37068083,  1.09744383, 16.74151593,  5.30405072,  7.24806597,
        2.2435306 ,  3.0146223 ,  2.23667781, 12.60242383,  1.73585404])

 57775.4776521			array([164.8806363 , -82.8861928 , -10.73323171,   5.52373857,
       -21.97786826, -33.66269501, -52.08616607, -94.72296411,
       -13.37123193, 104.78289104])
						array([ 0.55128024,  1.63212943, 24.89814981,  7.88823724, 10.77939615,
        3.33660113,  4.48337641,  3.3264096 , 18.74245067,  2.58157947])

 57186.7257755			array([164.75833284, -81.91811354, -16.79822868,   3.97627313,
       -24.03359506, -33.28473789, -55.20000707, -94.45100915,
        15.01096076, 100.01362283])
						array([ 0.67229298,  1.99040175, 30.36359733,  9.61980151, 13.14560506,
        4.06902576,  5.46753221,  4.05659707, 22.85664716,  3.14826765])

 56477.911554			array([162.82210411, -91.75015674,   5.98918338,  17.52454623,
        11.38628648, -27.19042273, -49.81354893, -89.73606844,
         1.72920168, 103.75636948])
						array([ 1.48697328,  4.40235778, 67.15800923, 21.2770151 , 29.07536469,
        8.99984501, 12.09305257,  8.97235529, 50.55418514,  6.96331813])

 51123.0744717			array([162.04229177, -86.37769021,   1.1065664 ,  10.25659049,
        26.42094071, -18.02782645,  -7.30128259, -87.6924218 ,
        36.66231286,  90.06893247])
						array([  2.6968799 ,   7.98442742, 121.80251526,  38.58949938,
        52.73313775,  16.32275542,  21.93281542,  16.27289813,
        91.68864559,  12.62916624])

 50972.614124			array([162.06254603, -86.26804149,   1.08376852,  11.06872998,
        22.50371512, -17.88874951,  -6.98717431, -87.5650691 ,
        37.31661895,  90.21520436])
						array([0.06213335, 0.18395304, 2.80620537, 0.8890626 , 1.21491756,
       0.37605959, 0.50530963, 0.37491093, 2.11241262, 0.29096307])

 50873.7775673			array([162.11414746, -86.06087631,   0.53270242,  10.86081743,
        22.16269056, -17.79670547,  -6.96162673, -87.22798728,
        37.12373326,  90.32260292])
						array([0.03425834, 0.10142582, 1.54725184, 0.49020067, 0.66986666,
       0.20734722, 0.27861156, 0.20671389, 1.16471672, 0.16042773])

 50865.186537			array([162.16262987, -86.36070922,   1.82635705,  11.53304449,
        21.77550553, -17.61350347,  -7.06984691, -87.36772193,
        35.2737722 ,  90.37436439])
						array([0.04177847, 0.12369003, 1.88689249, 0.59780569, 0.81691057,
       0.25286247, 0.3397702 , 0.25209011, 1.42038624, 0.19564357])

 50709.673137			array([162.16534155, -86.3055308 ,   2.47197908,  11.18480284,
        20.63668748, -18.09874747,  -6.17579865, -87.58269779,
        33.45466106,  90.36926945])
						array([0.09240535, 0.2735768 , 4.17341668, 1.32222278, 1.80683754,
       0.55927958, 0.75150154, 0.55757128, 3.14160116, 0.43272319])

 50622.7088111			array([162.21552034, -86.24822981,   1.28459816,  10.33975554,
        23.13166923, -18.0747644 ,  -6.56576108, -87.02691314,
        31.56969942,  90.79628689])
						array([0.11268945, 0.33363025, 5.08953253, 1.6124668 , 2.20346041,
       0.68204827, 0.91646529, 0.67996498, 3.83122092, 0.52771121])

 50071.14595			array([162.35460446, -86.38737213,  -1.3501498 ,   8.40947209,
        21.27423109, -16.90047451,  -7.22629062, -87.08780237,
        25.0236338 ,  90.01246248])
						array([0.13742615, 0.40686615, 6.20674699, 1.96642293, 2.68714684,
       0.83176618, 1.1176406 , 0.82922558, 4.67222064, 0.64355025])

 49567.3371783			array([162.34190618, -85.99792373, -12.39008138,   7.52341303,
        16.5929435 , -16.20839438,  -4.75342438, -84.03589653,
        26.72467938,  90.27783999])
						array([ 0.30395828,  0.89990394, 13.72804307,  4.34932159,  5.9434141 ,
        1.83969509,  2.47199029,  1.83407581, 10.33398754,  1.42340031])

 49342.4824566			array([162.50857213, -85.44427073,  12.34886588,  11.22692125,
         5.93996632, -18.56454423,  -2.4521178 , -84.18062962,
        28.39060284,  89.53067414])
						array([ 0.55128024,  1.63212943, 24.89814981,  7.88823724, 10.77939615,
        3.33660113,  4.48337641,  3.3264096 , 18.74245067,  2.58157947])

 48169.2845102			array([161.89177729, -83.97859199,  -7.12073248,   9.09259486,
         1.24515144, -17.0420837 ,  -2.36391231, -79.29670601,
        29.20546843,  90.78441995])
						array([ 0.81986948,  2.4273192 , 37.02877723, 11.73146526, 16.03122568,
        4.96222654,  6.66772221,  4.94706959, 27.87395995,  3.83935079])

 47099.3316413			array([161.54530715, -84.06706646,  14.17337828,  12.57049534,
       -12.50718758, -10.54707714,   2.71017409, -74.42976858,
        11.02346706,  92.79790952])
						array([ 0.4520498 ,  1.33834613, 20.41648285,  6.46835454,  8.83910484,
        2.73601292,  3.67636866,  2.72765587, 15.36880955,  2.11689517])

 46363.0149947			array([162.0786173 , -82.87765473,   1.99038823,  10.04674737,
       -10.68241569,  -9.35696241,  -4.25400981, -70.9233305 ,
       -14.29315703,  92.67672926])
						array([ 0.4520498 ,  1.33834613, 20.41648285,  6.46835454,  8.83910484,
        2.73601292,  3.67636866,  2.72765587, 15.36880955,  2.11689517])

 46278.8125456			array([162.05089208, -80.6461649 ,   7.03595549,  14.35825438,
        -5.28531349,  -9.0126119 ,  -5.02336878, -71.47975853,
        -6.10484377,  94.7594927 ])
						array([ 0.55128024,  1.63212943, 24.89814981,  7.88823724, 10.77939615,
        3.33660113,  4.48337641,  3.3264096 , 18.74245067,  2.58157947])

 46000.6628327			array([162.12059929, -80.00660085,   3.25830971,  14.80009335,
        -5.1267385 , -11.35271784,  -7.83847271, -71.56509691,
         2.2051954 ,  93.472649  ])
						array([ 0.24924579,  0.73792123, 11.25699531,  3.5664437 ,  4.87359956,
        1.50854997,  2.02703204,  1.50394216,  8.47386979,  1.16718825])

 45892.9736982			array([162.10147506, -80.29244282,   0.77327741,  12.54827355,
        -6.97137722, -10.84057653,  -7.53528324, -71.30049999,
        -0.78524558,  93.24260158])
						array([0.07577238, 0.22433298, 3.42220168, 1.08422268, 1.48160678,
       0.45860926, 0.61623126, 0.45720845, 2.57611295, 0.35483302])

 45814.6077745			array([162.02084798, -79.99855473,  -1.61854456,  12.29475916,
        -9.52373468, -10.34183165,  -8.11931568, -70.4546733 ,
        -3.18044368,  93.30635854])
						array([0.07577238, 0.22433298, 3.42220168, 1.08422268, 1.48160678,
       0.45860926, 0.61623126, 0.45720845, 2.57611295, 0.35483302])

 45687.7371492			array([161.78658138, -79.65287816,  -0.60279363,  12.42710877,
       -10.22393092, -10.23543881,  -8.48730336, -71.203235  ,
        -0.16919633,  92.95865154])
						array([0.09240535, 0.2735768 , 4.17341668, 1.32222278, 1.80683754,
       0.55927958, 0.75150154, 0.55757128, 3.14160116, 0.43272319])

 45649.7155829			array([161.94970503, -79.35867793,  -0.59705874,  10.49336132,
       -12.39364412,  -9.97653853,  -8.10002566, -71.60145921,
        -1.86304231,  92.35554771])
						array([0.13742615, 0.40686615, 6.20674699, 1.96642293, 2.68714684,
       0.83176618, 1.1176406 , 0.82922558, 4.67222064, 0.64355025])

 45359.1069926			array([161.74615412, -79.92908926,  -1.91320225,   8.7422701 ,
       -23.10778759,  -8.83776196,  -4.54421714, -68.44760424,
        11.39352251,  90.56268364])
						array([ 0.30395828,  0.89990394, 13.72804307,  4.34932159,  5.9434141 ,
        1.83969509,  2.47199029,  1.83407581, 10.33398754,  1.42340031])

 45291.8844024			array([161.88132928, -79.66093635,   0.43821749,   1.57992236,
       -27.48065743,  -6.08673809,  -0.28985497, -68.59397071,
        14.5983776 ,  89.12934144])
						array([ 0.37068083,  1.09744383, 16.74151593,  5.30405072,  7.24806597,
        2.2435306 ,  3.0146223 ,  2.23667781, 12.60242383,  1.73585404])

 44983.0735818			array([162.18067376, -79.98390681,   7.10384079,  -3.87351169,
       -21.60001167,  -6.36962923,   0.95978899, -68.86441072,
        -1.48641662,  88.60697196])
						array([ 0.55128024,  1.63212943, 24.89814981,  7.88823724, 10.77939615,
        3.33660113,  4.48337641,  3.3264096 , 18.74245067,  2.58157947])

 44810.3967429			array([161.70847743, -78.32131218, -22.60794807,   1.77362338,
       -18.80590981,  -5.10454237,   4.56285395, -60.28593987,
        -6.70832876,  94.21600951])
						array([ 0.67229298,  1.99040175, 30.36359733,  9.61980151, 13.14560506,
        4.06902576,  5.46753221,  4.05659707, 22.85664716,  3.14826765])

 43853.4493179			array([160.54783289, -77.28990724,   5.75152122,   4.8146286 ,
       -15.62082601,  -9.30681718,   9.30716113, -65.87008807,
        -5.11445525,  90.83772922])
						array([ 0.81986948,  2.4273192 , 37.02877723, 11.73146526, 16.03122568,
        4.96222654,  6.66772221,  4.94706959, 27.87395995,  3.83935079])

 43585.2855846			array([160.77437413, -77.10319784,   6.98165511,  -1.65861304,
       -14.94066588,  -9.19379613,  10.42019841, -64.85217178,
        -3.1866901 ,  89.49203765])
						array([ 0.30395828,  0.89990394, 13.72804307,  4.34932159,  5.9434141 ,
        1.83969509,  2.47199029,  1.83407581, 10.33398754,  1.42340031])

 43545.588667			array([160.35294664, -75.39563555,  -7.93608227,  -2.52794908,
       -24.1338278 ,  -8.15984639,   8.6014571 , -64.31178615,
        11.41599656,  89.43556227])
						array([ 0.37068083,  1.09744383, 16.74151593,  5.30405072,  7.24806597,
        2.2435306 ,  3.0146223 ,  2.23667781, 12.60242383,  1.73585404])

 43207.7287819			array([160.41284386, -77.1346412 ,  13.12049751,  -3.06039872,
       -18.01705086, -10.68702437,   3.59164572, -58.96372464,
       -24.99774599,  87.94447105])
						array([ 0.4520498 ,  1.33834613, 20.41648285,  6.46835454,  8.83910484,
        2.73601292,  3.67636866,  2.72765587, 15.36880955,  2.11689517])

 42693.1134497			array([160.18834597, -73.74377404, -25.93842062,  -3.51509282,
       -31.2317069 ,  -9.41491312,   1.69131858, -56.84534064,
        -5.52032922,  86.10058558])
						array([ 0.55128024,  1.63212943, 24.89814981,  7.88823724, 10.77939615,
        3.33660113,  4.48337641,  3.3264096 , 18.74245067,  2.58157947])

 41907.2396283			array([159.68735917, -76.58127106,  -9.01997906,   1.60567655,
       -19.16825485, -11.70359765,   1.17016908, -61.4448942 ,
        -2.6439556 ,  83.86753878])
						array([ 0.67229298,  1.99040175, 30.36359733,  9.61980151, 13.14560506,
        4.06902576,  5.46753221,  4.05659707, 22.85664716,  3.14826765])

 41387.1855687			array([158.4278357 , -73.22311253, -30.28010961,  -9.90011661,
       -21.58521769, -10.85465238,  -0.55399896, -57.4063079 ,
       -19.43536054,  80.05615145])
						array([ 1.21931809,  3.60993338, 55.06956757, 17.44715238, 23.84179905,
        7.37987291,  9.91630311,  7.35733134, 41.45443182,  5.70992087])

 40900.6550465			array([159.56469068, -69.33015677, -15.87515917,  -7.05553416,
       -14.53494206, -10.01832637,  -1.01988597, -66.59963463,
        15.99774825,  78.4156825 ])
						array([ 1.48697328,  4.40235778, 67.15800923, 21.2770151 , 29.07536469,
        8.99984501, 12.09305257,  8.97235529, 50.55418514,  6.96331813])

 40180.2993063			array([159.77454482, -67.01430585,  23.48624513, -12.66369139,
       -16.69094654, -11.97104118,   1.15761913, -62.1493947 ,
        -3.32821134,  77.9632337 ])
						array([ 0.30395828,  0.89990394, 13.72804307,  4.34932159,  5.9434141 ,
        1.83969509,  2.47199029,  1.83407581, 10.33398754,  1.42340031])

 39737.5480087			array([159.75087164, -67.14987849,  14.58165359, -10.29030099,
       -15.85844694, -11.71955232,   0.44348934, -62.04423859,
        -0.93186158,  77.94294456])
						array([0.11268945, 0.33363025, 5.08953253, 1.6124668 , 2.20346041,
       0.68204827, 0.91646529, 0.67996498, 3.83122092, 0.52771121])

 39546.22457			array([160.00254954, -66.39791889,   4.52331965,  -9.71846455,
       -15.06140635, -11.37548433,  -0.79936553, -61.71699637,
         4.75598868,  78.12608842])
						array([0.13742615, 0.40686615, 6.20674699, 1.96642293, 2.68714684,
       0.83176618, 1.1176406 , 0.82922558, 4.67222064, 0.64355025])

 39312.1280776			array([159.9321494 , -66.40367074,  15.48527467,  -9.05560167,
       -12.33140029, -11.17764647,  -0.67775107, -62.44635664,
         2.58568653,  75.79604599])
						array([0.16759287, 0.49617824, 7.56920365, 2.39807675, 3.27700834,
       1.014349  , 1.36297634, 1.01125071, 5.69783004, 0.78481738])

 39049.9067824			array([159.66018616, -66.19485569,   2.7592941 ,  -6.70317187,
        -8.98027608,  -8.64785603,  -0.78880707, -62.75242017,
        -4.62151232,  76.43651302])
						array([ 0.24924579,  0.73792123, 11.25699531,  3.5664437 ,  4.87359956,
        1.50854997,  2.02703204,  1.50394216,  8.47386979,  1.16718825])

 38936.4601954			array([159.50995777, -65.57124383, -10.93884441,  16.97557671,
         2.83358888,  -8.73795242,   0.1997907 , -60.97609116,
         3.72268837,  77.04828883])
						array([ 0.4520498 ,  1.33834613, 20.41648285,  6.46835454,  8.83910484,
        2.73601292,  3.67636866,  2.72765587, 15.36880955,  2.11689517])

 38481.3643364			array([159.13920106, -66.47377402,  -7.75143712,  20.21464621,
         8.45525186, -10.67234804,   1.07828307, -58.92919864,
        -3.54841136,  74.72051117])
						array([ 0.4520498 ,  1.33834613, 20.41648285,  6.46835454,  8.83910484,
        2.73601292,  3.67636866,  2.72765587, 15.36880955,  2.11689517])

 38418.1462753			array([158.70984104, -64.9939157 ,   4.92411761,  24.16556738,
         0.17621426, -13.38336277,   3.53133317, -57.15331233,
        -6.80050676,  76.80415702])
						array([ 0.55128024,  1.63212943, 24.89814981,  7.88823724, 10.77939615,
        3.33660113,  4.48337641,  3.3264096 , 18.74245067,  2.58157947])

 38288.2578834			array([158.83916361, -64.92828543,   0.41083927,  20.89356295,
        -3.117215  , -14.33350924,   3.80017697, -56.68572131,
         2.43942242,  77.06398888])
						array([ 0.24924579,  0.73792123, 11.25699531,  3.5664437 ,  4.87359956,
        1.50854997,  2.02703204,  1.50394216,  8.47386979,  1.16718825])

 38139.3060761			array([159.06618434, -64.91498136,   9.91315916,  14.73256302,
        -3.63049932, -13.30700403,   4.94183866, -56.67064788,
         1.06110291,  76.66545019])
						array([0.20438155, 0.60509541, 9.23073616, 2.92448384, 3.99635164,
       1.23701098, 1.66216627, 1.23323257, 6.94857322, 0.95709437])

 38021.5869675			array([158.96713866, -64.55709041,  -3.3349555 ,  15.17547709,
         0.72419505, -13.54724283,   2.71623348, -56.1248018 ,
        -6.74500018,  77.03876114])
						array([ 0.24924579,  0.73792123, 11.25699531,  3.5664437 ,  4.87359956,
        1.50854997,  2.02703204,  1.50394216,  8.47386979,  1.16718825])

 37976.9859227			array([159.33940657, -64.4154456 ,  -6.7202323 ,  12.3195969 ,
        -0.59564634, -12.02925267,   2.01712118, -55.19733965,
        -4.08207438,  77.62362353])
						array([ 0.30395828,  0.89990394, 13.72804307,  4.34932159,  5.9434141 ,
        1.83969509,  2.47199029,  1.83407581, 10.33398754,  1.42340031])

 37432.7513986			array([159.74824415, -64.38980336,   3.05225729,  -4.31344551,
        -4.37094581, -11.18227339,   5.09640495, -51.62522834,
         5.10862051,  76.27859349])
						array([ 0.67229298,  1.99040175, 30.36359733,  9.61980151, 13.14560506,
        4.06902576,  5.46753221,  4.05659707, 22.85664716,  3.14826765])

 37365.5820604			array([159.58860958, -63.52648938, -10.90174217,  -0.8111898 ,
       -13.41433161,  -9.45998836,   4.81559917, -50.64074135,
         2.16988306,  76.01346613])
						array([0.20438155, 0.60509541, 9.23073616, 2.92448384, 3.99635164,
       1.23701098, 1.66216627, 1.23323257, 6.94857322, 0.95709437])

 37168.1731549			array([159.41608662, -62.93034558, -15.9392144 ,  -2.58872485,
       -13.27010474, -11.04438071,   6.60206839, -49.76910763,
         0.90067049,  74.73831473])
						array([0.20438155, 0.60509541, 9.23073616, 2.92448384, 3.99635164,
       1.23701098, 1.66216627, 1.23323257, 6.94857322, 0.95709437])

 36783.6108604			array([159.45313938, -62.89504072,  -3.4884028 ,  -2.51094784,
       -15.59716089,  -8.11084295,   4.75601344, -47.84766663,
         1.30334388,  75.42863818])
						array([ 0.24924579,  0.73792123, 11.25699531,  3.5664437 ,  4.87359956,
        1.50854997,  2.02703204,  1.50394216,  8.47386979,  1.16718825])

 36705.6872728			array([159.43392591, -64.27366215,  16.30562535,   8.30618435,
         3.69248124,  -8.76633269,   7.37594788, -48.76453192,
         4.53825941,  72.69226131])
						array([ 0.67229298,  1.99040175, 30.36359733,  9.61980151, 13.14560506,
        4.06902576,  5.46753221,  4.05659707, 22.85664716,  3.14826765])

 36621.7721316			array([ 1.58884906e+02, -6.60333400e+01,  8.11072666e+00,  2.98495273e-02,
       -8.79608763e-01, -1.09331841e+01,  1.04708608e+01, -4.82677981e+01,
        6.32977554e+00,  7.28148842e+01])
						array([ 0.55128024,  1.63212943, 24.89814981,  7.88823724, 10.77939615,
        3.33660113,  4.48337641,  3.3264096 , 18.74245067,  2.58157947])

 36541.4783784			array([159.19831344, -67.37319593,  18.92514788,   2.30931898,
        -6.91382307,  -8.58218061,  14.39964158, -47.18779324,
        -5.62895764,  68.11364856])
						array([ 0.67229298,  1.99040175, 30.36359733,  9.61980151, 13.14560506,
        4.06902576,  5.46753221,  4.05659707, 22.85664716,  3.14826765])

 36169.4940518			array([158.39449479, -64.83574058,  -3.69937686,  -5.84633975,
       -20.87590852, -11.57590102,  12.51533583, -42.21724133,
       -11.94006977,  71.06390574])
						array([ 0.55128024,  1.63212943, 24.89814981,  7.88823724, 10.77939615,
        3.33660113,  4.48337641,  3.3264096 , 18.74245067,  2.58157947])

 36012.3997116			array([158.11189777, -64.43769788,   6.88175095,  -8.33195314,
       -14.92044505, -13.16651665,  13.65904243, -41.79370369,
       -13.63526603,  71.64177598])
						array([ 0.24924579,  0.73792123, 11.25699531,  3.5664437 ,  4.87359956,
        1.50854997,  2.02703204,  1.50394216,  8.47386979,  1.16718825])

 35603.8468468			array([158.30775141, -64.86229399,   5.34170644, -10.09627572,
        -4.10416906, -14.7322688 ,  14.2429219 , -39.5854844 ,
        -8.73202416,  70.99543511])
						array([ 0.30395828,  0.89990394, 13.72804307,  4.34932159,  5.9434141 ,
        1.83969509,  2.47199029,  1.83407581, 10.33398754,  1.42340031])

 35329.3440495			array([158.36918486, -64.14229784,   8.05793742,  -5.91943148,
         2.06250002, -13.6811575 ,  15.19952883, -36.28917386,
       -17.21140218,  70.04358048])
						array([0.20438155, 0.60509541, 9.23073616, 2.92448384, 3.99635164,
       1.23701098, 1.66216627, 1.23323257, 6.94857322, 0.95709437])

 35284.2600764			array([158.36125222, -64.10217756,  -0.96624556,  -8.43367976,
         2.70138462, -15.49434795,  15.43518788, -37.18081249,
        -8.88494311,  70.50772773])
						array([0.16759287, 0.49617824, 7.56920365, 2.39807675, 3.27700834,
       1.014349  , 1.36297634, 1.01125071, 5.69783004, 0.78481738])

 35151.5366257			array([158.33579734, -63.30704569,  -2.09943412,  -7.05592441,
         0.47682786, -15.5672136 ,  14.52427523, -38.46466267,
        -6.8829962 ,  70.26608951])
						array([0.20438155, 0.60509541, 9.23073616, 2.92448384, 3.99635164,
       1.23701098, 1.66216627, 1.23323257, 6.94857322, 0.95709437])

 34406.9639537			array([158.18112768, -63.51099904,   0.66547572,   3.86637721,
        -0.71297173, -17.99224339,  12.41068739, -32.6178016 ,
       -13.24716189,  67.52008988])
						array([ 0.55128024,  1.63212943, 24.89814981,  7.88823724, 10.77939615,
        3.33660113,  4.48337641,  3.3264096 , 18.74245067,  2.58157947])

 34291.2380396			array([158.37430918, -61.65661789, -27.49888022,   1.96292641,
        -4.27863727,  -7.35674494,   8.17589332, -35.60101867,
        -8.62862069,  63.16619272])
						array([ 0.81986948,  2.4273192 , 37.02877723, 11.73146526, 16.03122568,
        4.96222654,  6.66772221,  4.94706959, 27.87395995,  3.83935079])

 34147.6630408			array([156.86186504, -60.22874624,   8.67635254,  -7.2984489 ,
         7.82289164, -11.37847747,   6.76617837, -20.19332233,
       -45.1951748 ,  63.0076604 ])
						array([ 0.99984083,  2.96014537, 45.15704541, 14.30666495, 19.55027522,
        6.05149578,  8.13136855,  6.0330117 , 33.99263409,  4.68213511])

 33497.6499533			array([156.57052087, -56.10906706,  14.61293432, -22.79325661,
        -6.61872975, -13.42484315,  18.7547267 , -20.68405296,
       -35.06767617,  60.75695594])
						array([ 0.55128024,  1.63212943, 24.89814981,  7.88823724, 10.77939615,
        3.33660113,  4.48337641,  3.3264096 , 18.74245067,  2.58157947])

 31209.2050572			array([155.92106716, -53.72464252, -16.5117755 , -19.67102333,
         0.30713747, -15.67633081,  18.50540047, -16.58197279,
        -4.50936931,  57.15141571])
						array([ 0.67229298,  1.99040175, 30.36359733,  9.61980151, 13.14560506,
        4.06902576,  5.46753221,  4.05659707, 22.85664716,  3.14826765])

 31022.2989065			array([155.63567603, -53.37600266, -20.35988514, -18.06785777,
        -2.36594702, -13.96945049,  17.15379352, -15.23325514,
        -9.63798562,  56.60494433])
						array([0.13742615, 0.40686615, 6.20674699, 1.96642293, 2.68714684,
       0.83176618, 1.1176406 , 0.82922558, 4.67222064, 0.64355025])

 30729.2197032			array([155.91182137, -52.89349208,  -7.4112924 , -17.47721232,
        -4.4938874 , -13.98042534,  17.71463672, -15.09064414,
       -11.37120393,  56.61934919])
						array([0.13742615, 0.40686615, 6.20674699, 1.96642293, 2.68714684,
       0.83176618, 1.1176406 , 0.82922558, 4.67222064, 0.64355025])

 30642.6483168			array([155.91370988, -52.93875583, -12.01593058, -15.95833064,
        -2.378714  , -13.96167005,  17.64822923, -15.65725091,
        -9.78397492,  55.48118177])
						array([0.16759287, 0.49617824, 7.56920365, 2.39807675, 3.27700834,
       1.014349  , 1.36297634, 1.01125071, 5.69783004, 0.78481738])

 30617.0211566			array([155.55515488, -52.76160848,   4.78552317, -13.97581286,
        -2.95819136, -13.29081843,  18.4826332 , -14.84089754,
       -20.60239498,  55.63674341])
						array([ 0.24924579,  0.73792123, 11.25699531,  3.5664437 ,  4.87359956,
        1.50854997,  2.02703204,  1.50394216,  8.47386979,  1.16718825])

 30526.7179232			array([ 1.55629866e+02, -5.21922812e+01,  1.95982234e+01, -1.39974978e+01,
       -7.57546281e-02, -1.34319787e+01,  2.09468873e+01, -1.46129009e+01,
       -8.65880414e+00,  5.43389452e+01])
						array([ 0.30395828,  0.89990394, 13.72804307,  4.34932159,  5.9434141 ,
        1.83969509,  2.47199029,  1.83407581, 10.33398754,  1.42340031])

 30195.2635425			array([155.59611671, -52.1586031 ,  -1.36732889, -11.07653145,
         5.25337026, -12.20781568,  19.12425234, -15.65563448,
       -14.5138533 ,  54.80283328])
						array([ 0.37068083,  1.09744383, 16.74151593,  5.30405072,  7.24806597,
        2.2435306 ,  3.0146223 ,  2.23667781, 12.60242383,  1.73585404])

 30168.9189422			array([155.9874058 , -50.87167937,  12.73535177, -12.3260481 ,
        13.69196864, -12.00654094,  19.84498491, -12.18919478,
       -10.21256652,  53.41875518])
						array([ 0.4520498 ,  1.33834613, 20.41648285,  6.46835454,  8.83910484,
        2.73601292,  3.67636866,  2.72765587, 15.36880955,  2.11689517])

 30040.8516983			array([156.04693979, -50.47248421,  13.09242106, -12.17449575,
         0.36472032, -19.04443301,  18.91885857,  -5.71782064,
         0.3779502 ,  55.1736041 ])
						array([ 0.99984083,  2.96014537, 45.15704541, 14.30666495, 19.55027522,
        6.05149578,  8.13136855,  6.0330117 , 33.99263409,  4.68213511])

 28739.6262774			array([156.92270723, -40.80333104,  22.23805302,   6.98919836,
         1.15379927, -20.21163771,  22.78664401,   4.77616808,
        15.96779475,  41.42121442])
						array([ 1.48697328,  4.40235778, 67.15800923, 21.2770151 , 29.07536469,
        8.99984501, 12.09305257,  8.97235529, 50.55418514,  6.96331813])

 28329.7911097			array([156.90035417, -43.11743147,  -5.34690274,  -3.17714085,
        16.43785297, -19.70417944,  16.32113468,   5.40009561,
        13.44785419,  39.80948097])
						array([ 0.55128024,  1.63212943, 24.89814981,  7.88823724, 10.77939615,
        3.33660113,  4.48337641,  3.3264096 , 18.74245067,  2.58157947])

 27809.588978			array([156.345626  , -45.23833385,  -5.57138878,  -7.46795454,
        -3.69235407, -19.93838998,  11.48702711,   6.30050513,
        -2.08168505,  38.83341093])
						array([ 0.4520498 ,  1.33834613, 20.41648285,  6.46835454,  8.83910484,
        2.73601292,  3.67636866,  2.72765587, 15.36880955,  2.11689517])

 27431.5207898			array([156.19311161, -44.68179379,  -1.7184678 ,  -2.89666785,
        -1.35240749, -18.02773173,   9.48810613,   4.63455968,
         9.59381573,  37.10628707])
						array([ 0.4520498 ,  1.33834613, 20.41648285,  6.46835454,  8.83910484,
        2.73601292,  3.67636866,  2.72765587, 15.36880955,  2.11689517])

 27374.4308441			array([156.47552801, -44.39103212,  -4.81354091,  -2.00531572,
        -3.05036048, -17.20624955,  11.79888199,   1.48943254,
        10.39060108,  34.00957435])
						array([ 0.30395828,  0.89990394, 13.72804307,  4.34932159,  5.9434141 ,
        1.83969509,  2.47199029,  1.83407581, 10.33398754,  1.42340031])

 27221.0388138			array([156.33041148, -44.47412936,  -2.34971276,   1.20846523,
        -1.36495595, -16.99476608,  11.50963025,   1.08898925,
         4.71053761,  34.76607107])
						array([0.13742615, 0.40686615, 6.20674699, 1.96642293, 2.68714684,
       0.83176618, 1.1176406 , 0.82922558, 4.67222064, 0.64355025])

 27095.9391845			array([ 1.56157125e+02, -4.46062593e+01,  3.92748424e+00, -1.30344749e-01,
        2.50520555e-01, -1.60510079e+01,  1.13516796e+01,  9.40694314e-01,
       -1.08848079e+00,  3.49179366e+01])
						array([0.16759287, 0.49617824, 7.56920365, 2.39807675, 3.27700834,
       1.014349  , 1.36297634, 1.01125071, 5.69783004, 0.78481738])

 27082.606469			array([156.14847997, -44.67458939,   4.37162181,  -0.39294804,
         0.17995449, -15.89903402,  11.09599658,   0.89053572,
        -0.739431  ,  34.92659364])
						array([0.01270093, 0.03760259, 0.57362791, 0.18173692, 0.24834626,
       0.07687188, 0.10329241, 0.07663707, 0.43180689, 0.05947695])

 27077.3181609			array([156.14909759, -44.67117623,   4.46442325,  -0.30329703,
         0.22776637, -15.90504006,  11.11340585,   0.89669136,
        -0.82056175,  34.89792302])
						array([0.00470874, 0.01394078, 0.21266672, 0.06737712, 0.09207185,
       0.02849947, 0.03829461, 0.02841242, 0.16008802, 0.02205048])

 27075.4896123			array([156.14989999, -44.66811888,   4.39013249,  -0.27443216,
         0.19252083, -15.90352114,  11.10914406,   0.89165615,
        -0.7891088 ,  34.90761062])
						array([0.00174572, 0.0051684 , 0.07884403, 0.02497938, 0.0341347 ,
       0.01056589, 0.01419734, 0.01053362, 0.05935101, 0.00817499])

 27074.8521688			array([156.14983712, -44.66915603,   4.36568268,  -0.27157617,
         0.1990369 , -15.90215439,  11.11154767,   0.89512022,
        -0.80475177,  34.91287282])
						array([0.00053071, 0.00157123, 0.02396911, 0.0075939 , 0.01037718,
       0.0032121 , 0.00431609, 0.00320229, 0.0180431 , 0.00248525])

 27073.9173337			array([156.15041707, -44.66743643,   4.38026209,  -0.26601086,
         0.21405273, -15.9076802 ,  11.10643823,   0.89406536,
        -0.78541035,  34.91076152])
						array([0.00053071, 0.00157123, 0.02396911, 0.0075939 , 0.01037718,
       0.0032121 , 0.00431609, 0.00320229, 0.0180431 , 0.00248525])

 27072.7252756			array([156.15070644, -44.66731438,   4.36657437,  -0.26873805,
         0.22110249, -15.90415072,  11.11013821,   0.89858031,
        -0.76202114,  34.90696904])
						array([0.00064721, 0.00191613, 0.02923062, 0.00926085, 0.0126551 ,
       0.0039172 , 0.00526352, 0.00390523, 0.02200378, 0.00303079])

 27072.8196843			array([156.1507946 , -44.66668172,   4.37102022,  -0.27934735,
         0.22031348, -15.90301636,  11.11260428,   0.89100233,
        -0.7447493 ,  34.90150989])
						array([0.00078928, 0.00233675, 0.0356471 , 0.01129372, 0.01543304,
       0.00477707, 0.00641893, 0.00476248, 0.02683388, 0.00369609])

 27071.509927			array([156.14976871, -44.66435617,   4.3490345 ,  -0.28043076,
         0.2240731 , -15.90814497,  11.11170257,   0.90246462,
        -0.71526777,  34.89640948])
						array([0.00117382, 0.00347523, 0.05301472, 0.01679614, 0.02295218,
       0.0071045 , 0.00954629, 0.0070828 , 0.03990762, 0.00549686])

 27070.6444015			array([156.1473503 , -44.65988626,   4.32216726,  -0.2967351 ,
         0.19484429, -15.9111468 ,  11.15379888,   0.9121396 ,
        -0.75335866,  34.91009762])
						array([0.00212892, 0.00630293, 0.09615125, 0.03046266, 0.04162769,
       0.01288523, 0.01731383, 0.01284587, 0.07237928, 0.0099695 ])

 27071.4487648			array([156.14597051, -44.66807227,   4.36746171,  -0.3078533 ,
         0.23187624, -15.92390749,  11.14584442,   0.89551037,
        -0.75486971,  34.92502477])
						array([0.00259625, 0.0076865 , 0.11725762, 0.03714959, 0.05076547,
       0.01571369, 0.02111442, 0.0156657 , 0.08826741, 0.01215793])

 27067.1819909			array([156.139963  , -44.66728443,   4.41539203,  -0.25301327,
         0.34023118, -15.93446315,  11.0961859 ,   0.84955916,
        -0.78753981,  34.91118657])
						array([0.00574237, 0.01700095, 0.25934966, 0.08216722, 0.11228275,
       0.03475545, 0.04670074, 0.03464929, 0.19522929, 0.02689082])

 27066.7486962			array([156.1449172 , -44.67277504,   4.37098616,  -0.2702464 ,
         0.37810133, -15.9596328 ,  11.06991039,   0.8938684 ,
        -0.78206137,  34.89858061])
						array([0.00700289, 0.02073287, 0.31628007, 0.10020392, 0.13693018,
       0.04238469, 0.05695213, 0.04225523, 0.2380845 , 0.03279369])

 27067.4892134			array([156.14357202, -44.66832781,   4.41813113,  -0.29607499,
         0.38984497, -15.94704597,  11.08141342,   0.89790869,
        -0.71535964,  34.90402921])
						array([0.00212892, 0.00630293, 0.09615125, 0.03046266, 0.04162769,
       0.01288523, 0.01731383, 0.01284587, 0.07237928, 0.0099695 ])

 27065.485811			array([156.14347475, -44.66239256,   4.41866594,  -0.27438299,
         0.38408934, -15.9351729 ,  11.09646067,   0.91870303,
        -0.7922141 ,  34.91270949])
						array([0.00174572, 0.0051684 , 0.07884403, 0.02497938, 0.0341347 ,
       0.01056589, 0.01419734, 0.01053362, 0.05935101, 0.00817499])

 27062.3549892			array([156.14528467, -44.66021754,   4.35272548,  -0.24185807,
         0.35182158, -15.92760845,  11.12484657,   0.92581739,
        -0.79669235,  34.90141678])
						array([0.00212892, 0.00630293, 0.09615125, 0.03046266, 0.04162769,
       0.01288523, 0.01731383, 0.01284587, 0.07237928, 0.0099695 ])

 27060.8025743			array([156.14649545, -44.65953379,   4.38023046,  -0.23932813,
         0.35666734, -15.90976775,  11.15451434,   0.9366152 ,
        -0.77115377,  34.88255945])
						array([0.00259625, 0.0076865 , 0.11725762, 0.03714959, 0.05076547,
       0.01571369, 0.02111442, 0.0156657 , 0.08826741, 0.01215793])

 27057.8938289			array([156.14508036, -44.65242071,   4.25894596,  -0.22072297,
         0.38844582, -15.88445248,  11.18866126,   0.94298245,
        -0.83429505,  34.87541771])
						array([0.00470874, 0.01394078, 0.21266672, 0.06737712, 0.09207185,
       0.02849947, 0.03829461, 0.02841242, 0.16008802, 0.02205048])

 27057.60125			array([156.14540542, -44.64972793,   4.27498092,  -0.20158119,
         0.346415  , -15.88985622,  11.19521933,   0.94672486,
        -0.80772265,  34.87463331])
						array([0.00117382, 0.00347523, 0.05301472, 0.01679614, 0.02295218,
       0.0071045 , 0.00954629, 0.0070828 , 0.03990762, 0.00549686])

 27058.3459386			array([156.14500322, -44.65205476,   4.30704988,  -0.2049414 ,
         0.34508457, -15.89700489,  11.19760212,   0.94800396,
        -0.8446231 ,  34.87218734])
						array([0.00117382, 0.00347523, 0.05301472, 0.01679614, 0.02295218,
       0.0071045 , 0.00954629, 0.0070828 , 0.03990762, 0.00549686])

 27056.8587176			array([156.14641762, -44.65020289,   4.31332135,  -0.21283051,
         0.35895777, -15.89171592,  11.19548863,   0.94786695,
        -0.76562413,  34.875951  ])
						array([0.00143149, 0.00423809, 0.0646521 , 0.02048309, 0.02799046,
       0.00866403, 0.01164182, 0.00863756, 0.04866783, 0.00670349])

 27056.5132366			array([156.14417493, -44.65061765,   4.37921988,  -0.19247346,
         0.40192422, -15.87905017,  11.19952866,   0.94485684,
        -0.74273726,  34.87333599])
						array([0.00174572, 0.0051684 , 0.07884403, 0.02497938, 0.0341347 ,
       0.01056589, 0.01419734, 0.01053362, 0.05935101, 0.00817499])

 27056.2873715			array([156.14033834, -44.65961939,   4.23072966,  -0.2160563 ,
         0.40180101, -15.88624262,  11.21380222,   0.94442663,
        -0.81988342,  34.85202314])
						array([0.00386117, 0.01143144, 0.17438671, 0.05524924, 0.07549892,
       0.02336956, 0.03140158, 0.02329818, 0.13127218, 0.01808139])

 27055.5520304			array([156.13405775, -44.6704829 ,   4.22094352,  -0.19691016,
         0.41579238, -15.88088583,  11.22192225,   0.94926126,
        -0.75641961,  34.84749482])
						array([0.00259625, 0.0076865 , 0.11725762, 0.03714959, 0.05076547,
       0.01571369, 0.02111442, 0.0156657 , 0.08826741, 0.01215793])

 27054.5234878			array([156.13465113, -44.66753985,   4.25819668,  -0.2154332 ,
         0.41275895, -15.87712153,  11.21350427,   0.94178286,
        -0.78955984,  34.8461861 ])
						array([0.00096253, 0.00284969, 0.04347207, 0.01377283, 0.01882078,
       0.00582569, 0.00782796, 0.0058079 , 0.03272425, 0.00450743])

 27055.2431548			array([156.13507292, -44.67157595,   4.27903025,  -0.24127649,
         0.40690895, -15.87313686,  11.21083965,   0.93866608,
        -0.79932848,  34.84623385])
						array([0.00117382, 0.00347523, 0.05301472, 0.01679614, 0.02295218,
       0.0071045 , 0.00954629, 0.0070828 , 0.03990762, 0.00549686])

 27054.9194842			array([156.13243554, -44.67509996,   4.33577065,  -0.27714886,
         0.40041516, -15.88341599,  11.22059731,   0.92651457,
        -0.77566449,  34.84399478])
						array([0.00174572, 0.0051684 , 0.07884403, 0.02497938, 0.0341347 ,
       0.01056589, 0.01419734, 0.01053362, 0.05935101, 0.00817499])

 27055.1347536			array([156.1315041 , -44.67284101,   4.36752182,  -0.29869234,
         0.41896582, -15.87397853,  11.23055442,   0.92548074,
        -0.73011171,  34.83888961])
						array([0.00212892, 0.00630293, 0.09615125, 0.03046266, 0.04162769,
       0.01288523, 0.01731383, 0.01284587, 0.07237928, 0.0099695 ])

 27055.0564369			array([156.13204479, -44.66753356,   4.38185926,  -0.25543239,
         0.3878308 , -15.86243245,  11.22541062,   0.90972092,
        -0.81013452,  34.84096546])
						array([0.00259625, 0.0076865 , 0.11725762, 0.03714959, 0.05076547,
       0.01571369, 0.02111442, 0.0156657 , 0.08826741, 0.01215793])

 27050.5768987			array([156.12588744, -44.63661602,   4.36345902,  -0.15622694,
         0.31585248, -15.86852928,  11.32881192,   0.90400624,
        -0.77117735,  34.84188343])
						array([0.01041476, 0.03083413, 0.47037488, 0.14902427, 0.20364394,
       0.06303494, 0.08469977, 0.0628424 , 0.35408165, 0.0487711 ])

 27049.2873287			array([156.12821359, -44.62704985,   4.22179074,  -0.19587928,
         0.51582617, -15.87698396,  11.31454585,   0.93373513,
        -0.69504625,  34.84858772])
						array([0.00386117, 0.01143144, 0.17438671, 0.05524924, 0.07549892,
       0.02336956, 0.03140158, 0.02329818, 0.13127218, 0.01808139])

 27049.4342988			array([156.12850719, -44.63788966,   4.28330753,  -0.18085164,
         0.53603086, -15.90080447,  11.32893844,   0.93721904,
        -0.74252747,  34.8387534 ])
						array([0.00174572, 0.0051684 , 0.07884403, 0.02497938, 0.0341347 ,
       0.01056589, 0.01419734, 0.01053362, 0.05935101, 0.00817499])

 27049.4503885			array([156.12964581, -44.63931534,   4.33228141,  -0.21420243,
         0.51509943, -15.89606305,  11.32555087,   0.93607893,
        -0.70790744,  34.84529253])
						array([0.00143149, 0.00423809, 0.0646521 , 0.02048309, 0.02799046,
       0.00866403, 0.01164182, 0.00863756, 0.04866783, 0.00670349])

 27048.9191768			array([156.1306786 , -44.64079364,   4.32271657,  -0.21744342,
         0.47582246, -15.89637741,  11.32051662,   0.93059202,
        -0.73737931,  34.86252298])
						array([0.00143149, 0.00423809, 0.0646521 , 0.02048309, 0.02799046,
       0.00866403, 0.01164182, 0.00863756, 0.04866783, 0.00670349])

 27049.111459			array([156.12933187, -44.64606361,   4.30880318,  -0.2036447 ,
         0.46071088, -15.90849007,  11.32103039,   0.93425355,
        -0.72165695,  34.85744362])
						array([0.00174572, 0.0051684 , 0.07884403, 0.02497938, 0.0341347 ,
       0.01056589, 0.01419734, 0.01053362, 0.05935101, 0.00817499])

 27049.2522815			array([156.12956592, -44.64694663,   4.29779771,  -0.22188748,
         0.45079451, -15.91657751,  11.28906236,   0.95322743,
        -0.73234433,  34.86951608])
						array([0.00212892, 0.00630293, 0.09615125, 0.03046266, 0.04162769,
       0.01288523, 0.01731383, 0.01284587, 0.07237928, 0.0099695 ])

 27048.3656846			array([156.13127423, -44.61894626,   4.38302301,  -0.20426666,
         0.40976317, -15.91694018,  11.25236887,   0.93983427,
        -0.72357127,  34.897573  ])
						array([0.00470874, 0.01394078, 0.21266672, 0.06737712, 0.09207185,
       0.02849947, 0.03829461, 0.02841242, 0.16008802, 0.02205048])

 27047.8809157			array([156.1297487 , -44.61588053,   4.38926565,  -0.1918347 ,
         0.40068063, -15.91437977,  11.25389429,   0.94453143,
        -0.72988341,  34.89794394])
						array([0.00078928, 0.00233675, 0.0356471 , 0.01129372, 0.01543304,
       0.00477707, 0.00641893, 0.00476248, 0.02683388, 0.00369609])

 27047.1278512			array([156.12913752, -44.61446501,   4.39092594,  -0.20265414,
         0.40000358, -15.90543026,  11.24967359,   0.94088873,
        -0.74197614,  34.89165055])
						array([0.00078928, 0.00233675, 0.0356471 , 0.01129372, 0.01543304,
       0.00477707, 0.00641893, 0.00476248, 0.02683388, 0.00369609])

 27047.3896252			array([156.128007  , -44.61837508,   4.38661279,  -0.20015277,
         0.38777344, -15.89956036,  11.26136302,   0.94138128,
        -0.73290319,  34.8913559 ])
						array([0.00096253, 0.00284969, 0.04347207, 0.01377283, 0.01882078,
       0.00582569, 0.00782796, 0.0058079 , 0.03272425, 0.00450743])

 27046.1012152			array([156.12389233, -44.61741098,   4.34056464,  -0.25518029,
         0.35960841, -15.88395841,  11.26735774,   0.95046142,
        -0.77677941,  34.89587981])
						array([0.00316616, 0.00937378, 0.1429971 , 0.04530437, 0.06190911,
       0.01916304, 0.0257493 , 0.01910451, 0.10764318, 0.01482674])

 27045.4715122			array([156.12483346, -44.6094873 ,   4.26137048,  -0.23935468,
         0.36133523, -15.87656514,  11.25703579,   0.96350577,
        -0.78045143,  34.89117757])
						array([0.00174572, 0.0051684 , 0.07884403, 0.02497938, 0.0341347 ,
       0.01056589, 0.01419734, 0.01053362, 0.05935101, 0.00817499])

 27044.8360035			array([156.12360198, -44.60366153,   4.27349872,  -0.24104971,
         0.35337849, -15.88587757,  11.25401823,   0.94674581,
        -0.80254915,  34.89897459])
						array([0.00117382, 0.00347523, 0.05301472, 0.01679614, 0.02295218,
       0.0071045 , 0.00954629, 0.0070828 , 0.03990762, 0.00549686])

 27044.0349552			array([156.12352868, -44.59990604,   4.21670708,  -0.23054539,
         0.38558385, -15.88411548,  11.26079263,   0.9571839 ,
        -0.78349623,  34.88514176])
						array([0.00143149, 0.00423809, 0.0646521 , 0.02048309, 0.02799046,
       0.00866403, 0.01164182, 0.00863756, 0.04866783, 0.00670349])

 27042.6732763			array([156.12231001, -44.59994315,   4.25594348,  -0.19517411,
         0.43402781, -15.87178762,  11.26727015,   0.95708093,
        -0.79137553,  34.88806383])
						array([0.00174572, 0.0051684 , 0.07884403, 0.02497938, 0.0341347 ,
       0.01056589, 0.01419734, 0.01053362, 0.05935101, 0.00817499])

 27041.1957194			array([156.11631341, -44.58552408,   4.2486969 ,  -0.22558986,
         0.46604621, -15.89475557,  11.31509503,   0.99684486,
        -0.68345786,  34.89433328])
						array([0.00316616, 0.00937378, 0.1429971 , 0.04530437, 0.06190911,
       0.01916304, 0.0257493 , 0.01910451, 0.10764318, 0.01482674])

 27040.197913			array([156.11665652, -44.5804391 ,   4.30806555,  -0.25746731,
         0.38839073, -15.8877123 ,  11.31174522,   0.99918608,
        -0.70311738,  34.9008563 ])
						array([0.00212892, 0.00630293, 0.09615125, 0.03046266, 0.04162769,
       0.01288523, 0.01731383, 0.01284587, 0.07237928, 0.0099695 ])

 27039.7860343			array([156.11536403, -44.5806278 ,   4.27823816,  -0.27853759,
         0.41928475, -15.88712191,  11.30688972,   0.99841083,
        -0.78517917,  34.90667065])
						array([0.00096253, 0.00284969, 0.04347207, 0.01377283, 0.01882078,
       0.00582569, 0.00782796, 0.0058079 , 0.03272425, 0.00450743])

 27039.1320677			array([156.11650708, -44.57849935,   4.28923765,  -0.25989405,
         0.4317461 , -15.88646864,  11.30441848,   0.99866041,
        -0.78558372,  34.90207017])
						array([0.00078928, 0.00233675, 0.0356471 , 0.01129372, 0.01543304,
       0.00477707, 0.00641893, 0.00476248, 0.02683388, 0.00369609])

 27038.4472001			array([156.11584332, -44.57672803,   4.27177261,  -0.24850393,
         0.42938881, -15.89390987,  11.30174354,   1.00172401,
        -0.78016265,  34.89540733])
						array([0.00096253, 0.00284969, 0.04347207, 0.01377283, 0.01882078,
       0.00582569, 0.00782796, 0.0058079 , 0.03272425, 0.00450743])

 27038.0346345			array([156.11651287, -44.57375894,   4.27008858,  -0.25530607,
         0.45776539, -15.89176801,  11.30221938,   0.99132223,
        -0.80631817,  34.88215189])
						array([0.00143149, 0.00423809, 0.0646521 , 0.02048309, 0.02799046,
       0.00866403, 0.01164182, 0.00863756, 0.04866783, 0.00670349])

 27038.4278673			array([156.11519599, -44.57253337,   4.28552197,  -0.28320571,
         0.45989648, -15.90218315,  11.29958429,   1.00843285,
        -0.72447892,  34.89109411])
						array([0.00174572, 0.0051684 , 0.07884403, 0.02497938, 0.0341347 ,
       0.01056589, 0.01419734, 0.01053362, 0.05935101, 0.00817499])

 27037.635476			array([156.11352259, -44.56826014,   4.2484223 ,  -0.26968284,
         0.37240148, -15.93318686,  11.29723283,   0.9925045 ,
        -0.79253003,  34.8842751 ])
						array([0.00386117, 0.01143144, 0.17438671, 0.05524924, 0.07549892,
       0.02336956, 0.03140158, 0.02329818, 0.13127218, 0.01808139])

 27036.8331337			array([156.11832769, -44.55276972,   4.24413068,  -0.21825918,
         0.35974133, -15.93484637,  11.26765087,   0.99136349,
        -0.69145657,  34.85366317])
						array([0.00316616, 0.00937378, 0.1429971 , 0.04530437, 0.06190911,
       0.01916304, 0.0257493 , 0.01910451, 0.10764318, 0.01482674])

 27037.3792752			array([156.11857836, -44.53953182,   4.17774588,  -0.19787872,
         0.34072949, -15.92950646,  11.26757419,   0.97747529,
        -0.75497322,  34.85665835])
						array([0.00174572, 0.0051684 , 0.07884403, 0.02497938, 0.0341347 ,
       0.01056589, 0.01419734, 0.01053362, 0.05935101, 0.00817499])

 27036.5724414			array([156.1175765 , -44.54602237,   4.20356072,  -0.20933763,
         0.34790202, -15.93053154,  11.27448579,   0.97859208,
        -0.74357878,  34.86036511])
						array([0.00143149, 0.00423809, 0.0646521 , 0.02048309, 0.02799046,
       0.00866403, 0.01164182, 0.00863756, 0.04866783, 0.00670349])

 27036.895758			array([156.11655406, -44.54083498,   4.25819993,  -0.23014231,
         0.29278928, -15.92673369,  11.28031472,   0.98128957,
        -0.70665787,  34.86078835])
						array([0.00174572, 0.0051684 , 0.07884403, 0.02497938, 0.0341347 ,
       0.01056589, 0.01419734, 0.01053362, 0.05935101, 0.00817499])

 27033.704461			array([156.11873028, -44.53215788,   4.29404725,  -0.22638511,
         0.35410449, -15.92115112,  11.2693419 ,   0.9749981 ,
        -0.70295326,  34.86215717])
						array([0.00259625, 0.0076865 , 0.11725762, 0.03714959, 0.05076547,
       0.01571369, 0.02111442, 0.0156657 , 0.08826741, 0.01215793])

 27033.7680374			array([156.11865138, -44.53068186,   4.39242647,  -0.19520249,
         0.3649699 , -15.93639753,  11.27747194,   0.97850006,
        -0.74519954,  34.84842238])
						array([0.00174572, 0.0051684 , 0.07884403, 0.02497938, 0.0341347 ,
       0.01056589, 0.01419734, 0.01053362, 0.05935101, 0.00817499])

 27033.3397379			array([156.11790954, -44.52678619,   4.38663768,  -0.1770981 ,
         0.36729497, -15.93847666,  11.27264181,   0.96572974,
        -0.79094231,  34.85363997])
						array([0.00174572, 0.0051684 , 0.07884403, 0.02497938, 0.0341347 ,
       0.01056589, 0.01419734, 0.01053362, 0.05935101, 0.00817499])

 27031.9912502			array([156.11662842, -44.52812355,   4.33228935,  -0.18819127,
         0.35023962, -15.92754097,  11.27859821,   0.96163268,
        -0.7653589 ,  34.85167694])
						array([0.00212892, 0.00630293, 0.09615125, 0.03046266, 0.04162769,
       0.01288523, 0.01731383, 0.01284587, 0.07237928, 0.0099695 ])

 27031.7359117			array([156.11654997, -44.5256375 ,   4.35385467,  -0.19386699,
         0.35965923, -15.92414043,  11.27371388,   0.95511818,
        -0.73661942,  34.85277515])
						array([0.00043518, 0.00128841, 0.01965467, 0.006227  , 0.00850929,
       0.00263392, 0.00353919, 0.00262588, 0.01479534, 0.00203791])

 27031.4148346			array([156.11599768, -44.52258424,   4.37544586,  -0.19907896,
         0.36598428, -15.9246276 ,  11.2671328 ,   0.95440249,
        -0.75027573,  34.85103068])
						array([0.00043518, 0.00128841, 0.01965467, 0.006227  , 0.00850929,
       0.00263392, 0.00353919, 0.00262588, 0.01479534, 0.00203791])

 27031.1735256			array([156.1161496 , -44.52246214,   4.36422237,  -0.19150224,
         0.37120086, -15.92811624,  11.26887642,   0.95641105,
        -0.77397113,  34.85117509])
						array([0.00053071, 0.00157123, 0.02396911, 0.0075939 , 0.01037718,
       0.0032121 , 0.00431609, 0.00320229, 0.0180431 , 0.00248525])

 27030.7313654			array([156.11639539, -44.520202  ,   4.34833163,  -0.19250553,
         0.36929946, -15.92521654,  11.26899098,   0.95821986,
        -0.75084415,  34.85088656])
						array([0.00064721, 0.00191613, 0.02923062, 0.00926085, 0.0126551 ,
       0.0039172 , 0.00526352, 0.00390523, 0.02200378, 0.00303079])

 27030.941911			array([156.11669595, -44.52200194,   4.31278933,  -0.19334925,
         0.36393177, -15.9266395 ,  11.26686799,   0.95384234,
        -0.7678561 ,  34.85579353])
						array([0.00078928, 0.00233675, 0.0356471 , 0.01129372, 0.01543304,
       0.00477707, 0.00641893, 0.00476248, 0.02683388, 0.00369609])

 27030.3011556			array([156.11717881, -44.51905016,   4.28456074,  -0.18866246,
         0.39166583, -15.92891736,  11.27703066,   0.95146556,
        -0.77912584,  34.85361982])
						array([0.00096253, 0.00284969, 0.04347207, 0.01377283, 0.01882078,
       0.00582569, 0.00782796, 0.0058079 , 0.03272425, 0.00450743])

 27030.3450429			array([156.11765917, -44.51675904,   4.29916461,  -0.18926747,
         0.4019274 , -15.91167091,  11.28987748,   0.95296107,
        -0.71166754,  34.85462887])
						array([0.00078928, 0.00233675, 0.0356471 , 0.01129372, 0.01543304,
       0.00477707, 0.00641893, 0.00476248, 0.02683388, 0.00369609])

 27029.8397323			array([156.11808383, -44.5134413 ,   4.35287768,  -0.19791788,
         0.42021002, -15.9190867 ,  11.28752942,   0.94855499,
        -0.73733488,  34.85471178])
						array([0.00064721, 0.00191613, 0.02923062, 0.00926085, 0.0126551 ,
       0.0039172 , 0.00526352, 0.00390523, 0.02200378, 0.00303079])

 27029.5874192			array([156.11956439, -44.51230969,   4.30108324,  -0.19211393,
         0.41920378, -15.91734556,  11.28537282,   0.94239047,
        -0.75363462,  34.85036713])
						array([0.00078928, 0.00233675, 0.0356471 , 0.01129372, 0.01543304,
       0.00477707, 0.00641893, 0.00476248, 0.02683388, 0.00369609])

 27029.5178802			array([156.11857089, -44.5108828 ,   4.3093837 ,  -0.18545834,
         0.41399024, -15.91080997,  11.28082074,   0.93807599,
        -0.75117097,  34.85749452])
						array([0.00117382, 0.00347523, 0.05301472, 0.01679614, 0.02295218,
       0.0071045 , 0.00954629, 0.0070828 , 0.03990762, 0.00549686])

 27029.3962452			array([156.11764246, -44.50900855,   4.3129772 ,  -0.1977421 ,
         0.40368671, -15.91828624,  11.27065102,   0.92984184,
        -0.79482839,  34.86083207])
						array([0.00143149, 0.00423809, 0.0646521 , 0.02048309, 0.02799046,
       0.00866403, 0.01164182, 0.00863756, 0.04866783, 0.00670349])

 27029.3703587			array([156.1181197 , -44.50859485,   4.31916343,  -0.20159204,
         0.41325219, -15.9219683 ,  11.26812992,   0.92956391,
        -0.78939785,  34.86216555])
						array([0.00035685, 0.00105649, 0.01611683, 0.00510614, 0.00697761,
       0.00215982, 0.00290214, 0.00215322, 0.01213218, 0.00167108])

 27029.138377			array([156.11780198, -44.50947175,   4.31493653,  -0.20508209,
         0.41026536, -15.92240676,  11.2718752 ,   0.92851907,
        -0.77066499,  34.86069122])
						array([0.00035685, 0.00105649, 0.01611683, 0.00510614, 0.00697761,
       0.00215982, 0.00290214, 0.00215322, 0.01213218, 0.00167108])

 27028.9866381			array([156.11743381, -44.50839217,   4.33520575,  -0.20792575,
         0.41465218, -15.92231167,  11.27316123,   0.92700774,
        -0.74281875,  34.85884936])
						array([0.00043518, 0.00128841, 0.01965467, 0.006227  , 0.00850929,
       0.00263392, 0.00353919, 0.00262588, 0.01479534, 0.00203791])

 27028.8999517			array([156.11680192, -44.50720927,   4.34511973,  -0.21272059,
         0.42639427, -15.92330179,  11.26793111,   0.93005863,
        -0.73721507,  34.86146451])
						array([0.00053071, 0.00157123, 0.02396911, 0.0075939 , 0.01037718,
       0.0032121 , 0.00431609, 0.00320229, 0.0180431 , 0.00248525])

 27027.9418142			array([156.11653841, -44.49922704,   4.31087067,  -0.2113515 ,
         0.43335449, -15.92489083,  11.26910386,   0.93521099,
        -0.79380376,  34.86126154])
						array([0.00117382, 0.00347523, 0.05301472, 0.01679614, 0.02295218,
       0.0071045 , 0.00954629, 0.0070828 , 0.03990762, 0.00549686])

 27027.7933088			array([156.1158612 , -44.49437682,   4.27564073,  -0.20622198,
         0.45440994, -15.92108813,  11.2486538 ,   0.93128418,
        -0.8006784 ,  34.85564789])
						array([0.00143149, 0.00423809, 0.0646521 , 0.02048309, 0.02799046,
       0.00866403, 0.01164182, 0.00863756, 0.04866783, 0.00670349])

 27027.4559611			array([156.11587685, -44.49257729,   4.30164742,  -0.20030006,
         0.44602498, -15.92125034,  11.2421368 ,   0.92700083,
        -0.79687916,  34.85543434])
						array([0.00053071, 0.00157123, 0.02396911, 0.0075939 , 0.01037718,
       0.0032121 , 0.00431609, 0.00320229, 0.0180431 , 0.00248525])

 27027.5491034			array([156.11567745, -44.4935279 ,   4.30903558,  -0.21726264,
         0.45158015, -15.92062364,  11.24872174,   0.92894727,
        -0.80989609,  34.85623069])
						array([0.00053071, 0.00157123, 0.02396911, 0.0075939 , 0.01037718,
       0.0032121 , 0.00431609, 0.00320229, 0.0180431 , 0.00248525])

 27027.5206807			array([156.11480174, -44.49562598,   4.30814947,  -0.22596924,
         0.46406174, -15.91948425,  11.24598878,   0.93072637,
        -0.80051165,  34.8573624 ])
						array([0.00064721, 0.00191613, 0.02923062, 0.00926085, 0.0126551 ,
       0.0039172 , 0.00526352, 0.00390523, 0.02200378, 0.00303079])

 27027.3940739			array([156.11502168, -44.48988164,   4.30016793,  -0.24906811,
         0.47847631, -15.92963741,  11.23862266,   0.93198684,
        -0.7316814 ,  34.85659601])
						array([0.00143149, 0.00423809, 0.0646521 , 0.02048309, 0.02799046,
       0.00866403, 0.01164182, 0.00863756, 0.04866783, 0.00670349])

 27027.3558913			array([156.11537439, -44.48828925,   4.31721735,  -0.2485516 ,
         0.48406005, -15.92789269,  11.23741385,   0.93612184,
        -0.75407795,  34.85831866])
						array([0.00035685, 0.00105649, 0.01611683, 0.00510614, 0.00697761,
       0.00215982, 0.00290214, 0.00215322, 0.01213218, 0.00167108])

 27027.4247341			array([156.11553869, -44.4883093 ,   4.30586054,  -0.24880904,
         0.48603195, -15.92823607,  11.2387028 ,   0.93875816,
        -0.75211928,  34.85834774])
						array([0.00023995, 0.00071039, 0.01083696, 0.00343337, 0.00469175,
       0.00145226, 0.0019514 , 0.00144782, 0.00815768, 0.00112364])

 27027.3014596			array([156.11537701, -44.48772532,   4.30076493,  -0.24285134,
         0.48445056, -15.92769715,  11.23641248,   0.93771793,
        -0.7503793 ,  34.85833302])
						array([0.00029262, 0.00086633, 0.0132158 , 0.00418703, 0.00572164,
       0.00177105, 0.00237975, 0.00176564, 0.00994839, 0.00137029])

 27027.2648484			array([156.11530763, -44.48786656,   4.3171017 ,  -0.2456252 ,
         0.48556893, -15.9316879 ,  11.23972963,   0.93740362,
        -0.75510284,  34.85767178])
						array([0.00043518, 0.00128841, 0.01965467, 0.006227  , 0.00850929,
       0.00263392, 0.00353919, 0.00262588, 0.01479534, 0.00203791])

 27027.0882306			array([156.11535542, -44.48554665,   4.31638996,  -0.25217676,
         0.48383666, -15.92998293,  11.24178383,   0.93977502,
        -0.75732882,  34.85848378])
						array([0.00053071, 0.00157123, 0.02396911, 0.0075939 , 0.01037718,
       0.0032121 , 0.00431609, 0.00320229, 0.0180431 , 0.00248525])

 27026.9899656			array([156.11514987, -44.48489859,   4.34347605,  -0.25711197,
         0.46817091, -15.93324949,  11.24074738,   0.94663749,
        -0.7701111 ,  34.85611043])
						array([0.00053071, 0.00157123, 0.02396911, 0.0075939 , 0.01037718,
       0.0032121 , 0.00431609, 0.00320229, 0.0180431 , 0.00248525])

 27026.7783126			array([156.11589522, -44.48463859,   4.32342708,  -0.24862464,
         0.47001818, -15.93252508,  11.24694352,   0.94168733,
        -0.75116459,  34.85572878])
						array([0.00053071, 0.00157123, 0.02396911, 0.0075939 , 0.01037718,
       0.0032121 , 0.00431609, 0.00320229, 0.0180431 , 0.00248525])

 27026.4255511			array([156.11541358, -44.482248  ,   4.31136322,  -0.25766678,
         0.47545509, -15.93888319,  11.25503064,   0.93856683,
        -0.75472296,  34.85242115])
						array([0.00064721, 0.00191613, 0.02923062, 0.00926085, 0.0126551 ,
       0.0039172 , 0.00526352, 0.00390523, 0.02200378, 0.00303079])

 27026.3480235			array([156.11545678, -44.481507  ,   4.29594083,  -0.25673614,
         0.46688901, -15.9436597 ,  11.25647189,   0.939428  ,
        -0.75380975,  34.85402971])
						array([0.00043518, 0.00128841, 0.01965467, 0.006227  , 0.00850929,
       0.00263392, 0.00353919, 0.00262588, 0.01479534, 0.00203791])

 27026.1567431			array([156.11482764, -44.48006375,   4.28679709,  -0.26031285,
         0.46970072, -15.94180896,  11.25627115,   0.93796627,
        -0.75087041,  34.85244964])
						array([0.00035685, 0.00105649, 0.01611683, 0.00510614, 0.00697761,
       0.00215982, 0.00290214, 0.00215322, 0.01213218, 0.00167108])

 27025.7474575			array([156.11429283, -44.48049701,   4.30290061,  -0.25101086,
         0.46705921, -15.9417144 ,  11.2586756 ,   0.9404177 ,
        -0.76493848,  34.85167542])
						array([0.00043518, 0.00128841, 0.01965467, 0.006227  , 0.00850929,
       0.00263392, 0.00353919, 0.00262588, 0.01479534, 0.00203791])

 27025.6821331			array([156.11434757, -44.4802477 ,   4.30258798,  -0.24139922,
         0.45788553, -15.94553682,  11.25318726,   0.94051957,
        -0.75290846,  34.85254248])
						array([0.00064721, 0.00191613, 0.02923062, 0.00926085, 0.0126551 ,
       0.0039172 , 0.00526352, 0.00390523, 0.02200378, 0.00303079])

 27025.5871894			array([156.11487959, -44.47555607,   4.31055182,  -0.22705087,
         0.45095272, -15.94571872,  11.25422363,   0.94383636,
        -0.72598551,  34.85430541])
						array([0.00078928, 0.00233675, 0.0356471 , 0.01129372, 0.01543304,
       0.00477707, 0.00641893, 0.00476248, 0.02683388, 0.00369609])

 27024.744169			array([156.11424755, -44.47294893,   4.29892066,  -0.2272867 ,
         0.43110507, -15.95099789,  11.25269684,   0.94012985,
        -0.76009927,  34.84545369])
						array([0.00096253, 0.00284969, 0.04347207, 0.01377283, 0.01882078,
       0.00582569, 0.00782796, 0.0058079 , 0.03272425, 0.00450743])

 27024.4040169			array([156.11374718, -44.47067824,   4.32170709,  -0.2242738 ,
         0.41592211, -15.9496902 ,  11.25592023,   0.94094144,
        -0.74971408,  34.84337491])
						array([0.00043518, 0.00128841, 0.01965467, 0.006227  , 0.00850929,
       0.00263392, 0.00353919, 0.00262588, 0.01479534, 0.00203791])

 27024.317409			array([156.11404594, -44.46894179,   4.29721552,  -0.22077448,
         0.42399833, -15.95152389,  11.25609514,   0.94341302,
        -0.75292799,  34.84304412])
						array([0.00035685, 0.00105649, 0.01611683, 0.00510614, 0.00697761,
       0.00215982, 0.00290214, 0.00215322, 0.01213218, 0.00167108])

 27024.3035109			array([156.11428804, -44.46865901,   4.32116692,  -0.21619254,
         0.41737497, -15.94636415,  11.25290928,   0.94634331,
        -0.76731912,  34.83999787])
						array([0.00043518, 0.00128841, 0.01965467, 0.006227  , 0.00850929,
       0.00263392, 0.00353919, 0.00262588, 0.01479534, 0.00203791])

 27024.236603			array([156.11438386, -44.46626365,   4.33653876,  -0.22561417,
         0.4059081 , -15.94463087,  11.25816827,   0.95171124,
        -0.74478099,  34.83611493])
						array([0.00078928, 0.00233675, 0.0356471 , 0.01129372, 0.01543304,
       0.00477707, 0.00641893, 0.00476248, 0.02683388, 0.00369609])

 27024.1120883			array([156.11443222, -44.46642848,   4.30889836,  -0.23189579,
         0.40636916, -15.94701727,  11.25660232,   0.95370353,
        -0.74441589,  34.83314084])
						array([0.00035685, 0.00105649, 0.01611683, 0.00510614, 0.00697761,
       0.00215982, 0.00290214, 0.00215322, 0.01213218, 0.00167108])

 27024.0678036			array([156.11422939, -44.4659699 ,   4.29425336,  -0.23344082,
         0.40360847, -15.94858305,  11.25620664,   0.95353535,
        -0.74373444,  34.83047144])
						array([0.00019676, 0.00058252, 0.0088863 , 0.00281536, 0.00384723,
       0.00119085, 0.00160014, 0.00118722, 0.0066893 , 0.00092138])

 27024.0678437			array([156.11403061, -44.46618792,   4.29013425,  -0.23359328,
         0.40895735, -15.94819025,  11.255582  ,   0.95343551,
        -0.73533423,  34.8301129 ])
						array([0.00023995, 0.00071039, 0.01083696, 0.00343337, 0.00469175,
       0.00145226, 0.0019514 , 0.00144782, 0.00815768, 0.00112364])

 27023.9986421			array([156.11391809, -44.46599957,   4.28866533,  -0.23494121,
         0.41395303, -15.94672378,  11.25667534,   0.95339746,
        -0.73421684,  34.83090834])
						array([0.00029262, 0.00086633, 0.0132158 , 0.00418703, 0.00572164,
       0.00177105, 0.00237975, 0.00176564, 0.00994839, 0.00137029])

 27023.9500078			array([156.11354059, -44.46929404,   4.2947014 ,  -0.24163287,
         0.41738718, -15.94807927,  11.2597202 ,   0.9530215 ,
        -0.74761063,  34.82832398])
						array([0.00064721, 0.00191613, 0.02923062, 0.00926085, 0.0126551 ,
       0.0039172 , 0.00526352, 0.00390523, 0.02200378, 0.00303079])

 27023.8575948			array([156.11319519, -44.47102695,   4.29383906,  -0.23661295,
         0.44055664, -15.94530402,  11.25896399,   0.95349111,
        -0.75727375,  34.82685803])
						array([0.00029262, 0.00086633, 0.0132158 , 0.00418703, 0.00572164,
       0.00177105, 0.00237975, 0.00176564, 0.00994839, 0.00137029])

 27023.8293655			array([156.11305744, -44.47095228,   4.28887734,  -0.23541221,
         0.43939931, -15.94509744,  11.25931796,   0.95344701,
        -0.75681795,  34.82654536])
						array([0.00010848, 0.00032118, 0.00489962, 0.0015523 , 0.00212124,
       0.0006566 , 0.00088227, 0.00065459, 0.00368826, 0.00050802])

 27023.806505			array([156.11291219, -44.47110835,   4.29060003,  -0.23398362,
         0.4382969 , -15.94598476,  11.2582117 ,   0.9531902 ,
        -0.75435257,  34.82662842])
						array([8.89573692e-05, 2.63368664e-04, 4.01769145e-03, 1.27288588e-03,
       1.73941791e-03, 5.38410842e-04, 7.23460306e-04, 5.36766285e-04,
       3.02437668e-03, 4.16576727e-04])

 27023.7916452			array([156.11283829, -44.47099391,   4.29087006,  -0.23388263,
         0.44021696, -15.94656604,  11.25793171,   0.95373178,
        -0.76185187,  34.82684637])
						array([0.00010848, 0.00032118, 0.00489962, 0.0015523 , 0.00212124,
       0.0006566 , 0.00088227, 0.00065459, 0.00368826, 0.00050802])

 27023.7674621			array([156.11275554, -44.47142207,   4.29887586,  -0.23295251,
         0.43703394, -15.94668174,  11.25706411,   0.95273253,
        -0.75989561,  34.82769359])
						array([0.00023995, 0.00071039, 0.01083696, 0.00343337, 0.00469175,
       0.00145226, 0.0019514 , 0.00144782, 0.00815768, 0.00112364])

------------------------------------ 


------------------------------------ 
TOTAL GENERATIONS: 1000
------------------------------------ 
