------------------------------------ 
PARAMETERS used: 
 - DNA SIZE: '10'
 - c: '0.82'
 - s: '10'
 - num rotors in robot: '10'
 - num total generations: '1000'
------------------------------------ 


------------------------------------ 
Fitness_value		Individual
------------------------------------ 
 103069.7427			array([ -88.62086683,  -15.59237161,  -92.53704326, -138.5860595 ,
        -85.05534089,   90.59745545, -145.36373511, -116.96737581,
        -30.07714895, -114.76823815])
						array([6.81666034, 6.17564886, 9.71353522, 2.53663107, 3.94886428,
       7.91391269, 8.22139488, 8.73778787, 0.69343015, 9.04115741])

 98564.9166248			array([ -93.41248863,  -18.8496816 ,  -90.96463398, -138.30109541,
        -85.15495798,   94.98364897, -139.75695766, -111.3171874 ,
        -29.99996836, -101.02248443])
						array([3.75848838, 3.40505516, 5.35573249, 1.3986172 , 2.1772774 ,
       4.36347821, 4.53301405, 4.81773662, 0.38233519, 4.98500488])

 98183.4985125			array([ -93.70779803,  -16.18560333, -107.5577476 , -137.75230928,
        -86.568816  ,   98.49934314, -132.54742991, -102.04618029,
        -30.02556301,  -98.73996858])
						array([4.58352241, 4.15250629, 6.53138108, 1.70563073, 2.65521634,
       5.3213149 , 5.52806592, 5.87528856, 0.46626243, 6.07927424])

 97867.498388			array([ -92.14022593,  -17.32926132, -103.19250784, -135.31125119,
        -86.15249201,  100.98607385, -130.01376764, -106.32332242,
        -30.31871678, -102.72276849])
						array([5.58966148, 5.06403206, 7.96509888, 2.08003748, 3.23806871,
       6.48940841, 6.7415438 , 7.16498605, 0.56861272, 7.41374907])

 97640.5152849			array([ -79.6440838 ,   -7.2753138 , -101.77181668, -135.47276445,
        -82.57603396,  111.18953916, -119.53700381, -111.84737716,
        -31.40381091, -113.42955393])
						array([6.81666034, 6.17564886, 9.71353522, 2.53663107, 3.94886428,
       7.91391269, 8.22139488, 8.73778787, 0.69343015, 9.04115741])

 95933.2345816			array([ -77.13406728,   -2.44655799, -101.99025832, -138.00375118,
        -87.51144985,  115.94576183, -121.55643039,  -93.33449723,
        -31.66391178, -111.09934982])
						array([ 8.31300042,  7.53127909, 11.84577466,  3.09345253,  4.81568815,
        9.65111304, 10.02609132, 10.65583886,  0.84564652, 11.02580171])

 91069.8580884			array([ -69.12169463,   -6.36026783, -115.13203916, -138.91776616,
        -86.3278896 ,  114.75256868, -102.11155372,  -96.87734152,
        -31.41216324,  -98.48492353])
						array([10.13780539,  9.1844867 , 14.44606666,  3.77250308,  5.87279043,
       11.76965005, 12.22694064, 12.99492544,  1.03127624, 13.44609965])

 80635.6134796			array([ -88.35094982,    9.73068957,  -62.05497944, -140.15194534,
        -71.7073791 ,   67.07826346, -154.14036056,  -79.99519029,
        -31.51871333,  -78.68667674])
						array([33.34731221, 30.2114643 , 47.51891328, 12.40927729, 19.31796562,
       38.71510449, 40.21931683, 42.7455272 ,  3.39228162, 44.22962032])

 70428.6999238			array([ -73.04999883,    2.16461235,  -34.87983297, -134.1512544 ,
        -64.09190928,   62.06539699, -121.87867417,  -98.81258752,
        -30.99573434, -100.26108354])
						array([10.13780539,  9.1844867 , 14.44606666,  3.77250308,  5.87279043,
       11.76965005, 12.22694064, 12.99492544,  1.03127624, 13.44609965])

 67464.2730308			array([ -71.32551008,   -5.27386985,  -45.74177981, -135.28415296,
        -63.37926155,   66.06739956, -121.17663163,  -85.91461055,
        -29.91103511,  -91.4282466 ])
						array([ 8.31300042,  7.53127909, 11.84577466,  3.09345253,  4.81568815,
        9.65111304, 10.02609132, 10.65583886,  0.84564652, 11.02580171])

 66890.6038163			array([ -54.64236568,  -13.51466439,  -40.99922278, -138.10871145,
        -66.68897428,   70.14847917, -118.26607986,  -82.66340638,
        -30.86219947,  -97.93901776])
						array([10.13780539,  9.1844867 , 14.44606666,  3.77250308,  5.87279043,
       11.76965005, 12.22694064, 12.99492544,  1.03127624, 13.44609965])

 63619.7273145			array([ -58.58734119,   -6.93834897,  -53.08722246, -139.73746328,
        -60.59590663,   71.54271679, -102.61621536,  -73.82902952,
        -31.54778823,  -98.77701506])
						array([12.3631773 , 11.20059354, 17.61715446,  4.60061352,  7.16193955,
       14.35323177, 14.91090322, 15.84747005,  1.25765395, 16.3976825 ])

 59603.6154367			array([ -74.65534761,    3.53152113,  -14.88455281, -140.01447036,
        -64.77716698,   54.99754108,  -85.45575353,  -65.44038975,
        -30.68185206, -110.52955228])
						array([15.07704549, 13.65926041, 21.48433471,  5.61050429,  8.73407262,
       17.50394118, 18.18402831, 19.32618299,  1.53372433, 19.99717378])

 57164.1407722			array([ -46.36320875,    2.0463577 ,  -28.92253285, -146.36204971,
        -61.15255548,   16.08034588, -110.56449333,  -44.54226436,
        -28.0356267 , -107.96454868])
						array([33.34731221, 30.2114643 , 47.51891328, 12.40927729, 19.31796562,
       38.71510449, 40.21931683, 42.7455272 ,  3.39228162, 44.22962032])

 54743.3789011			array([ -52.98837643,    8.49069113,  -15.05791827, -144.30328445,
        -68.99331232,   16.0173192 , -109.95025963,  -55.01042836,
        -28.86999257,  -89.18923131])
						array([12.3631773 , 11.20059354, 17.61715446,  4.60061352,  7.16193955,
       14.35323177, 14.91090322, 15.84747005,  1.25765395, 16.3976825 ])

 52558.1201877			array([ -63.96210711,   12.34798422,  -20.47776791, -146.02616858,
        -64.47634769,    5.49456287,  -82.65566644,  -50.48478371,
        -28.01927783, -100.9215277 ])
						array([10.13780539,  9.1844867 , 14.44606666,  3.77250308,  5.87279043,
       11.76965005, 12.22694064, 12.99492544,  1.03127624, 13.44609965])

 48031.0173416			array([ -76.44624456,   -2.33713961,  -17.56272878, -144.22052225,
        -62.97672574,    0.20443421,  -76.08660853,  -57.0909554 ,
        -28.91458368,  -72.34264305])
						array([12.3631773 , 11.20059354, 17.61715446,  4.60061352,  7.16193955,
       14.35323177, 14.91090322, 15.84747005,  1.25765395, 16.3976825 ])

 43621.1371861			array([ -68.98231554,    7.3339067 ,  -22.95533255, -146.87093232,
        -70.65795333,    3.36089074,  -54.1499177 ,  -53.05616702,
        -28.99521772,  -57.75658175])
						array([15.07704549, 13.65926041, 21.48433471,  5.61050429,  8.73407262,
       17.50394118, 18.18402831, 19.32618299,  1.53372433, 19.99717378])

 36787.8293331			array([ -42.08399592,   -1.09269108,  -71.96575058, -142.27354709,
        -54.79888253,   45.75634311,  -23.01400963,  -32.70643988,
        -26.17105139,  -27.08174608])
						array([27.34479601, 24.77340073, 38.96550889, 10.17560738, 15.84073181,
       31.74638568, 32.9798398 , 35.0513323 ,  2.78167092, 36.26828866])

 29160.7178842			array([ -17.28699582,   14.53480978,  -21.86066448, -142.74436488,
        -60.56057087,   -7.97069891,    4.80308261,  -14.66062224,
        -27.41161413,  -43.6951302 ])
						array([15.07704549, 13.65926041, 21.48433471,  5.61050429,  8.73407262,
       17.50394118, 18.18402831, 19.32618299,  1.53372433, 19.99717378])

 26617.0657116			array([ -12.21474211,   11.85982005,  -16.39315401, -139.34825471,
        -62.03725202,   -3.51945794,  -13.91935508,   -9.57577775,
        -28.41903848,  -25.8931659 ])
						array([15.07704549, 13.65926041, 21.48433471,  5.61050429,  8.73407262,
       17.50394118, 18.18402831, 19.32618299,  1.53372433, 19.99717378])

 25606.5881682			array([  -5.96865377,   18.70348004,  -27.10489077, -135.90301117,
        -56.32240065,    2.1928156 ,  -21.61381695,   -0.93615979,
        -26.81602063,  -27.79920936])
						array([6.81666034, 6.17564886, 9.71353522, 2.53663107, 3.94886428,
       7.91391269, 8.22139488, 8.73778787, 0.69343015, 9.04115741])

 24651.6159787			array([ -10.11821973,   23.97663507,  -28.12694345, -129.88673474,
        -56.84074513,   -8.06074895,  -19.73286962,   -2.6753252 ,
        -26.69702923,  -31.4068457 ])
						array([6.81666034, 6.17564886, 9.71353522, 2.53663107, 3.94886428,
       7.91391269, 8.22139488, 8.73778787, 0.69343015, 9.04115741])

 24359.8816701			array([   9.45905448,   19.48333064,  -41.65071298, -126.01296784,
        -50.89676102,  -15.24119666,  -18.02822136,  -13.0156365 ,
        -27.40609958,  -36.48075179])
						array([ 8.31300042,  7.53127909, 11.84577466,  3.09345253,  4.81568815,
        9.65111304, 10.02609132, 10.65583886,  0.84564652, 11.02580171])

 22963.7453952			array([  16.58161871,   15.41636987,  -45.41332682, -118.61687184,
        -44.39510637,  -18.13139798,   -9.84318438,  -16.54687209,
        -28.66361698,  -44.03972388])
						array([10.13780539,  9.1844867 , 14.44606666,  3.77250308,  5.87279043,
       11.76965005, 12.22694064, 12.99492544,  1.03127624, 13.44609965])

 21569.4300008			array([  19.32907465,  -12.73444463,  -59.37450056, -108.42257214,
        -40.40230812,    5.99309333,  -35.74802276,   -1.3768484 ,
        -28.73100116,  -32.28563888])
						array([18.38664084, 16.65763465, 26.20040818,  6.8420784 , 10.65130807,
       21.34626973, 22.17564428, 23.56851584,  1.87039553, 24.3867973 ])

 20158.5465159			array([  10.07249256,  -32.5065006 ,    0.82120501, -107.08346464,
        -41.79088698,   12.76605317,   -6.51643742,  -41.76188546,
        -31.90409655,  -41.28077482])
						array([27.34479601, 24.77340073, 38.96550889, 10.17560738, 15.84073181,
       31.74638568, 32.9798398 , 35.0513323 ,  2.78167092, 36.26828866])

 19245.9340174			array([  13.69869148,  -34.14957663,   -4.44738189, -105.90339543,
        -41.26885708,   16.61046518,   -1.33533996,  -41.95481026,
        -32.61365851,  -28.28024152])
						array([4.58352241, 4.15250629, 6.53138108, 1.70563073, 2.65521634,
       5.3213149 , 5.52806592, 5.87528856, 0.46626243, 6.07927424])

 18606.6488848			array([  14.52753964,  -36.63830209,    0.78471427, -105.3712219 ,
        -43.85973607,   20.33075811,   -3.96591463,  -33.10161496,
        -33.17201887,  -20.78511886])
						array([3.75848838, 3.40505516, 5.35573249, 1.3986172 , 2.1772774 ,
       4.36347821, 4.53301405, 4.81773662, 0.38233519, 4.98500488])

 18548.5645091			array([  19.8344832 ,  -37.13264433,    2.36406589, -104.72022137,
        -47.0016835 ,   23.37180916,    4.52480907,  -30.31504951,
        -33.0911069 ,  -11.75300077])
						array([4.58352241, 4.15250629, 6.53138108, 1.70563073, 2.65521634,
       5.3213149 , 5.52806592, 5.87528856, 0.46626243, 6.07927424])

 18252.2335405			array([  11.00770739,  -35.94599759,    4.31724213, -106.02688154,
        -47.87791605,    9.5849465 ,   -4.09581002,  -36.00715513,
        -32.84403179,    1.16623273])
						array([6.81666034, 6.17564886, 9.71353522, 2.53663107, 3.94886428,
       7.91391269, 8.22139488, 8.73778787, 0.69343015, 9.04115741])

 17213.5785957			array([  -7.56608003,  -14.20724792,   19.64089702, -106.993788  ,
        -46.9011282 ,   15.68044771,   -0.26365609,  -29.49426702,
        -32.85320374,    3.99396833])
						array([12.3631773 , 11.20059354, 17.61715446,  4.60061352,  7.16193955,
       14.35323177, 14.91090322, 15.84747005,  1.25765395, 16.3976825 ])

 16606.4454875			array([  -8.61589097,  -12.52889153,   14.81909429, -105.83240121,
        -42.395763  ,   19.99947693,   -5.34990612,  -30.83574331,
        -32.54987744,    5.51748519])
						array([3.08196047, 2.79214523, 4.39170064, 1.14686611, 1.78536747,
       3.57805214, 3.71707152, 3.95054403, 0.31351486, 4.087704  ])

 16176.0300164			array([  -4.65681411,   -9.36308851,   14.81950619, -105.89370284,
        -41.0541899 ,   18.28541097,   -4.34034541,  -29.15029775,
        -32.70647211,    8.02310674])
						array([2.52720759, 2.28955909, 3.60119452, 0.94043021, 1.46400133,
       2.93400275, 3.04799865, 3.2394461 , 0.25708218, 3.35191728])

 15800.6187284			array([  -0.67871354,   -9.56622261,   14.08097691, -103.82615706,
        -42.35793667,   19.21065807,   -6.31008266,  -28.52688979,
        -32.45216697,    9.02271296])
						array([3.08196047, 2.79214523, 4.39170064, 1.14686611, 1.78536747,
       3.57805214, 3.71707152, 3.95054403, 0.31351486, 4.087704  ])

 15642.0300471			array([   1.29762507,  -10.21217683,   10.12383263, -104.51618468,
        -42.32084698,   23.26125413,   -4.95381017,  -21.21879546,
        -32.5487688 ,    8.31299508])
						array([3.75848838, 3.40505516, 5.35573249, 1.3986172 , 2.1772774 ,
       4.36347821, 4.53301405, 4.81773662, 0.38233519, 4.98500488])

 15311.5313281			array([  -1.27791139,  -15.59509777,    2.872602  , -103.77560809,
        -39.27369105,   29.60431646,   -3.82747874,  -12.05256178,
        -31.5018956 ,    0.43620787])
						array([ 8.31300042,  7.53127909, 11.84577466,  3.09345253,  4.81568815,
        9.65111304, 10.02609132, 10.65583886,  0.84564652, 11.02580171])

 14582.6771893			array([  17.32919993,  -21.28531319,   -4.33418211, -100.56662366,
        -41.8784137 ,   13.68891341,   -8.12340471,   -8.14462497,
        -31.82335934,    5.26767332])
						array([12.3631773 , 11.20059354, 17.61715446,  4.60061352,  7.16193955,
       14.35323177, 14.91090322, 15.84747005,  1.25765395, 16.3976825 ])

 14501.4598667			array([ 16.12604894, -22.24055376,  -5.18922102, -99.75543735,
       -42.78767224,   6.43559351,  11.4173267 ,  -0.46621763,
       -33.10510702,  -4.03110492])
						array([ 8.31300042,  7.53127909, 11.84577466,  3.09345253,  4.81568815,
        9.65111304, 10.02609132, 10.65583886,  0.84564652, 11.02580171])

 14340.1914651			array([ 15.47215082, -21.8232823 ,  -7.8234618 , -99.6948026 ,
       -41.24824149,   5.23419299,  13.10963587,  -1.06726584,
       -32.85488321,  -4.0598896 ])
						array([1.69929438, 1.53949953, 2.4214432 , 0.63234527, 0.98439449,
       1.97282345, 2.04947429, 2.17820356, 0.17286206, 2.25382918])

 14114.0894571			array([ 1.52093232e+01, -1.97281821e+01, -6.63673460e+00, -9.92439052e+01,
       -4.14836370e+01,  7.12694287e+00,  1.46910331e+01,  3.91909804e-02,
       -3.28262677e+01, -1.12987947e+00])
						array([1.69929438, 1.53949953, 2.4214432 , 0.63234527, 0.98439449,
       1.97282345, 2.04947429, 2.17820356, 0.17286206, 2.25382918])

 14023.1623113			array([ 1.57305597e+01, -1.75902535e+01, -2.15524698e+00, -9.89859218e+01,
       -4.13953504e+01,  6.95046928e+00,  1.59116392e+01, -2.36710632e+00,
       -3.29175781e+01, -2.04641893e-02])
						array([2.07231022, 1.87743845, 2.95297951, 0.77115277, 1.20048109,
       2.40588226, 2.49935889, 2.65634581, 0.21080739, 2.74857217])

 13959.4474682			array([ 15.29394365, -18.99353491,  -3.54343671, -98.10387461,
       -42.25457073,   3.87924843,  17.27526853,  -4.36582674,
       -32.77104541,   4.21015851])
						array([3.08196047, 2.79214523, 4.39170064, 1.14686611, 1.78536747,
       3.57805214, 3.71707152, 3.95054403, 0.31351486, 4.087704  ])

 13909.4948534			array([  8.23113581, -16.9823068 ,   2.85630437, -98.89275804,
       -41.13489553,   8.55844684,  15.24551635,  -7.11596003,
       -33.10573985,   2.53471599])
						array([5.58966148, 5.06403206, 7.96509888, 2.08003748, 3.23806871,
       6.48940841, 6.7415438 , 7.16498605, 0.56861272, 7.41374907])

 13453.6205189			array([  8.73461096, -17.98774125,   0.5428309 , -94.95376773,
       -39.7480194 ,   5.9556274 ,  23.30846128,  -9.68829456,
       -33.70337065,  -4.98459446])
						array([ 8.31300042,  7.53127909, 11.84577466,  3.09345253,  4.81568815,
        9.65111304, 10.02609132, 10.65583886,  0.84564652, 11.02580171])

 13441.1535376			array([  3.02287088, -16.44946122,   3.24479471, -93.94945173,
       -38.69484532,  23.05042803,  20.52325486,  12.0815945 ,
       -34.4775364 ,  -0.80040748])
						array([10.13780539,  9.1844867 , 14.44606666,  3.77250308,  5.87279043,
       11.76965005, 12.22694064, 12.99492544,  1.03127624, 13.44609965])

 12663.2657824			array([  0.69664995,  -7.21881273, -12.05599006, -88.48845231,
       -42.53405772,  24.81673113,   7.81874931,  16.31111949,
       -33.86704916,  -9.42295447])
						array([10.13780539,  9.1844867 , 14.44606666,  3.77250308,  5.87279043,
       11.76965005, 12.22694064, 12.99492544,  1.03127624, 13.44609965])

 12422.9102534			array([  4.04626708,  17.34542438, -10.11447404, -88.40076643,
       -40.0144899 ,  30.35115152,   8.81003183,   2.57160702,
       -33.88937888,  -3.92476312])
						array([ 8.31300042,  7.53127909, 11.84577466,  3.09345253,  4.81568815,
        9.65111304, 10.02609132, 10.65583886,  0.84564652, 11.02580171])

 11992.5894476			array([  4.84632618,  11.07935378,  -6.81051856, -85.55838339,
       -40.00243135,  31.70280768,   9.97920989,  13.73553184,
       -33.11077271,  -6.21600804])
						array([10.13780539,  9.1844867 , 14.44606666,  3.77250308,  5.87279043,
       11.76965005, 12.22694064, 12.99492544,  1.03127624, 13.44609965])

 11692.967289			array([ 18.92128301,  14.39841762,  -1.12939748, -85.14861295,
       -46.30423345,  -3.28406459,  -7.57726118,   5.91210103,
       -36.51696367,  11.84449665])
						array([18.38664084, 16.65763465, 26.20040818,  6.8420784 , 10.65130807,
       21.34626973, 22.17564428, 23.56851584,  1.87039553, 24.3867973 ])

 11418.5062258			array([ 22.66864619,  16.03816997,   2.55695151, -82.28682407,
       -36.55802543,  -2.43309679, -22.65581323,   7.82134562,
       -37.37093744,  22.52410462])
						array([5.58966148, 5.06403206, 7.96509888, 2.08003748, 3.23806871,
       6.48940841, 6.7415438 , 7.16498605, 0.56861272, 7.41374907])

 11114.8577337			array([ 24.04413552,  18.96372073,   4.81361471, -82.33335679,
       -30.94211819, -10.06034058, -22.76350424,  -7.8034927 ,
       -38.06172828,  13.72133939])
						array([5.58966148, 5.06403206, 7.96509888, 2.08003748, 3.23806871,
       6.48940841, 6.7415438 , 7.16498605, 0.56861272, 7.41374907])

 10700.9794954			array([ 2.17310002e+01,  2.18925758e+01,  5.94464427e+00, -8.09009484e+01,
       -3.27557245e+01, -1.33038412e-02, -2.07164285e+01,  1.93708648e+00,
       -3.73378307e+01,  1.34536103e+01])
						array([6.81666034, 6.17564886, 9.71353522, 2.53663107, 3.94886428,
       7.91391269, 8.22139488, 8.73778787, 0.69343015, 9.04115741])

 9492.41790894			array([ 18.63893854,  12.04394449,   0.92719616, -76.00935567,
       -38.08909728,   4.17905987,  -2.03453332,   5.8071594 ,
       -37.82762937,  10.08866897])
						array([10.13780539,  9.1844867 , 14.44606666,  3.77250308,  5.87279043,
       11.76965005, 12.22694064, 12.99492544,  1.03127624, 13.44609965])

 9385.08981671			array([ 16.07164661,   9.76270323,   3.46692954, -76.55910407,
       -37.22198841,   3.50502666,  -3.00285092,   1.23305925,
       -37.84782114,  10.9810314 ])
						array([2.07231022, 1.87743845, 2.95297951, 0.77115277, 1.20048109,
       2.40588226, 2.49935889, 2.65634581, 0.21080739, 2.74857217])

 9275.09714988			array([ 16.50857174,   7.84200426,   3.17493914, -76.32366175,
       -36.58039187,   3.69725867,  -2.49413964,   1.19356985,
       -37.92115375,  11.91679549])
						array([0.76828797, 0.69604124, 1.09478716, 0.28589706, 0.44506617,
       0.89195641, 0.92661192, 0.98481323, 0.0781547 , 1.01900521])

 9215.43389809			array([ 17.13111408,   8.24754043,   1.50508458, -76.33417379,
       -35.63062541,   2.74243121,  -1.92690362,   0.21266192,
       -37.91343478,  12.13365292])
						array([0.93693654, 0.84883078, 1.33510629, 0.34865495, 0.54276362,
       1.08775172, 1.13001454, 1.20099174, 0.09531061, 1.24268929])

 9153.53282137			array([ 16.18527163,   7.65871899,   2.32991559, -76.00524703,
       -36.43200536,   1.11004478,  -2.0230359 ,   1.15495943,
       -37.76855711,  11.93588006])
						array([1.39342139, 1.26238962, 1.98558342, 0.51852312, 0.80720348,
       1.61771523, 1.68056892, 1.78612692, 0.14174689, 1.84813993])

 9032.05140154			array([ 12.1659496 ,   7.89423292,   4.09157122, -75.62987703,
       -35.82671993,   1.22028081,  -0.88646796,   1.30404872,
       -37.73525174,  12.72006054])
						array([1.69929438, 1.53949953, 2.4214432 , 0.63234527, 0.98439449,
       1.97282345, 2.04947429, 2.17820356, 0.17286206, 2.25382918])

 8936.1493294			array([ 11.17734282,   7.57935657,   5.61515286, -76.13659468,
       -34.58037359,  -0.95754939,   4.05611612,   4.08921866,
       -37.77447538,   8.44730029])
						array([3.08196047, 2.79214523, 4.39170064, 1.14686611, 1.78536747,
       3.57805214, 3.71707152, 3.95054403, 0.31351486, 4.087704  ])

 8927.58259717			array([ 11.7438362 ,   7.59405448,   5.42873433, -76.07316107,
       -34.41126944,  -0.74363978,   4.25925471,   3.46156875,
       -37.78118004,   7.91551576])
						array([0.23356467, 0.21160118, 0.3328226 , 0.08691461, 0.13530308,
       0.2711607 , 0.28169621, 0.29938979, 0.02375955, 0.30978438])

 8910.22953275			array([ 11.93498281,   7.70904886,   5.3194359 , -76.11537286,
       -34.44807391,  -0.97660477,   4.40582914,   3.73618649,
       -37.76017142,   7.91622217])
						array([0.12878008, 0.11667012, 0.18350773, 0.04792194, 0.07460179,
       0.14950933, 0.15531827, 0.16507395, 0.01310026, 0.1708052 ])

 8901.96970082			array([ 12.05836822,   7.64455576,   5.25210722, -76.12005979,
       -34.42729903,  -0.98571808,   4.37562293,   3.9665841 ,
       -37.76370103,   8.1084807 ])
						array([0.15704888, 0.14228063, 0.22378992, 0.05844139, 0.09097779,
       0.18232845, 0.18941253, 0.2013097 , 0.01597592, 0.20829902])

 8894.52691842			array([ 12.12130416,   7.62924599,   5.22890088, -76.09529251,
       -34.4155419 ,  -0.95295147,   4.39659098,   3.90644699,
       -37.76803826,   8.05472253])
						array([0.032103  , 0.02908417, 0.04574581, 0.01194624, 0.01859714,
       0.0372705 , 0.03871859, 0.04115054, 0.0032657 , 0.04257925])

 8895.02651243			array([ 12.12228026,   7.62590751,   5.21445959, -76.0799826 ,
       -34.44206686,  -1.03125321,   4.45832434,   3.92348859,
       -37.76432965,   8.03934263])
						array([0.032103  , 0.02908417, 0.04574581, 0.01194624, 0.01859714,
       0.0372705 , 0.03871859, 0.04115054, 0.0032657 , 0.04257925])

 8892.7671259			array([ 12.10463536,   7.6122279 ,   5.27036163, -76.09168288,
       -34.4215995 ,  -0.95210678,   4.46108645,   3.87595463,
       -37.76711649,   7.97516752])
						array([0.03915   , 0.03546849, 0.05578757, 0.01456859, 0.02267944,
       0.04545183, 0.04721779, 0.05018358, 0.00398257, 0.05192592])

 8890.31458324			array([ 12.08807165,   7.62573775,   5.2756982 , -76.07387544,
       -34.40133048,  -0.90380198,   4.43787354,   3.91792461,
       -37.7600086 ,   7.90223639])
						array([0.05822428, 0.0527491 , 0.08296784, 0.02166655, 0.03372909,
       0.06759642, 0.07022277, 0.07463352, 0.00592291, 0.07722475])

 8889.9009591			array([ 12.0320034 ,   7.52044497,   5.35446883, -76.07317681,
       -34.37129277,  -0.99179304,   4.4939282 ,   3.96748825,
       -37.75568403,   7.86842708])
						array([0.07100522, 0.06432817, 0.10118029, 0.02642262, 0.04113304,
       0.08243466, 0.08563753, 0.09101649, 0.00722306, 0.09417652])

 8883.06311194			array([ 12.06330929,   7.48452555,   5.31122349, -76.05847817,
       -34.40740214,  -0.92841574,   4.38629048,   3.85512005,
       -37.75794346,   7.94493584])
						array([0.05822428, 0.0527491 , 0.08296784, 0.02166655, 0.03372909,
       0.06759642, 0.07022277, 0.07463352, 0.00592291, 0.07722475])

 8882.07674599			array([ 12.09087543,   7.44316525,   5.18772061, -76.04621045,
       -34.31802363,  -0.90130775,   4.33460321,   3.87469324,
       -37.75688538,   7.90195348])
						array([0.04774391, 0.04325426, 0.06803363, 0.01776657, 0.02765786,
       0.05542907, 0.05758267, 0.06119949, 0.00485679, 0.06332429])

 8879.47739027			array([ 12.10828959,   7.42941586,   5.30313315, -76.03428588,
       -34.33155377,  -1.03300901,   4.21320598,   3.87104536,
       -37.76270946,   7.91903333])
						array([0.05822428, 0.0527491 , 0.08296784, 0.02166655, 0.03372909,
       0.06759642, 0.07022277, 0.07463352, 0.00592291, 0.07722475])

 8878.35257543			array([ 12.15231842,   7.43044869,   5.32491509, -76.01647602,
       -34.42729128,  -0.89925477,   4.28283939,   3.89097433,
       -37.77249335,   7.90519105])
						array([0.05822428, 0.0527491 , 0.08296784, 0.02166655, 0.03372909,
       0.06759642, 0.07022277, 0.07463352, 0.00592291, 0.07722475])

 8877.70697789			array([ 12.11607242,   7.43353364,   5.33827154, -76.00850061,
       -34.46400803,  -0.96990805,   4.26172082,   3.94202128,
       -37.7662586 ,   7.88097833])
						array([0.05822428, 0.0527491 , 0.08296784, 0.02166655, 0.03372909,
       0.06759642, 0.07022277, 0.07463352, 0.00592291, 0.07722475])

 8874.32108167			array([ 12.19236295,   7.49659149,   5.33513407, -75.97620112,
       -34.41169901,  -1.01059037,   4.30900061,   3.9740654 ,
       -37.77470421,   7.82887574])
						array([0.07100522, 0.06432817, 0.10118029, 0.02642262, 0.04113304,
       0.08243466, 0.08563753, 0.09101649, 0.00722306, 0.09417652])

 8873.84353967			array([ 12.19549819,   7.44275171,   5.36557722, -75.98175391,
       -34.37037784,  -0.9762841 ,   4.32086051,   3.91106796,
       -37.7552408 ,   7.79835133])
						array([0.07100522, 0.06432817, 0.10118029, 0.02642262, 0.04113304,
       0.08243466, 0.08563753, 0.09101649, 0.00722306, 0.09417652])

 8873.18642774			array([ 12.18525936,   7.44259611,   5.36917411, -75.97740846,
       -34.36547654,  -0.97256611,   4.4127022 ,   3.90362337,
       -37.75278619,   7.84974888])
						array([0.032103  , 0.02908417, 0.04574581, 0.01194624, 0.01859714,
       0.0372705 , 0.03871859, 0.04115054, 0.0032657 , 0.04257925])

 8871.73494334			array([ 12.20098959,   7.41783707,   5.37594532, -75.96600873,
       -34.3862364 ,  -0.99243885,   4.36045395,   3.90071553,
       -37.75472657,   7.85008977])
						array([0.032103  , 0.02908417, 0.04574581, 0.01194624, 0.01859714,
       0.0372705 , 0.03871859, 0.04115054, 0.0032657 , 0.04257925])

 8870.75166434			array([ 12.1533979 ,   7.45542592,   5.36359817, -75.96699731,
       -34.38051349,  -1.00147192,   4.33910183,   3.92483008,
       -37.75777207,   7.85775699])
						array([0.03915   , 0.03546849, 0.05578757, 0.01456859, 0.02267944,
       0.04545183, 0.04721779, 0.05018358, 0.00398257, 0.05192592])

 8868.28170049			array([ 12.15488948,   7.49069443,   5.3251671 , -75.93632035,
       -34.35449333,  -1.02911546,   4.39708526,   3.94502365,
       -37.75628955,   7.86032296])
						array([0.03915   , 0.03546849, 0.05578757, 0.01456859, 0.02267944,
       0.04545183, 0.04721779, 0.05018358, 0.00398257, 0.05192592])

 8867.79916782			array([ 12.13135579,   7.43565532,   5.33102653, -75.94339381,
       -34.34102645,  -0.99768709,   4.35993756,   3.91061754,
       -37.75374262,   7.86757808])
						array([0.02632446, 0.02384902, 0.03751157, 0.00979592, 0.01524966,
       0.03056181, 0.03174924, 0.03374344, 0.00267788, 0.03491499])

 8866.81235587			array([ 12.14607172,   7.43042846,   5.31790599, -75.94154225,
       -34.33968912,  -1.01579051,   4.29559169,   3.94954863,
       -37.75092667,   7.9224535 ])
						array([0.032103  , 0.02908417, 0.04574581, 0.01194624, 0.01859714,
       0.0372705 , 0.03871859, 0.04115054, 0.0032657 , 0.04257925])

 8864.91102933			array([ 12.15800968,   7.47461247,   5.32586419, -75.92010158,
       -34.32096929,  -0.93664218,   4.28971277,   3.91472914,
       -37.74726398,   7.96241743])
						array([0.03915   , 0.03546849, 0.05578757, 0.01456859, 0.02267944,
       0.04545183, 0.04721779, 0.05018358, 0.00398257, 0.05192592])

 8865.41951496			array([ 12.05986224,   7.46171636,   5.2202032 , -75.86493203,
       -34.31227362,  -1.04070914,   4.33304615,   4.03645215,
       -37.75513117,   7.9624537 ])
						array([0.10559967, 0.0956695 , 0.15047634, 0.03929599, 0.06117347,
       0.12259765, 0.12736098, 0.13536064, 0.01074221, 0.14006026])

 8861.04570546			array([ 12.14575265,   7.43451304,   5.28701395, -75.86322607,
       -34.32433302,  -1.00607924,   4.36698571,   3.99161019,
       -37.75973141,   7.86000195])
						array([0.032103  , 0.02908417, 0.04574581, 0.01194624, 0.01859714,
       0.0372705 , 0.03871859, 0.04115054, 0.0032657 , 0.04257925])

 8859.61117492			array([ 12.17475948,   7.41611586,   5.26302398, -75.85413321,
       -34.30943849,  -1.03111756,   4.34836119,   3.98403809,
       -37.76169182,   7.90909607])
						array([0.02632446, 0.02384902, 0.03751157, 0.00979592, 0.01524966,
       0.03056181, 0.03174924, 0.03374344, 0.00267788, 0.03491499])

 8858.65252713			array([ 12.19321594,   7.445825  ,   5.3354854 , -75.8574208 ,
       -34.28775362,  -1.00319574,   4.35054991,   3.96901083,
       -37.76051544,   7.92100075])
						array([0.032103  , 0.02908417, 0.04574581, 0.01194624, 0.01859714,
       0.0372705 , 0.03871859, 0.04115054, 0.0032657 , 0.04257925])

 8859.34417749			array([ 12.17418071,   7.43762269,   5.39437241, -75.83786154,
       -34.27988735,  -0.91838604,   4.3401445 ,   3.89836375,
       -37.7594079 ,   7.989632  ])
						array([0.04774391, 0.04325426, 0.06803363, 0.01776657, 0.02765786,
       0.05542907, 0.05758267, 0.06119949, 0.00485679, 0.06332429])

 8857.27016253			array([ 12.17244425,   7.45963859,   5.3628555 , -75.84342621,
       -34.29230246,  -0.94133864,   4.33412684,   3.92783369,
       -37.75714474,   7.94136783])
						array([0.02158606, 0.01955619, 0.03075948, 0.00803265, 0.01250472,
       0.02506069, 0.02603438, 0.02766962, 0.00219586, 0.02863029])

 8857.08305727			array([ 12.15535732,   7.44906967,   5.37554161, -75.84080495,
       -34.29501813,  -0.97437226,   4.34199944,   3.93408959,
       -37.75750987,   7.94244238])
						array([0.00975953, 0.00884178, 0.01390703, 0.00363174, 0.00565366,
       0.01133048, 0.01177071, 0.01251004, 0.0009928 , 0.01294438])

 8857.45885044			array([ 12.16560824,   7.46065545,   5.38310238, -75.84542379,
       -34.29379327,  -0.97700779,   4.32519842,   3.93479923,
       -37.75566138,   7.93931205])
						array([0.00975953, 0.00884178, 0.01390703, 0.00363174, 0.00565366,
       0.01133048, 0.01177071, 0.01251004, 0.0009928 , 0.01294438])

 8856.86604154			array([ 12.16749902,   7.46507156,   5.37776083, -75.84274679,
       -34.29758097,  -0.97975595,   4.34174412,   3.93709885,
       -37.75399916,   7.92354789])
						array([0.01190186, 0.01078266, 0.01695979, 0.00442895, 0.0068947 ,
       0.01381766, 0.01435452, 0.01525614, 0.00121073, 0.01578583])

 8857.18044313			array([ 12.16849507,   7.47972455,   5.38032886, -75.84464485,
       -34.2926966 ,  -0.98327361,   4.31180061,   3.94061527,
       -37.75495811,   7.92284324])
						array([0.01770057, 0.01603608, 0.02522278, 0.00658678, 0.01025387,
       0.02054976, 0.02134819, 0.02268909, 0.0018006 , 0.02347684])

 8857.21918776			array([ 12.17023879,   7.51523213,   5.34802412, -75.84252945,
       -34.30988416,  -0.94899522,   4.29953274,   3.91432971,
       -37.75640509,   7.92775068])
						array([0.02632446, 0.02384902, 0.03751157, 0.00979592, 0.01524966,
       0.03056181, 0.03174924, 0.03374344, 0.00267788, 0.03491499])

 8856.83907362			array([ 12.15547177,   7.50823353,   5.35404345, -75.83850848,
       -34.26986317,  -0.98046264,   4.23953133,   3.91674538,
       -37.7487888 ,   7.90031318])
						array([0.05822428, 0.0527491 , 0.08296784, 0.02166655, 0.03372909,
       0.06759642, 0.07022277, 0.07463352, 0.00592291, 0.07722475])

 8857.22704586			array([ 12.17365249,   7.52680225,   5.33445742, -75.83374164,
       -34.27645299,  -0.96341461,   4.21602709,   3.88604268,
       -37.74587544,   7.90954613])
						array([0.01190186, 0.01078266, 0.01695979, 0.00442895, 0.0068947 ,
       0.01381766, 0.01435452, 0.01525614, 0.00121073, 0.01578583])

 8856.88007605			array([ 12.15970606,   7.51927416,   5.3335121 , -75.8323801 ,
       -34.28933062,  -0.96651761,   4.21125232,   3.91451407,
       -37.74420767,   7.92941939])
						array([0.01190186, 0.01078266, 0.01695979, 0.00442895, 0.0068947 ,
       0.01381766, 0.01435452, 0.01525614, 0.00121073, 0.01578583])

 8857.30310796			array([ 12.15257524,   7.50947531,   5.31952589, -75.83936912,
       -34.29370067,  -0.9765807 ,   4.21027139,   3.92436485,
       -37.7420012 ,   7.93273205])
						array([0.01451447, 0.01314958, 0.02068268, 0.00540116, 0.00840817,
       0.01685081, 0.01750552, 0.01860505, 0.0014765 , 0.01925101])

 8856.94420972			array([ 12.17131657,   7.50994326,   5.27311972, -75.83782507,
       -34.30254205,  -0.97837337,   4.22361009,   3.9324758 ,
       -37.74446354,   7.93658782])
						array([0.01770057, 0.01603608, 0.02522278, 0.00658678, 0.01025387,
       0.02054976, 0.02134819, 0.02268909, 0.0018006 , 0.02347684])

 8857.28402684			array([ 12.14806845,   7.54902327,   5.25221674, -75.81850788,
       -34.31773935,  -0.98162658,   4.20109069,   3.96206418,
       -37.74075688,   7.95495965])
						array([0.032103  , 0.02908417, 0.04574581, 0.01194624, 0.01859714,
       0.0372705 , 0.03871859, 0.04115054, 0.0032657 , 0.04257925])

 8855.45804043			array([ 12.16018941,   7.58039164,   5.30427344, -75.81562297,
       -34.32030748,  -0.99742932,   4.2466015 ,   3.91905655,
       -37.73778311,   7.96416247])
						array([0.02158606, 0.01955619, 0.03075948, 0.00803265, 0.01250472,
       0.02506069, 0.02603438, 0.02766962, 0.00219586, 0.02863029])

 8855.20651577			array([ 12.17271595,   7.55862195,   5.27827443, -75.81904522,
       -34.3291826 ,  -1.01100605,   4.23097292,   3.89863269,
       -37.73531591,   7.92090255])
						array([0.02158606, 0.01955619, 0.03075948, 0.00803265, 0.01250472,
       0.02506069, 0.02603438, 0.02766962, 0.00219586, 0.02863029])

 8854.84299522			array([ 12.19782976,   7.56519398,   5.23308018, -75.81518986,
       -34.3219694 ,  -1.02497935,   4.26086925,   3.91434782,
       -37.73214087,   7.90966606])
						array([0.02632446, 0.02384902, 0.03751157, 0.00979592, 0.01524966,
       0.03056181, 0.03174924, 0.03374344, 0.00267788, 0.03491499])

 8853.88869592			array([ 12.24694722,   7.56602494,   5.19826283, -75.78583466,
       -34.28934683,  -1.03152725,   4.2593499 ,   3.85852795,
       -37.73584255,   7.92967945])
						array([0.05822428, 0.0527491 , 0.08296784, 0.02166655, 0.03372909,
       0.06759642, 0.07022277, 0.07463352, 0.00592291, 0.07722475])

 8850.87523762			array([ 12.17722445,   7.62660764,   5.18040439, -75.72721111,
       -34.29175709,  -1.12288572,   4.25112968,   3.85503966,
       -37.73203588,   7.90202792])
						array([0.08659173, 0.07844899, 0.1233906 , 0.03222271, 0.05016224,
       0.10053008, 0.10443601, 0.11099572, 0.00880861, 0.11484941])

 8851.45153184			array([ 12.25231545,   7.64879846,   5.18721271, -75.68952623,
       -34.33589289,  -1.17677503,   4.18621715,   3.94728501,
       -37.7285247 ,   7.89765121])
						array([0.10559967, 0.0956695 , 0.15047634, 0.03929599, 0.06117347,
       0.12259765, 0.12736098, 0.13536064, 0.01074221, 0.14006026])

 8845.86269674			array([ 12.00672516,   7.2296415 ,   5.40263518, -75.56796453,
       -34.06896383,  -0.89573119,   3.30844853,   4.41732384,
       -37.74017398,   8.16623163])
						array([0.34735971, 0.31469539, 0.4949771 , 0.12926028, 0.2012241 ,
       0.4032729 , 0.41894141, 0.44525549, 0.03533544, 0.46071443])

 8784.94650769			array([ 11.89258504,   6.53721476,   4.69510183, -75.50132362,
       -33.52339676,  -1.30207709,   2.27525332,   3.60165407,
       -37.72826126,   8.38647384])
						array([0.51659683, 0.46801813, 0.73613489, 0.19223718, 0.29926249,
       0.59975149, 0.62305386, 0.66218841, 0.05255122, 0.68517911])

 8731.84354778			array([ 12.32596942,   6.70550634,   3.94404275, -75.37435133,
       -33.44513008,  -1.63768659,   3.29175898,   3.91158122,
       -37.7585163 ,   8.04355518])
						array([0.62999613, 0.57075381, 0.89772547, 0.23443559, 0.36495426,
       0.73140426, 0.75982178, 0.80754685, 0.06408685, 0.83558428])

 8679.53628049			array([ 11.33808605,   7.41080476,   5.99501856, -75.11298287,
       -32.74860505,  -0.52074384,   2.01339023,   3.14085955,
       -37.87692088,   8.67192225])
						array([1.39342139, 1.26238962, 1.98558342, 0.51852312, 0.80720348,
       1.61771523, 1.68056892, 1.78612692, 0.14174689, 1.84813993])

 8521.24063148			array([ 10.774703  ,  10.23364496,   8.00942925, -74.19950243,
       -31.47046854,  -3.31433114,   0.16604643,   1.7018708 ,
       -37.90612919,  10.07929457])
						array([1.69929438, 1.53949953, 2.4214432 , 0.63234527, 0.98439449,
       1.97282345, 2.04947429, 2.17820356, 0.17286206, 2.25382918])

 8488.23994349			array([ 10.89477042,  10.30003829,   8.25219972, -74.21375415,
       -29.98138607,  -4.09470634,  -1.04566981,  -3.72164162,
       -37.70380152,  12.8350037 ])
						array([3.75848838, 3.40505516, 5.35573249, 1.3986172 , 2.1772774 ,
       4.36347821, 4.53301405, 4.81773662, 0.38233519, 4.98500488])

 8185.09344888			array([ 12.80647073,   8.7207819 ,  16.71690977, -70.36043641,
       -29.63748017,  -9.72040774,  -4.38687593,  -8.01663593,
       -37.34807746,   8.0925963 ])
						array([4.58352241, 4.15250629, 6.53138108, 1.70563073, 2.65521634,
       5.3213149 , 5.52806592, 5.87528856, 0.46626243, 6.07927424])

 8019.8748835			array([  7.88287807,   1.60329529,  18.40519024, -70.73199592,
       -29.37407432,  -2.99025944,  -4.77787079,  -3.57820147,
       -37.17155386,   3.30453629])
						array([5.58966148, 5.06403206, 7.96509888, 2.08003748, 3.23806871,
       6.48940841, 6.7415438 , 7.16498605, 0.56861272, 7.41374907])

 7905.17444305			array([  3.03523623,   4.52322575,  27.32198287, -68.35266742,
       -25.71623507,  -8.57499958,  -8.465052  ,  -3.11952003,
       -36.42010194,  -3.30576879])
						array([5.58966148, 5.06403206, 7.96509888, 2.08003748, 3.23806871,
       6.48940841, 6.7415438 , 7.16498605, 0.56861272, 7.41374907])

 7862.15946703			array([  3.29020611,   2.35119539,  24.18433158, -68.86336563,
       -26.63041995,  -7.76767915,  -7.73700297,  -5.37436746,
       -36.22043583,  -2.84183756])
						array([1.39342139, 1.26238962, 1.98558342, 0.51852312, 0.80720348,
       1.61771523, 1.68056892, 1.78612692, 0.14174689, 1.84813993])

 7809.37110792			array([  3.6414343 ,   3.44818797,  23.60695085, -68.77212583,
       -26.33824206,  -8.01912107,  -7.99982913,  -4.17596668,
       -36.08150825,  -3.11224156])
						array([0.4236094 , 0.38377487, 0.60363061, 0.15763449, 0.24539524,
       0.49179622, 0.51090416, 0.5429945 , 0.043092  , 0.56184687])

 7809.26189359			array([  3.52188806,   3.30868494,  23.1877012 , -68.82077022,
       -26.27378666,  -7.82501204,  -7.98470767,  -4.40114573,
       -36.08523977,  -2.83635885])
						array([0.15704888, 0.14228063, 0.22378992, 0.05844139, 0.09097779,
       0.18232845, 0.18941253, 0.2013097 , 0.01597592, 0.20829902])

 7804.97321628			array([  3.43365077,   3.23028621,  22.73660983, -68.86324449,
       -26.36274131,  -7.88191451,  -8.11358462,  -4.34428593,
       -36.06687392,  -2.86806298])
						array([0.12878008, 0.11667012, 0.18350773, 0.04792194, 0.07460179,
       0.14950933, 0.15531827, 0.16507395, 0.01310026, 0.1708052 ])

 7774.43758139			array([  3.3758307 ,   3.09693337,  22.78670334, -68.82409405,
       -26.46553291,  -7.8679775 ,  -7.75532892,  -4.23738712,
       -36.07007089,  -2.98314734])
						array([0.15704888, 0.14228063, 0.22378992, 0.05844139, 0.09097779,
       0.18232845, 0.18941253, 0.2013097 , 0.01597592, 0.20829902])

 7756.17012315			array([  3.13113644,   3.2461144 ,  22.57661726, -68.72460521,
       -26.53106135,  -7.759182  ,  -7.77516324,  -4.46247871,
       -36.08172449,  -2.99688514])
						array([0.23356467, 0.21160118, 0.3328226 , 0.08691461, 0.13530308,
       0.2711607 , 0.28169621, 0.29938979, 0.02375955, 0.30978438])

 7738.8862096			array([  3.12598525,   2.24021364,  22.37847357, -68.38425723,
       -25.88174608, -10.22051862,  -9.80538633,  -5.99904133,
       -36.07251346,  -2.94040003])
						array([0.93693654, 0.84883078, 1.33510629, 0.34865495, 0.54276362,
       1.08775172, 1.13001454, 1.20099174, 0.09531061, 1.24268929])

 7662.29213578			array([  1.59741362,   2.05090132,  20.05029608, -67.81865767,
       -26.44811053, -10.3338835 ,  -6.97003978,  -5.52750434,
       -36.11187945,  -5.1824792 ])
						array([1.14260554, 1.03515948, 1.62817841, 0.42518896, 0.66190686,
       1.32652649, 1.37806651, 1.46462407, 0.11623245, 1.51547474])

 7415.24135718			array([  0.77281565,   1.78023966,  19.12926999, -67.25101539,
       -24.79279829,  -6.13574479,  -7.14957852,  -5.89831544,
       -36.27652137,  -7.0276368 ])
						array([1.69929438, 1.53949953, 2.4214432 , 0.63234527, 0.98439449,
       1.97282345, 2.04947429, 2.17820356, 0.17286206, 2.25382918])

 7183.66323422			array([  3.09763622,  -0.07326609,  17.1636705 , -66.37459262,
       -24.19049181,  -4.5407522 ,  -4.65371765,  -6.23868686,
       -36.35407126,  -7.94859818])
						array([2.07231022, 1.87743845, 2.95297951, 0.77115277, 1.20048109,
       2.40588226, 2.49935889, 2.65634581, 0.21080739, 2.74857217])

 7099.155322			array([  5.88678055,  -1.28157175,  16.16830917, -66.92409397,
       -22.85717996,  -2.87686817,  -7.02547961,  -3.37228526,
       -36.67647694,  -3.21614299])
						array([2.52720759, 2.28955909, 3.60119452, 0.94043021, 1.46400133,
       2.93400275, 3.04799865, 3.2394461 , 0.25708218, 3.35191728])

 7093.87334645			array([ 22.65130899,  -5.62327587,   3.43085394, -63.38467053,
       -20.40741482,  13.63799852, -19.02687092,   6.32930311,
       -34.97736906,  -0.88352649])
						array([6.81666034, 6.17564886, 9.71353522, 2.53663107, 3.94886428,
       7.91391269, 8.22139488, 8.73778787, 0.69343015, 9.04115741])

 6899.57575924			array([ 16.04676923,  -3.43566099,   5.82637664, -62.28495446,
       -19.4045534 ,  18.57724162,  -8.11851636,  17.08526097,
       -35.50251416,  -6.6331814 ])
						array([6.81666034, 6.17564886, 9.71353522, 2.53663107, 3.94886428,
       7.91391269, 8.22139488, 8.73778787, 0.69343015, 9.04115741])

 6030.26960769			array([ 13.5202077 ,  -7.6079694 ,  -2.35052353, -58.74901258,
       -16.60718312,   8.71783139, -13.90486602,   8.28307001,
       -36.19479464,  -4.18788782])
						array([ 8.31300042,  7.53127909, 11.84577466,  3.09345253,  4.81568815,
        9.65111304, 10.02609132, 10.65583886,  0.84564652, 11.02580171])

 5416.61563953			array([ 12.15305038,  -4.28778837,  -7.06347096, -55.25103642,
       -12.81770833,   9.06446817,  -7.62772036,   5.52423751,
       -36.32995841,  -9.77904557])
						array([3.75848838, 3.40505516, 5.35573249, 1.3986172 , 2.1772774 ,
       4.36347821, 4.53301405, 4.81773662, 0.38233519, 4.98500488])

 5153.10977242			array([ 11.38896996,  -4.59213956,  -5.29790317, -54.17728205,
       -13.5900999 ,   5.16494565,  -9.32293645,   6.07766407,
       -36.2574857 ,  -5.81191809])
						array([2.07231022, 1.87743845, 2.95297951, 0.77115277, 1.20048109,
       2.40588226, 2.49935889, 2.65634581, 0.21080739, 2.74857217])

 5125.38421395			array([ 11.62713247,  -5.90545391,  -9.48393668, -53.35161445,
       -11.85275378,   6.3880041 ,  -5.97395231,   7.84916299,
       -36.52613793,  -4.95143941])
						array([2.52720759, 2.28955909, 3.60119452, 0.94043021, 1.46400133,
       2.93400275, 3.04799865, 3.2394461 , 0.25708218, 3.35191728])

 5125.45112506			array([  9.71923823,  -3.95695582,  -6.30436404, -53.21707108,
       -10.14454856,   6.71221468,   0.23898857,  17.27000976,
       -36.89746272,  -2.00014806])
						array([3.75848838, 3.40505516, 5.35573249, 1.3986172 , 2.1772774 ,
       4.36347821, 4.53301405, 4.81773662, 0.38233519, 4.98500488])

 4763.67762682			array([ 14.50816954,  -5.20668833,   1.38317599, -50.86389162,
       -13.45600184,   3.03065696,  -2.67247753,  11.09435961,
       -36.85061777,  -3.08529219])
						array([5.58966148, 5.06403206, 7.96509888, 2.08003748, 3.23806871,
       6.48940841, 6.7415438 , 7.16498605, 0.56861272, 7.41374907])

 4601.99572773			array([ 13.43688382,  -6.35182671,  -2.05028783, -49.51507026,
       -12.2351511 ,  -1.36697738,  -2.1115595 ,   8.65376059,
       -36.80787454,  -2.82718208])
						array([2.07231022, 1.87743845, 2.95297951, 0.77115277, 1.20048109,
       2.40588226, 2.49935889, 2.65634581, 0.21080739, 2.74857217])

 4544.46766756			array([ 1.30137669e+01, -7.64737321e+00,  1.31127016e+00, -4.93930335e+01,
       -1.21661058e+01, -4.55859917e-02, -3.51128393e+00,  1.02418260e+01,
       -3.67726549e+01, -1.11982464e+00])
						array([1.69929438, 1.53949953, 2.4214432 , 0.63234527, 0.98439449,
       1.97282345, 2.04947429, 2.17820356, 0.17286206, 2.25382918])

 4532.64727288			array([ 14.64695207,  -7.38757858,   1.21867698, -48.29766391,
       -11.98238108,   1.56132208,  -6.02570322,   6.34343719,
       -36.56481487,  -4.56253124])
						array([2.07231022, 1.87743845, 2.95297951, 0.77115277, 1.20048109,
       2.40588226, 2.49935889, 2.65634581, 0.21080739, 2.74857217])

 4369.83445865			array([ 10.13500801,  -2.66402318,  -0.23810419, -48.20743338,
       -11.30352008,   1.78413344,  -6.28589657,  10.78511509,
       -36.43851058,  -4.31367069])
						array([3.75848838, 3.40505516, 5.35573249, 1.3986172 , 2.1772774 ,
       4.36347821, 4.53301405, 4.81773662, 0.38233519, 4.98500488])

 3926.02165051			array([  3.14222042,   3.51554632,   4.481261  , -45.42227456,
       -11.50789602,   2.80748922,  -4.44046903,   5.44391796,
       -35.86694216,  -8.01331418])
						array([4.58352241, 4.15250629, 6.53138108, 1.70563073, 2.65521634,
       5.3213149 , 5.52806592, 5.87528856, 0.46626243, 6.07927424])

 3840.84018493			array([  1.23200503,   3.55044683,   1.92102747, -45.14076946,
       -10.21959718,   2.38675651,  -5.5613306 ,   1.88640298,
       -35.7961568 ,  -6.7826555 ])
						array([1.14260554, 1.03515948, 1.62817841, 0.42518896, 0.66190686,
       1.32652649, 1.37806651, 1.46462407, 0.11623245, 1.51547474])

 3820.38542745			array([  1.77658527,   3.01594299,   2.49997124, -44.51285311,
       -10.14232839,   1.97318695,  -7.77074027,   2.31572087,
       -35.72607057,  -5.86837818])
						array([1.14260554, 1.03515948, 1.62817841, 0.42518896, 0.66190686,
       1.32652649, 1.37806651, 1.46462407, 0.11623245, 1.51547474])

 3794.44154441			array([  0.91369292,   3.61180328,   3.10057424, -44.19653867,
        -9.96984451,   2.39340171,  -8.56868671,   1.5425891 ,
       -35.6675577 ,  -6.22897042])
						array([1.39342139, 1.26238962, 1.98558342, 0.51852312, 0.80720348,
       1.61771523, 1.68056892, 1.78612692, 0.14174689, 1.84813993])

 3783.03007752			array([  1.42227381,   5.60679943,   7.81243844, -44.64912024,
        -7.22095237,   0.29293953,  -7.05066889,   2.36236489,
       -35.92334989,  -2.14425322])
						array([2.52720759, 2.28955909, 3.60119452, 0.94043021, 1.46400133,
       2.93400275, 3.04799865, 3.2394461 , 0.25708218, 3.35191728])

 3734.56126088			array([  1.4178114 ,   5.30098893,   6.71171887, -44.53609201,
        -5.20965618,  -0.32580239,  -4.53341517,   4.41013629,
       -35.81942849,  -4.48565347])
						array([3.08196047, 2.79214523, 4.39170064, 1.14686611, 1.78536747,
       3.57805214, 3.71707152, 3.95054403, 0.31351486, 4.087704  ])

 3698.15358543			array([ -1.22892813,   6.56200074,   0.41171365, -41.47546559,
        -8.56463908,  -7.44195109, -14.38505993,   9.82046638,
       -35.64976032,   2.1560374 ])
						array([10.13780539,  9.1844867 , 14.44606666,  3.77250308,  5.87279043,
       11.76965005, 12.22694064, 12.99492544,  1.03127624, 13.44609965])

 3530.14116401			array([  0.32759504,   1.74689418,   4.19825827, -37.54350581,
        -4.52696341,  -7.46266837,  -8.99153119,   6.1328278 ,
       -35.71077211, -16.17525462])
						array([5.58966148, 5.06403206, 7.96509888, 2.08003748, 3.23806871,
       6.48940841, 6.7415438 , 7.16498605, 0.56861272, 7.41374907])

 3267.44765679			array([  4.71872326,  -0.4774794 ,  -1.76921964, -37.12402492,
        -1.72875402,  -9.03469622,  -9.32730902,   0.6408879 ,
       -35.59178356,  -9.55415049])
						array([6.81666034, 6.17564886, 9.71353522, 2.53663107, 3.94886428,
       7.91391269, 8.22139488, 8.73778787, 0.69343015, 9.04115741])

 3178.18886696			array([ 1.35450406e+01,  7.25051022e+00,  7.67263881e+00, -3.63886574e+01,
       -4.44924698e+00, -2.51901105e-02,  5.41993990e+00,  7.40418753e+00,
       -3.49940403e+01,  1.55047743e+01])
						array([ 8.31300042,  7.53127909, 11.84577466,  3.09345253,  4.81568815,
        9.65111304, 10.02609132, 10.65583886,  0.84564652, 11.02580171])

 2982.06711972			array([  0.61105597,  -6.53462612,  11.15966083, -31.13809156,
        -3.04517397, -12.97273827,  -3.75829452,  11.29777782,
       -33.95442996,  -7.58970907])
						array([ 8.31300042,  7.53127909, 11.84577466,  3.09345253,  4.81568815,
        9.65111304, 10.02609132, 10.65583886,  0.84564652, 11.02580171])

 2962.40364145			array([  1.22356617,  -2.88913154,   2.22609339, -29.76853666,
         4.26257804, -15.20380044, -12.47920859,  12.55375187,
       -33.63803138,  -7.63861419])
						array([10.13780539,  9.1844867 , 14.44606666,  3.77250308,  5.87279043,
       11.76965005, 12.22694064, 12.99492544,  1.03127624, 13.44609965])

 2751.73009255			array([ 18.91455256,  -1.54262521,   7.48375046, -30.18056464,
         8.5687053 ,  -7.07119719,   2.37346281,  -0.63481527,
       -33.69526688,  -5.83353247])
						array([12.3631773 , 11.20059354, 17.61715446,  4.60061352,  7.16193955,
       14.35323177, 14.91090322, 15.84747005,  1.25765395, 16.3976825 ])

 2700.79472164			array([ -4.05563831,  -8.16120463,   2.95916627, -27.91069483,
        16.79612347,  -5.04563125,  -2.23939594,   7.77475099,
       -33.00250518,  11.70959469])
						array([18.38664084, 16.65763465, 26.20040818,  6.8420784 , 10.65130807,
       21.34626973, 22.17564428, 23.56851584,  1.87039553, 24.3867973 ])

 2621.03162238			array([ -5.51537911,  -5.80373817,   3.28632079, -27.8043738 ,
        16.60474919,  -6.14992002,  -1.78837265,   6.92653504,
       -33.6041905 ,   9.15650245])
						array([2.52720759, 2.28955909, 3.60119452, 0.94043021, 1.46400133,
       2.93400275, 3.04799865, 3.2394461 , 0.25708218, 3.35191728])

 2607.4196605			array([ -4.33551921,  -5.355795  ,   2.13691744, -27.80544961,
        16.59900592,  -6.47790373,  -1.80626888,   6.7268098 ,
       -33.46533442,   7.73832334])
						array([0.76828797, 0.69604124, 1.09478716, 0.28589706, 0.44506617,
       0.89195641, 0.92661192, 0.98481323, 0.0781547 , 1.01900521])

 2559.46172191			array([ -4.37344007,  -6.30055318,   1.42917831, -27.3667923 ,
        16.55010941,  -4.00910083,  -3.71760104,   6.44938658,
       -33.44195593,   7.52332172])
						array([0.93693654, 0.84883078, 1.33510629, 0.34865495, 0.54276362,
       1.08775172, 1.13001454, 1.20099174, 0.09531061, 1.24268929])

 2540.39907345			array([ -5.47705158,  -4.78716726,   3.98043258, -27.37917717,
        15.48318446,  -2.15212863,  -5.23933057,   4.34571059,
       -33.47311768,   8.71725734])
						array([1.14260554, 1.03515948, 1.62817841, 0.42518896, 0.66190686,
       1.32652649, 1.37806651, 1.46462407, 0.11623245, 1.51547474])

 2410.63758772			array([ -5.03530012,  -0.85665238,   3.76883929, -27.38682127,
        14.29291717,  -1.96471065,  -4.3707273 ,   2.22555272,
       -33.72446622,   7.91876554])
						array([2.07231022, 1.87743845, 2.95297951, 0.77115277, 1.20048109,
       2.40588226, 2.49935889, 2.65634581, 0.21080739, 2.74857217])

 2386.42249339			array([ -4.0643464 ,  -1.46147228,   6.24785412, -26.47006399,
        12.8244526 ,  -2.43137185,  -4.46784995,  -1.15538627,
       -34.08967979,   8.50853206])
						array([1.69929438, 1.53949953, 2.4214432 , 0.63234527, 0.98439449,
       1.97282345, 2.04947429, 2.17820356, 0.17286206, 2.25382918])

 2384.53729827			array([ -4.60158693,   0.82276974,   4.32653791, -26.77737687,
        12.48154219,  -1.23633706,  -5.28624005,  -1.70451851,
       -34.2625207 ,   7.08730097])
						array([0.93693654, 0.84883078, 1.33510629, 0.34865495, 0.54276362,
       1.08775172, 1.13001454, 1.20099174, 0.09531061, 1.24268929])

 2348.81951032			array([ -4.15940717,   1.76190189,   3.87124089, -26.37031413,
        13.01336704,  -0.16515939,  -3.74496441,  -1.71916282,
       -34.06542381,   8.76131734])
						array([1.14260554, 1.03515948, 1.62817841, 0.42518896, 0.66190686,
       1.32652649, 1.37806651, 1.46462407, 0.11623245, 1.51547474])

 2222.91755601			array([-3.23536593e+00,  1.61370316e-02,  3.35953246e+00, -2.54777915e+01,
        1.23078618e+01,  9.28825854e-01, -3.55219581e+00, -3.91920201e+00,
       -3.36878268e+01,  7.53755426e+00])
						array([2.07231022, 1.87743845, 2.95297951, 0.77115277, 1.20048109,
       2.40588226, 2.49935889, 2.65634581, 0.21080739, 2.74857217])

 2126.7042603			array([ -3.87023971,   0.70494694,   0.49251502, -23.94681007,
        12.235874  ,   4.09944164,  -3.64447509,  -4.02685754,
       -33.55878226,   8.89932306])
						array([1.69929438, 1.53949953, 2.4214432 , 0.63234527, 0.98439449,
       1.97282345, 2.04947429, 2.17820356, 0.17286206, 2.25382918])

 2123.66873391			array([ -3.84895374,   0.68479193,   0.46117306, -23.94917728,
        12.2243939 ,   4.08615363,  -3.60647352,  -4.041492  ,
       -33.5621635 ,   8.85454085])
						array([0.02632446, 0.02384902, 0.03751157, 0.00979592, 0.01524966,
       0.03056181, 0.03174924, 0.03374344, 0.00267788, 0.03491499])

 2123.7754767			array([ -3.84237654,   0.64406069,   0.45393299, -23.94203995,
        12.2068347 ,   4.08462146,  -3.55724435,  -4.0696244 ,
       -33.56264041,   8.82145911])
						array([0.02632446, 0.02384902, 0.03751157, 0.00979592, 0.01524966,
       0.03056181, 0.03174924, 0.03374344, 0.00267788, 0.03491499])

 2122.00247864			array([ -3.82205549,   0.63026997,   0.40102482, -23.93474913,
        12.19983952,   4.09790391,  -3.51652568,  -4.01644373,
       -33.55969721,   8.84903896])
						array([0.032103  , 0.02908417, 0.04574581, 0.01194624, 0.01859714,
       0.0372705 , 0.03871859, 0.04115054, 0.0032657 , 0.04257925])

 2120.89365635			array([ -3.80910641,   0.62594537,   0.45919668, -23.92568094,
        12.22074428,   4.06843348,  -3.52070084,  -4.00838056,
       -33.56511593,   8.92545472])
						array([0.03915   , 0.03546849, 0.05578757, 0.01456859, 0.02267944,
       0.04545183, 0.04721779, 0.05018358, 0.00398257, 0.05192592])

 2120.03669667			array([ -3.69594796,   0.53405078,   0.3731744 , -23.95692595,
        12.26445998,   4.09757981,  -3.46874045,  -4.00903834,
       -33.56615923,   9.04389007])
						array([0.08659173, 0.07844899, 0.1233906 , 0.03222271, 0.05016224,
       0.10053008, 0.10443601, 0.11099572, 0.00880861, 0.11484941])

 2119.47177292			array([ -3.75344828,   0.5039008 ,   0.36834395, -23.96078564,
        12.27056458,   4.07387927,  -3.48468532,  -4.10366775,
       -33.56225894,   9.07111163])
						array([0.032103  , 0.02908417, 0.04574581, 0.01194624, 0.01859714,
       0.0372705 , 0.03871859, 0.04115054, 0.0032657 , 0.04257925])

 2117.919277			array([ -3.71373481,   0.50538077,   0.3935355 , -23.93839692,
        12.26930834,   4.06137557,  -3.50525566,  -4.00551214,
       -33.56750255,   9.06153429])
						array([0.02632446, 0.02384902, 0.03751157, 0.00979592, 0.01524966,
       0.03056181, 0.03174924, 0.03374344, 0.00267788, 0.03491499])

 2117.55640871			array([ -3.68501881,   0.53701373,   0.36846148, -23.92895648,
        12.28523166,   4.02002978,  -3.53264764,  -3.9700292 ,
       -33.56469967,   9.08346929])
						array([0.032103  , 0.02908417, 0.04574581, 0.01194624, 0.01859714,
       0.0372705 , 0.03871859, 0.04115054, 0.0032657 , 0.04257925])

 2114.67480062			array([ -3.67512251,   0.50353538,   0.38860419, -23.92943769,
        12.3048333 ,   4.02237634,  -3.56724001,  -3.98591162,
       -33.56843017,   9.0587967 ])
						array([0.03915   , 0.03546849, 0.05578757, 0.01456859, 0.02267944,
       0.04545183, 0.04721779, 0.05018358, 0.00398257, 0.05192592])

 2114.01601414			array([ -3.63629766,   0.5177114 ,   0.4283683 , -23.93259565,
        12.2799833 ,   4.01957725,  -3.62504675,  -4.02945361,
       -33.57337312,   9.01135334])
						array([0.04774391, 0.04325426, 0.06803363, 0.01776657, 0.02765786,
       0.05542907, 0.05758267, 0.06119949, 0.00485679, 0.06332429])

 2113.70949952			array([ -3.64609911,   0.52219251,   0.42895791, -23.93113809,
        12.27998262,   4.03022855,  -3.6149149 ,  -4.03717128,
       -33.57188306,   9.00417434])
						array([0.00656231, 0.00594521, 0.00935109, 0.00244198, 0.00380152,
       0.00761862, 0.00791462, 0.00841175, 0.00066756, 0.0087038 ])

 2113.66659952			array([ -3.64262729,   0.52196641,   0.42357128, -23.93010418,
        12.27464941,   4.02907558,  -3.60859663,  -4.02998037,
       -33.5716305 ,   8.99907016])
						array([0.00441249, 0.00399756, 0.00628767, 0.00164199, 0.00255614,
       0.00512276, 0.00532179, 0.00565606, 0.00044886, 0.00585243])

 2113.54131054			array([ -3.64683093,   0.51885747,   0.41912751, -23.93150383,
        12.27100894,   4.03024477,  -3.60597319,  -4.03522535,
       -33.5720855 ,   9.00047511])
						array([0.00538109, 0.00487507, 0.00766789, 0.00200242, 0.00311724,
       0.00624727, 0.00648999, 0.00689763, 0.0005474 , 0.00713712])

 2113.376454			array([ -3.64174558,   0.52032589,   0.4189117 , -23.92614624,
        12.27721431,   4.02665352,  -3.60297979,  -4.03333714,
       -33.57251482,   8.99532931])
						array([0.00656231, 0.00594521, 0.00935109, 0.00244198, 0.00380152,
       0.00761862, 0.00791462, 0.00841175, 0.00066756, 0.0087038 ])

 2113.19751973			array([ -3.64698227,   0.51789985,   0.41907912, -23.92829675,
        12.26832339,   4.01447343,  -3.61076733,  -4.05031368,
       -33.57186862,   8.99649812])
						array([0.00975953, 0.00884178, 0.01390703, 0.00363174, 0.00565366,
       0.01133048, 0.01177071, 0.01251004, 0.0009928 , 0.01294438])

 2112.74234402			array([ -3.63313423,   0.53634763,   0.39040959, -23.92907981,
        12.27080568,   4.01511808,  -3.61930044,  -4.04467186,
       -33.57129606,   8.99276535])
						array([0.01770057, 0.01603608, 0.02522278, 0.00658678, 0.01025387,
       0.02054976, 0.02134819, 0.02268909, 0.0018006 , 0.02347684])

 2112.64630656			array([ -3.71281574,   0.48862879,   0.36941177, -23.93524054,
        12.29028749,   4.02028717,  -3.63418772,  -4.07056448,
       -33.56884516,   9.05839036])
						array([0.032103  , 0.02908417, 0.04574581, 0.01194624, 0.01859714,
       0.0372705 , 0.03871859, 0.04115054, 0.0032657 , 0.04257925])

 2111.22340701			array([ -3.71147467,   0.447798  ,   0.3933751 , -23.91633366,
        12.31069771,   3.97758894,  -3.58783706,  -4.03960487,
       -33.56855217,   9.01293149])
						array([0.032103  , 0.02908417, 0.04574581, 0.01194624, 0.01859714,
       0.0372705 , 0.03871859, 0.04115054, 0.0032657 , 0.04257925])

 2111.09936952			array([ -3.66363949,   0.45610861,   0.39090205, -23.9295165 ,
        12.31835457,   3.93353857,  -3.62863399,  -4.06964928,
       -33.56683618,   8.99235631])
						array([0.03915   , 0.03546849, 0.05578757, 0.01456859, 0.02267944,
       0.04545183, 0.04721779, 0.05018358, 0.00398257, 0.05192592])

 2111.02833345			array([ -3.76431368,   0.43077503,   0.45206506, -23.9447961 ,
        12.35159968,   4.01016431,  -3.59500921,  -4.05765452,
       -33.57310536,   8.9105456 ])
						array([0.05822428, 0.0527491 , 0.08296784, 0.02166655, 0.03372909,
       0.06759642, 0.07022277, 0.07463352, 0.00592291, 0.07722475])

 2109.71602597			array([ -3.74905872,   0.44090816,   0.44011699, -23.95426935,
        12.35426384,   3.99685651,  -3.6135704 ,  -4.04932074,
       -33.5768548 ,   8.9024256 ])
						array([0.01451447, 0.01314958, 0.02068268, 0.00540116, 0.00840817,
       0.01685081, 0.01750552, 0.01860505, 0.0014765 , 0.01925101])

 2109.16669797			array([ -3.77736414,   0.4430196 ,   0.42275467, -23.96531295,
        12.3629383 ,   3.97918885,  -3.60723802,  -4.05088515,
       -33.57736216,   8.93024235])
						array([0.01451447, 0.01314958, 0.02068268, 0.00540116, 0.00840817,
       0.01685081, 0.01750552, 0.01860505, 0.0014765 , 0.01925101])

 2109.03466105			array([ -3.78386904,   0.44166622,   0.40694377, -23.970826  ,
        12.3612464 ,   3.9937796 ,  -3.60677323,  -4.07154513,
       -33.57974287,   8.93702559])
						array([0.01770057, 0.01603608, 0.02522278, 0.00658678, 0.01025387,
       0.02054976, 0.02134819, 0.02268909, 0.0018006 , 0.02347684])

 2108.00997008			array([ -3.77775633,   0.44936226,   0.35344253, -23.96180063,
        12.36442741,   4.02474661,  -3.60501412,  -4.04452001,
       -33.57816877,   8.93915931])
						array([0.02158606, 0.01955619, 0.03075948, 0.00803265, 0.01250472,
       0.02506069, 0.02603438, 0.02766962, 0.00219586, 0.02863029])

 2107.8516872			array([ -3.75860355,   0.46634029,   0.33469014, -23.9645521 ,
        12.35117908,   4.03873361,  -3.60426453,  -4.05397874,
       -33.57655881,   8.94814084])
						array([0.01190186, 0.01078266, 0.01695979, 0.00442895, 0.0068947 ,
       0.01381766, 0.01435452, 0.01525614, 0.00121073, 0.01578583])

 2107.8497129			array([ -3.76376858,   0.46733961,   0.33912559, -23.96806098,
        12.34577952,   4.0383982 ,  -3.60766607,  -4.06872456,
       -33.57619265,   8.93838578])
						array([0.00800281, 0.00725026, 0.01140377, 0.00297802, 0.004636  ,
       0.009291  , 0.00965198, 0.01025823, 0.00081409, 0.01061439])

 2107.48193229			array([ -3.76224582,   0.46634843,   0.31747317, -23.96753622,
        12.35001895,   4.03507718,  -3.62645383,  -4.06129137,
       -33.57649416,   8.93074988])
						array([0.00975953, 0.00884178, 0.01390703, 0.00363174, 0.00565366,
       0.01133048, 0.01177071, 0.01251004, 0.0009928 , 0.01294438])

 2107.40238154			array([ -3.75273745,   0.45416304,   0.33416157, -23.96427006,
        12.35186983,   4.02880831,  -3.63235725,  -4.05055232,
       -33.57788066,   8.9274958 ])
						array([0.01190186, 0.01078266, 0.01695979, 0.00442895, 0.0068947 ,
       0.01381766, 0.01435452, 0.01525614, 0.00121073, 0.01578583])

 2107.36738183			array([ -3.74825955,   0.46948377,   0.36364031, -23.97152365,
        12.35121649,   4.02706565,  -3.61956253,  -4.06311798,
       -33.57691998,   8.92536028])
						array([0.00975953, 0.00884178, 0.01390703, 0.00363174, 0.00565366,
       0.01133048, 0.01177071, 0.01251004, 0.0009928 , 0.01294438])

 2107.15617161			array([ -3.75780007,   0.46570612,   0.3437728 , -23.96901573,
        12.33637156,   4.00972245,  -3.63489405,  -4.0578048 ,
       -33.57716583,   8.9358738 ])
						array([0.00975953, 0.00884178, 0.01390703, 0.00363174, 0.00565366,
       0.01133048, 0.01177071, 0.01251004, 0.0009928 , 0.01294438])

 2106.83351574			array([ -3.75157524,   0.46918414,   0.34769772, -23.97022546,
        12.33532932,   3.98886996,  -3.64105877,  -4.05453433,
       -33.57505251,   8.92664986])
						array([0.01190186, 0.01078266, 0.01695979, 0.00442895, 0.0068947 ,
       0.01381766, 0.01435452, 0.01525614, 0.00121073, 0.01578583])

 2106.79948916			array([ -3.73549628,   0.4709257 ,   0.35409809, -23.96754077,
        12.3345067 ,   3.98071374,  -3.64340529,  -4.03458686,
       -33.57409697,   8.91653693])
						array([0.01451447, 0.01314958, 0.02068268, 0.00540116, 0.00840817,
       0.01685081, 0.01750552, 0.01860505, 0.0014765 , 0.01925101])

 2106.77422965			array([ -3.72862261,   0.47442001,   0.33971233, -23.96447704,
        12.33256524,   3.96725921,  -3.63322756,  -4.03397883,
       -33.57325167,   8.90348512])
						array([0.02158606, 0.01955619, 0.03075948, 0.00803265, 0.01250472,
       0.02506069, 0.02603438, 0.02766962, 0.00219586, 0.02863029])

 2106.70750268			array([ -3.74544195,   0.48507554,   0.32467526, -23.96328907,
        12.33596074,   3.95856155,  -3.62995223,  -4.0450651 ,
       -33.57369799,   8.92934417])
						array([0.00975953, 0.00884178, 0.01390703, 0.00363174, 0.00565366,
       0.01133048, 0.01177071, 0.01251004, 0.0009928 , 0.01294438])

 2106.70581429			array([ -3.73941591,   0.49293129,   0.31669645, -23.96558006,
        12.33549092,   3.95345705,  -3.62491991,  -4.04509315,
       -33.57444703,   8.92206649])
						array([0.00656231, 0.00594521, 0.00935109, 0.00244198, 0.00380152,
       0.00761862, 0.00791462, 0.00841175, 0.00066756, 0.0087038 ])

 2106.6456568			array([ -3.74235541,   0.48885269,   0.32159681, -23.96520902,
        12.34040038,   3.95182322,  -3.63560698,  -4.0516395 ,
       -33.57400997,   8.91032106])
						array([0.00800281, 0.00725026, 0.01140377, 0.00297802, 0.004636  ,
       0.009291  , 0.00965198, 0.01025823, 0.00081409, 0.01061439])

 2106.62681961			array([ -3.74152885,   0.48681723,   0.31953155, -23.96780392,
        12.34094191,   3.95562615,  -3.63181107,  -4.04462064,
       -33.57499291,   8.89779511])
						array([0.00538109, 0.00487507, 0.00766789, 0.00200242, 0.00311724,
       0.00624727, 0.00648999, 0.00689763, 0.0005474 , 0.00713712])

 2106.56582035			array([ -3.74647363,   0.48639773,   0.32882624, -23.96940053,
        12.34142511,   3.95762228,  -3.63735215,  -4.03580097,
       -33.57467282,   8.89797835])
						array([0.00538109, 0.00487507, 0.00766789, 0.00200242, 0.00311724,
       0.00624727, 0.00648999, 0.00689763, 0.0005474 , 0.00713712])

 2106.55120572			array([ -3.73243005,   0.48702667,   0.34126142, -23.96938621,
        12.33919827,   3.97274484,  -3.63823483,  -4.03300071,
       -33.57504104,   8.8967515 ])
						array([0.00656231, 0.00594521, 0.00935109, 0.00244198, 0.00380152,
       0.00761862, 0.00791462, 0.00841175, 0.00066756, 0.0087038 ])

 2106.54147731			array([ -3.72709528,   0.48684162,   0.34590119, -23.97277411,
        12.33716618,   3.97478737,  -3.64427058,  -4.03733004,
       -33.57468006,   8.90511276])
						array([0.00441249, 0.00399756, 0.00628767, 0.00164199, 0.00255614,
       0.00512276, 0.00532179, 0.00565606, 0.00044886, 0.00585243])

 2106.52756711			array([ -3.73103195,   0.48584106,   0.34821601, -23.9747625 ,
        12.33652832,   3.97409216,  -3.63983309,  -4.0335949 ,
       -33.57538978,   8.90888461])
						array([0.00361825, 0.003278  , 0.00515589, 0.00134643, 0.00209604,
       0.00420066, 0.00436387, 0.00463797, 0.00036807, 0.004799  ])

 2106.50670431			array([ -3.73414193,   0.48582952,   0.34922503, -23.97614646,
        12.33596646,   3.97807514,  -3.63233233,  -4.04104445,
       -33.57564024,   8.90850639])
						array([0.00441249, 0.00399756, 0.00628767, 0.00164199, 0.00255614,
       0.00512276, 0.00532179, 0.00565606, 0.00044886, 0.00585243])

 2106.45906046			array([ -3.73207199,   0.48839695,   0.34113284, -23.97671594,
        12.33486697,   3.97710415,  -3.63794189,  -4.0439052 ,
       -33.57629178,   8.91621897])
						array([0.00538109, 0.00487507, 0.00766789, 0.00200242, 0.00311724,
       0.00624727, 0.00648999, 0.00689763, 0.0005474 , 0.00713712])

 2106.40157834			array([ -3.73496567,   0.49783856,   0.31456422, -23.9770515 ,
        12.34352717,   3.96530885,  -3.62509565,  -4.04481253,
       -33.57625644,   8.91577198])
						array([0.01770057, 0.01603608, 0.02522278, 0.00658678, 0.01025387,
       0.02054976, 0.02134819, 0.02268909, 0.0018006 , 0.02347684])

------------------------------------ 


------------------------------------ 
TOTAL GENERATIONS: 1000
------------------------------------ 
