------------------------------------ 
PARAMETERS used: 
 - DNA SIZE: '10'
 - c: '0.82'
 - s: '15'
 - num rotors in robot: '10'
 - num total generations: '1000'
------------------------------------ 


------------------------------------ 
Fitness_value		Individual
------------------------------------ 
 71797.4345257			array([ -56.36823812,  -40.14787183, -103.79937356,   96.48051689,
         56.09098402,  116.56248862,  -12.43735877,  131.82480753,
        109.95065337,  -10.00990755])
						array([3.53611938, 6.93623976, 4.54877834, 2.95429315, 7.12489194,
       2.52694208, 3.65968274, 6.02371822, 4.99067279, 5.64303644])

 71253.094715			array([ -58.60465404,  -40.04233774, -101.76208461,   92.89735787,
         54.66910267,  118.25421267,   -9.77414261,  128.42500264,
        114.20191782,  -11.68919299])
						array([1.94970307, 3.82442064, 2.50805082, 1.6289027 , 3.92843742,
       1.393275  , 2.01783196, 3.32128547, 2.75169728, 3.11138972])

 70992.8969352			array([ -59.72797146,  -40.32662835, -101.33560934,   92.36569759,
         52.96468546,  119.26846939,   -9.64328974,  126.75970377,
        114.79791966,  -11.09214763])
						array([0.88150318, 1.72910379, 1.13394435, 0.73646236, 1.77613204,
       0.62992995, 0.91230574, 1.50162543, 1.24410222, 1.40672699])

 70406.213953			array([ -58.21605592,  -42.76587237, -101.86552717,   91.79778777,
         52.48805783,  119.62844716,   -9.57273464,  124.94508902,
        114.01430219,  -11.18212673])
						array([1.07500388, 2.10866316, 1.38285896, 0.89812483, 2.16601468,
       0.76820725, 1.11256797, 1.83125053, 1.51719782, 1.71552072])

 69969.7658111			array([ -57.67261773,  -47.7678553 , -104.18740156,   90.60010682,
         51.50964644,  119.85291511,   -8.55849884,  120.96318849,
        113.61389365,  -11.2113556 ])
						array([1.59875652, 3.13602493, 2.05660167, 1.33570022, 3.22131868,
       1.1424855 , 1.6546222 , 2.72345408, 2.25639177, 2.55133957])

 68410.8104159			array([ -56.26992549,  -38.34586109, -103.96096841,   90.08269345,
         55.00738597,  119.15541864,   -8.43055647,  120.2942945 ,
        111.44639588,  -11.58847105])
						array([2.8996179 , 5.6877166 , 3.72999824, 2.42252038, 5.84241139,
       2.07209251, 3.00093985, 4.93944894, 4.09235169, 4.62728988])

 65522.6591577			array([ -52.89171288,  -30.14449751, -105.06187749,   86.18863047,
         50.72543812,  120.93068057,   -6.44360036,  116.80398252,
        108.95364863,  -11.55145059])
						array([3.53611938, 6.93623976, 4.54877834, 2.95429315, 7.12489194,
       2.52694208, 3.65968274, 6.02371822, 4.99067279, 5.64303644])

 62962.6454409			array([ -64.98407228,  -31.72530503, -107.28928632,   95.82017565,
         29.07057347,  122.9708056 ,   -9.05917263,   95.89469426,
        105.86176311,   -7.31634206])
						array([ 9.53800744, 18.7091835 , 12.26946179,  7.96864217, 19.21803677,
        6.8159442 ,  9.87129604, 16.24783074, 13.46138777, 15.22101426])

 36153.6127529			array([-30.98914733, -14.87885755, -70.13133279,  98.88636428,
        38.54929989,  90.64864854,  14.00682841,  58.47637685,
        76.0628035 ,  36.83550153])
						array([31.37433596, 61.54201621, 40.35918597, 26.21206348, 63.2158389 ,
       22.42037706, 32.47065596, 53.44563875, 44.27990909, 50.06802707])

 35503.8623891			array([-6.31422770e+00,  1.41152673e+01, -2.99343345e+01,  1.18948128e+02,
        8.58694411e+01,  7.80520068e+01,  7.31657816e-02,  1.51549835e+01,
        8.23016922e+01, -8.41915528e+00])
						array([14.18502   , 27.82448468, 18.24726619, 11.85104427, 28.58125635,
       10.13674034, 14.68069012, 24.16393626, 20.01991043, 22.63684452])

 34278.9431475			array([-1.58592450e+01, -1.00717136e+01, -2.43084862e+01,  1.33130480e+02,
        8.35357401e+01,  6.68159904e+01, -1.32874147e-01, -7.06791934e+00,
        6.53231346e+01,  1.04570554e+01])
						array([14.18502   , 27.82448468, 18.24726619, 11.85104427, 28.58125635,
       10.13674034, 14.68069012, 24.16393626, 20.01991043, 22.63684452])

 32841.6581555			array([-12.43806934, -15.79823708, -29.43499817, 120.52903489,
        94.33420933,  62.77663392,  19.42778021,   0.82449569,
        60.13846749,  23.6631724 ])
						array([ 9.53800744, 18.7091835 , 12.26946179,  7.96864217, 19.21803677,
        6.8159442 ,  9.87129604, 16.24783074, 13.46138777, 15.22101426])

 32058.4622297			array([-12.06467948,  -8.17736642, -36.07746538, 117.63245648,
        99.23327333,  57.48034397,  21.0504428 ,   1.36970646,
        55.83674087,  15.4768077 ])
						array([2.37768667, 4.66392761, 3.05859856, 1.98646671, 4.79077734,
       1.69911586, 2.46077068, 4.05034813, 3.35572839, 3.7943777 ])

 31636.1880455			array([-13.90563959,  -6.37566836, -38.42823511, 117.94866372,
        96.74881324,  53.49801917,  24.7873997 ,  -1.32799618,
        55.14856561,  21.34915901])
						array([1.59875652, 3.13602493, 2.05660167, 1.33570022, 3.22131868,
       1.1424855 , 1.6546222 , 2.72345408, 2.25639177, 2.55133957])

 31514.5936503			array([-13.64204974,  -6.45872798, -38.17915872, 117.72592823,
        96.1015985 ,  53.59319687,  24.9426145 ,  -1.8363341 ,
        55.55348476,  21.49324056])
						array([0.32680835, 0.64104767, 0.42039835, 0.27303594, 0.65848291,
       0.23354013, 0.33822809, 0.55671238, 0.46123826, 0.52152975])

 31466.3262849			array([-13.45262307,  -5.51231335, -38.15274109, 117.79732827,
        95.97452723,  53.38621531,  24.75131781,  -1.43280732,
        55.83386559,  20.94783703])
						array([0.39854677, 0.78176545, 0.51268091, 0.33297066, 0.80302794,
       0.28480504, 0.41247327, 0.67891753, 0.56248568, 0.63601188])

 31017.0147276			array([-12.65669422,  -4.82721956, -38.22862154, 117.93516272,
        94.10897307,  53.28950111,  24.29139431,  -2.92878178,
        55.43804537,  21.16797916])
						array([0.59272274, 1.16264939, 0.76246418, 0.49519729, 1.19427118,
       0.4235649 , 0.61343438, 1.00969294, 0.83653433, 0.94588323])

 30963.8790974			array([-13.19257203,  -4.02871573, -37.31382829, 118.77546232,
        93.52260661,  52.13697537,  24.85889126,  -3.35263207,
        55.28297462,  21.60949386])
						array([0.72283261, 1.41786511, 0.92983437, 0.60389913, 1.45642827,
       0.51654256, 0.7480907 , 1.23133285, 1.02016382, 1.15351614])

 30490.0942304			array([-14.52310324,  -5.84148172, -37.53518931, 118.83868889,
        90.63913057,  50.89712811,  24.60957463,  -3.81370823,
        55.87011903,  22.92966508])
						array([1.31098035, 2.57154044, 1.68641337, 1.09527418, 2.64148132,
       0.93683811, 1.35679021, 2.23323235, 1.85024125, 2.09209844])

 29573.0484386			array([-13.95577582,  -6.06163697, -37.91238349, 118.00028614,
        87.68802016,  50.12655853,  24.5804303 ,  -8.87489959,
        53.82496033,  22.53622603])
						array([1.59875652, 3.13602493, 2.05660167, 1.33570022, 3.22131868,
       1.1424855 , 1.6546222 , 2.72345408, 2.25639177, 2.55133957])

 28845.0376971			array([-14.63704696,  -3.92256426, -40.44899266, 117.26609839,
        84.53766648,  49.99142902,  24.38268317,  -7.0131842 ,
        52.99607979,  21.96707445])
						array([1.94970307, 3.82442064, 2.50805082, 1.6289027 , 3.92843742,
       1.393275  , 2.01783196, 3.32128547, 2.75169728, 3.11138972])

 28247.7195486			array([-13.25865805,  -8.6846664 , -40.17335154, 113.75547525,
        85.43894204,  50.69864016,  24.28424869,  -6.53479092,
        52.40797841,  22.07289079])
						array([2.37768667, 4.66392761, 3.05859856, 1.98646671, 4.79077734,
       1.69911586, 2.46077068, 4.05034813, 3.35572839, 3.7943777 ])

 26971.4692793			array([-18.40987811,   2.16402494, -40.78939325, 113.38956419,
        79.81825579,  49.27898236,  24.75705423,  -4.43483813,
        51.75740837,  14.99366922])
						array([4.31234071, 8.45882897, 5.54729066, 3.60279652, 8.68889261,
       3.08163669, 4.46302774, 7.34599783, 6.08618633, 6.88175175])

 25422.6735163			array([-14.02889691, -13.89694242, -42.44539106, 111.61999522,
        66.82110727,  49.44312189,  30.20849337,   6.81232975,
        54.2677082 ,  10.30336831])
						array([ 5.25895209, 10.31564509,  6.76498861,  4.3936543 , 10.5962105 ,
        3.75809352,  5.44271675,  8.95853394,  7.42217845,  8.39238019])

 23140.8040961			array([-12.70705832,  -3.07320999, -35.38165973, 107.30349688,
        66.54747988,  49.8965951 ,  23.29620024,   6.89391402,
        53.22422847,  11.70538922])
						array([ 6.41335621, 12.58005499,  8.24998611,  5.35811499, 12.92220792,
        4.58304088,  6.63745945, 10.92504139,  9.05143714, 10.23460999])

 20772.7449593			array([-12.47958461,   0.66141417, -36.94071124, 105.74275732,
        45.76835185,  56.06144875,  26.88601868,  17.87139268,
        43.39578268,  14.24575757])
						array([ 7.8211661 , 15.34153047, 10.06095867,  6.53428658, 15.75879015,
        5.58907425,  8.09446275, 13.32322121, 11.03833797, 12.48123169])

 18840.808004			array([  1.21533599,  -2.23952884, -23.47197362,  99.38626988,
        45.40113091,  49.42984476,  31.18437922,  14.83082357,
        52.98674789,  17.89577578])
						array([ 9.53800744, 18.7091835 , 12.26946179,  7.96864217, 19.21803677,
        6.8159442 ,  9.87129604, 16.24783074, 13.46138777, 15.22101426])

 17128.6833184			array([  8.41791238,  28.39470997, -28.17584574,  98.31720645,
        38.94889326,  38.91431717,  22.55587411,  34.6753666 ,
        37.30791416,  17.77310337])
						array([14.18502   , 27.82448468, 18.24726619, 11.85104427, 28.58125635,
       10.13674034, 14.68069012, 24.16393626, 20.01991043, 22.63684452])

 10888.4112972			array([ 15.84167037,  14.77366695,  -4.13213894,  75.37536612,
       -18.26690879,  36.93973017, -18.98173624,  28.48677168,
        39.54356438,  29.05272297])
						array([25.72695549, 50.46445329, 33.0945325 , 21.49389205, 51.8369879 ,
       18.38470919, 26.62593788, 43.82542378, 36.30952545, 41.0557822 ])

 10665.3343818			array([ 11.43916444,  20.17841517,  -1.85382601,  77.7057759 ,
       -20.10778755,  36.29439653, -18.1457873 ,  26.33396427,
        36.86360984,  22.37527573])
						array([2.37768667, 4.66392761, 3.05859856, 1.98646671, 4.79077734,
       1.69911586, 2.46077068, 4.05034813, 3.35572839, 3.7943777 ])

 10630.8800154			array([ 10.27360237,  22.65743494,  -1.52562302,  76.77838579,
       -18.27554405,  35.81706092, -17.27542532,  28.9545821 ,
        37.13678368,  24.93545133])
						array([1.31098035, 2.57154044, 1.68641337, 1.09527418, 2.64148132,
       0.93683811, 1.35679021, 2.23323235, 1.85024125, 2.09209844])

 10461.2185758			array([ 11.39146363,  18.82687303,   2.1828509 ,  77.66353925,
       -19.15287234,  34.04377788, -15.94431819,  27.79087063,
        37.21970826,  24.7303049 ])
						array([1.31098035, 2.57154044, 1.68641337, 1.09527418, 2.64148132,
       0.93683811, 1.35679021, 2.23323235, 1.85024125, 2.09209844])

 10157.4446699			array([  9.02418371,  17.98117351,   5.66238058,  76.11998259,
       -20.56265915,  32.8000157 , -16.93938446,  29.26230282,
        36.23923908,  22.91921524])
						array([1.59875652, 3.13602493, 2.05660167, 1.33570022, 3.22131868,
       1.1424855 , 1.6546222 , 2.72345408, 2.25639177, 2.55133957])

 9729.51238716			array([  7.81502228,  18.70240916,   1.14079053,  75.18081234,
       -17.91857538,  31.29022649, -16.98745895,  29.7902633 ,
        35.45607253,  20.65325816])
						array([1.94970307, 3.82442064, 2.50805082, 1.6289027 , 3.92843742,
       1.393275  , 2.01783196, 3.32128547, 2.75169728, 3.11138972])

 9407.92333491			array([  9.79353033,  28.10010109,   1.29194307,  73.09749543,
       -12.12339068,  30.92950371, -17.26697337,  21.4226642 ,
        36.44461863,  23.85861538])
						array([2.8996179 , 5.6877166 , 3.72999824, 2.42252038, 5.84241139,
       2.07209251, 3.00093985, 4.93944894, 4.09235169, 4.62728988])

 9361.32830362			array([  7.926332  ,  16.91987675,   1.90505605,  72.43926851,
       -13.70099559,  31.35107684, -17.2738016 ,  20.77863663,
        41.11795064,  26.1050796 ])
						array([3.53611938, 6.93623976, 4.54877834, 2.95429315, 7.12489194,
       2.52694208, 3.65968274, 6.02371822, 4.99067279, 5.64303644])

 7988.59296427			array([  6.56254759,  15.5385316 ,   5.06901041,  73.38408632,
         0.89110765,  30.75743651, -14.29769479,  13.55952487,
        32.62848063,  17.92409308])
						array([ 5.25895209, 10.31564509,  6.76498861,  4.3936543 , 10.5962105 ,
        3.75809352,  5.44271675,  8.95853394,  7.42217845,  8.39238019])

 5643.08570992			array([ -0.57181888,  16.10288928,  11.20464738,  59.04903639,
         8.32011956,  24.45804539, -17.86158626,  16.26101326,
        25.79231191,  13.6202829 ])
						array([ 6.41335621, 12.58005499,  8.24998611,  5.35811499, 12.92220792,
        4.58304088,  6.63745945, 10.92504139,  9.05143714, 10.23460999])

 5495.51867183			array([ -4.48099185,  26.2980187 ,   8.82245391,  54.81786311,
         6.00127981,  28.28574682, -10.358207  ,  -1.94885938,
        25.83794299,  22.05903958])
						array([ 5.25895209, 10.31564509,  6.76498861,  4.3936543 , 10.5962105 ,
        3.75809352,  5.44271675,  8.95853394,  7.42217845,  8.39238019])

 5408.02080732			array([ -5.60095476,  11.65601679,   5.22878969,  53.53404355,
         1.62356587,  30.42675197, -14.00602066,  -0.41696542,
        24.96649768,  30.9876429 ])
						array([3.53611938, 6.93623976, 4.54877834, 2.95429315, 7.12489194,
       2.52694208, 3.65968274, 6.02371822, 4.99067279, 5.64303644])

 4555.50676038			array([ -3.96831049,   7.71224033,  -1.98026937,  51.85041716,
         5.29152541,  29.55783264, -11.01416364,   1.24853823,
        18.63592028,  26.14644871])
						array([2.8996179 , 5.6877166 , 3.72999824, 2.42252038, 5.84241139,
       2.07209251, 3.00093985, 4.93944894, 4.09235169, 4.62728988])

 4228.72959504			array([-2.66894898,  0.14290478,  1.55917795, 49.03386143, -3.95444748,
       29.45750426, -9.44855714, -1.6529326 , 18.35625439, 26.85855425])
						array([3.53611938, 6.93623976, 4.54877834, 2.95429315, 7.12489194,
       2.52694208, 3.65968274, 6.02371822, 4.99067279, 5.64303644])

 4064.3940685			array([-5.32329880e+00, -1.43451531e-02, -2.80449451e+00,  5.13291707e+01,
        2.68092679e-01,  2.39150216e+01, -3.12405361e+00,  1.47618002e+00,
        1.88792872e+01,  2.50703692e+01])
						array([4.31234071, 8.45882897, 5.54729066, 3.60279652, 8.68889261,
       3.08163669, 4.46302774, 7.34599783, 6.08618633, 6.88175175])

 4031.47225377			array([-3.63767512,  5.6835232 , -4.19814237, 48.90154068,  4.8700097 ,
       20.61940997,  2.49008972, -1.19861951, 24.06329741, 28.6706051 ])
						array([2.8996179 , 5.6877166 , 3.72999824, 2.42252038, 5.84241139,
       2.07209251, 3.00093985, 4.93944894, 4.09235169, 4.62728988])

 3764.31029915			array([-3.34613831,  9.02457776, -5.62298517, 47.00041983,  3.92693532,
       20.00782413,  2.14531186, -1.18598019, 22.69531588, 27.87104784])
						array([1.31098035, 2.57154044, 1.68641337, 1.09527418, 2.64148132,
       0.93683811, 1.35679021, 2.23323235, 1.85024125, 2.09209844])

 3670.39710535			array([-4.03639131,  0.91960155, -3.53793064, 47.0923132 ,  6.02242477,
       19.63731943,  2.49734898, -6.26040672, 21.60454472, 26.06235941])
						array([1.31098035, 2.57154044, 1.68641337, 1.09527418, 2.64148132,
       0.93683811, 1.35679021, 2.23323235, 1.85024125, 2.09209844])

 3666.08377952			array([-4.78810955,  5.40597302, -2.52494729, 47.95424945,  3.52558967,
       19.26867718,  2.37187125, -2.82420851, 22.84307485, 26.0053885 ])
						array([1.59875652, 3.13602493, 2.05660167, 1.33570022, 3.22131868,
       1.1424855 , 1.6546222 , 2.72345408, 2.25639177, 2.55133957])

 3202.76906327			array([-5.71862867, -5.2301158 ,  4.00624582, 44.62568259,  2.62559477,
       18.67305558,  4.77376215, -2.66475275, 21.0396924 , 20.77443611])
						array([2.8996179 , 5.6877166 , 3.72999824, 2.42252038, 5.84241139,
       2.07209251, 3.00093985, 4.93944894, 4.09235169, 4.62728988])

 3021.63198023			array([-3.90684662, -4.15465665,  8.59315724, 43.62357824,  2.44689998,
       20.07384974, -2.13173419,  2.53322893, 17.81817486, 20.69043643])
						array([3.53611938, 6.93623976, 4.54877834, 2.95429315, 7.12489194,
       2.52694208, 3.65968274, 6.02371822, 4.99067279, 5.64303644])

 2862.10776973			array([-5.66049316, -1.33680795,  7.39702983, 43.1817709 ,  2.32631125,
       17.6803696 , -0.65912344,  5.88461993, 15.80834487, 22.90585075])
						array([4.31234071, 8.45882897, 5.54729066, 3.60279652, 8.68889261,
       3.08163669, 4.46302774, 7.34599783, 6.08618633, 6.88175175])

 2663.55786494			array([-4.26541587, -2.09822972, -5.41400116, 41.56323158,  2.75137465,
       16.57873611,  3.3686807 , 11.20328095, 19.38145287, 12.84571689])
						array([ 5.25895209, 10.31564509,  6.76498861,  4.3936543 , 10.5962105 ,
        3.75809352,  5.44271675,  8.95853394,  7.42217845,  8.39238019])

 2531.25315028			array([ -2.43537491,   6.65739451,   1.68167088,  41.33805034,
       -13.62069394,  13.78432497,   5.68288455,   4.13231438,
        17.06878975,  14.7777879 ])
						array([ 7.8211661 , 15.34153047, 10.06095867,  6.53428658, 15.75879015,
        5.58907425,  8.09446275, 13.32322121, 11.03833797, 12.48123169])

 2464.54001665			array([ -4.42586685,  10.94504528,  -4.71566487,  38.79393435,
       -17.30237484,  16.19641237,   6.13742888,  -0.72985462,
        14.56185481,   8.66829151])
						array([2.8996179 , 5.6877166 , 3.72999824, 2.42252038, 5.84241139,
       2.07209251, 3.00093985, 4.93944894, 4.09235169, 4.62728988])

 2388.21025126			array([-4.91260809,  6.15600003, -5.50491404, 39.26879449, -7.08966373,
       17.16508597, 10.01692646, -6.36838625, 15.57299916,  6.70112113])
						array([2.37768667, 4.66392761, 3.05859856, 1.98646671, 4.79077734,
       1.69911586, 2.46077068, 4.05034813, 3.35572839, 3.7943777 ])

 2234.03097407			array([-6.25879402,  6.62568687, -7.11809773, 38.45766211, -7.07878143,
       15.5897313 ,  9.09133084, -2.86991239, 14.02178509,  1.17615382])
						array([1.59875652, 3.13602493, 2.05660167, 1.33570022, 3.22131868,
       1.1424855 , 1.6546222 , 2.72345408, 2.25639177, 2.55133957])

 2075.3546428			array([-4.47378495,  5.42120107, -6.64113317, 38.89528239,  1.84246131,
       13.77011163,  9.21283647, -4.75436165, 14.37319505,  2.85247139])
						array([1.94970307, 3.82442064, 2.50805082, 1.6289027 , 3.92843742,
       1.393275  , 2.01783196, 3.32128547, 2.75169728, 3.11138972])

 1959.57843907			array([-4.21122753,  6.82395487, -4.86011778, 36.20961139,  7.06003849,
       12.17016953, 11.60848891, -1.48921464, 14.11233165, -2.09366662])
						array([2.37768667, 4.66392761, 3.05859856, 1.98646671, 4.79077734,
       1.69911586, 2.46077068, 4.05034813, 3.35572839, 3.7943777 ])

 1892.78553445			array([-6.46979387, -1.88559614, -0.59010377, 38.94245966,  0.59758015,
       10.13655296, 11.15827345, -2.16275939,  8.48414757,  1.29308269])
						array([2.8996179 , 5.6877166 , 3.72999824, 2.42252038, 5.84241139,
       2.07209251, 3.00093985, 4.93944894, 4.09235169, 4.62728988])

 1856.09348135			array([-6.35356901, -0.25152085, -0.19670409, 38.44528577, -0.4334264 ,
       10.24841216, 10.97192979, -1.19379695,  8.0557624 ,  1.68014821])
						array([0.48603265, 0.9533725 , 0.62522063, 0.40606178, 0.97930237,
       0.34732321, 0.50301619, 0.82794821, 0.68595815, 0.77562425])

 1841.04511741			array([-6.73709938, -0.62776795,  0.64267933, 38.67437912,  1.04027227,
       10.21160115, 11.29172354, -1.48617088,  8.2585021 ,  1.93366353])
						array([0.26798285, 0.52565909, 0.34472665, 0.22388947, 0.53995599,
       0.19150291, 0.27734703, 0.45650415, 0.37821537, 0.42765439])

 1826.63555434			array([-6.80108911, -0.53239212,  0.57559361, 38.59540717,  1.62758427,
       10.2135299 , 11.46820709, -1.94944581,  8.43959666,  1.86463985])
						array([0.18019167, 0.35345317, 0.2317942 , 0.15054328, 0.36306641,
       0.12876655, 0.18648814, 0.30695339, 0.25431202, 0.28755481])

 1817.27108373			array([-6.75502534, -0.4615823 ,  0.45325051, 38.58013855,  1.60399019,
       10.20281973, 11.49138426, -2.11447849,  8.46106555,  1.91589098])
						array([0.05477947, 0.10745212, 0.07046698, 0.04576616, 0.11037461,
       0.03914589, 0.05669364, 0.09331588, 0.07731255, 0.08741858])

 1812.70920543			array([-6.74425513, -0.53940452,  0.37590162, 38.58748455,  1.61416707,
       10.20933686, 11.46806929, -2.08469444,  8.42930641,  2.0318746 ])
						array([0.04491916, 0.08811074, 0.05778293, 0.03752825, 0.09050718,
       0.03209963, 0.04648878, 0.07651902, 0.06339629, 0.07168324])

 1813.3937414			array([-6.79272618, -0.46790734,  0.41470334, 38.60295713,  1.59563937,
       10.17663197, 11.47015235, -2.10582472,  8.43683911,  2.07232298])
						array([0.03683372, 0.07225081, 0.047382  , 0.03077317, 0.07421589,
       0.0263217 , 0.0381208 , 0.0627456 , 0.05198496, 0.05878025])

 1803.32100384			array([-6.82601944, -0.53542696,  0.42390874, 38.58658346,  1.52435514,
       10.18323326, 11.40990705, -2.04669444,  8.41438136,  1.96157659])
						array([0.04491916, 0.08811074, 0.05778293, 0.03752825, 0.09050718,
       0.03209963, 0.04648878, 0.07651902, 0.06339629, 0.07168324])

 1802.04093435			array([-6.7554417 , -0.38459332,  0.25719324, 38.59166797,  1.10840841,
        9.96181071, 11.1962589 , -2.01705351,  8.38980181,  1.89984313])
						array([0.14775717, 0.2898316 , 0.19007124, 0.12344549, 0.29771445,
       0.10558857, 0.15292028, 0.25170178, 0.20853585, 0.23579495])

 1798.76370066			array([-6.72626396, -0.40304471,  0.42093991, 38.62408709,  1.14992564,
        9.9485854 , 11.23140595, -1.9765982 ,  8.37421639,  1.91419801])
						array([0.03683372, 0.07225081, 0.047382  , 0.03077317, 0.07421589,
       0.0263217 , 0.0381208 , 0.0627456 , 0.05198496, 0.05878025])

 1799.44251611			array([-6.69066166, -0.44206524,  0.43749811, 38.62980325,  1.2009206 ,
        9.95145181, 11.2555415 , -1.89724733,  8.39018418,  1.91347917])
						array([0.01365573, 0.02678625, 0.01756639, 0.01140884, 0.02751479,
       0.0097585 , 0.0141329 , 0.02326229, 0.0192729 , 0.02179218])

 1799.46708479			array([-6.68536232, -0.44372772,  0.44676424, 38.63020756,  1.20700533,
        9.9493338 , 11.25352852, -1.90542957,  8.39307113,  1.90431129])
						array([0.00506272, 0.00993073, 0.00651256, 0.00422971, 0.01020083,
       0.00361787, 0.00523963, 0.00862426, 0.00714523, 0.00807923])

 1798.49664565			array([-6.68096815, -0.44965168,  0.4392386 , 38.62568516,  1.20538337,
        9.94693416, 11.25152714, -1.9154847 ,  8.39150269,  1.90785924])
						array([0.00617405, 0.01211065, 0.00794215, 0.00515818, 0.01244003,
       0.00441203, 0.00638979, 0.01051739, 0.0087137 , 0.00985272])

 1796.33730594			array([-6.68677206, -0.44768527,  0.44194614, 38.62361106,  1.20263744,
        9.94980345, 11.24019804, -1.940212  ,  8.3718076 ,  1.9181098 ])
						array([0.00752933, 0.01476908, 0.00968555, 0.00629047, 0.01517077,
       0.00538053, 0.00779243, 0.01282608, 0.01062646, 0.01201551])

 1794.08307524			array([-6.70117057, -0.43949243,  0.40329786, 38.62420666,  1.22401335,
        9.95729795, 11.23390392, -1.91354101,  8.35167833,  1.89700474])
						array([0.0111977 , 0.02196473, 0.01440444, 0.00935525, 0.02256212,
       0.00800197, 0.01158898, 0.01907508, 0.01580377, 0.01786959])

 1791.4231077			array([-6.67832481, -0.43650763,  0.36865226, 38.58758737,  1.20323677,
        9.9622734 , 11.18774918, -2.02058589,  8.34030173,  1.89948878])
						array([0.03683372, 0.07225081, 0.047382  , 0.03077317, 0.07421589,
       0.0263217 , 0.0381208 , 0.0627456 , 0.05198496, 0.05878025])

 1790.11999595			array([-6.66409314, -0.37502399,  0.34265743, 38.59519005,  1.30830779,
        9.95279246, 11.19205611, -2.04976177,  8.37819917,  1.88458663])
						array([0.04491916, 0.08811074, 0.05778293, 0.03752825, 0.09050718,
       0.03209963, 0.04648878, 0.07651902, 0.06339629, 0.07168324])

 1784.82005097			array([-6.71247516, -0.56073208,  0.33987329, 38.57897417,  1.31483613,
        9.9733524 , 11.16754305, -2.03063146,  8.29514984,  1.85417477])
						array([0.05477947, 0.10745212, 0.07046698, 0.04576616, 0.11037461,
       0.03914589, 0.05669364, 0.09331588, 0.07731255, 0.08741858])

 1783.85884388			array([-6.74432223, -0.62437163,  0.26940876, 38.47417054,  1.40013117,
       10.01870371, 11.17611528, -2.03448344,  8.30108851,  1.98953287])
						array([0.04491916, 0.08811074, 0.05778293, 0.03752825, 0.09050718,
       0.03209963, 0.04648878, 0.07651902, 0.06339629, 0.07168324])

 1781.55569983			array([-6.77052217, -0.54490263,  0.28644072, 38.41965792,  1.505865  ,
        9.98432259, 11.14236045, -2.03252039,  8.3057053 ,  1.94504501])
						array([0.03020365, 0.05924566, 0.03885324, 0.025234  , 0.06085703,
       0.02158379, 0.03125906, 0.05145139, 0.04262767, 0.04819981])

 1777.77027381			array([-6.75644081, -0.50678438,  0.29513888, 38.41908027,  1.45793999,
        9.95950307, 11.15687016, -2.05428498,  8.27724372,  1.94420295])
						array([0.02030893, 0.03983678, 0.02612492, 0.01696734, 0.04092027,
       0.01451294, 0.02101859, 0.03459591, 0.02866284, 0.03240955])

 1778.24595022			array([-6.77767447, -0.47345139,  0.28950185, 38.39857119,  1.40220884,
        9.96542858, 11.14233891, -2.03908075,  8.27545258,  1.96281198])
						array([0.02476699, 0.04858144, 0.03185966, 0.02069188, 0.04990276,
       0.01769871, 0.02563243, 0.04219014, 0.03495469, 0.03952384])

 1776.39033039			array([-6.78644664, -0.49380356,  0.26152158, 38.3905627 ,  1.39898323,
        9.994731  , 11.18671727, -2.04118354,  8.20952107,  1.92443172])
						array([0.02476699, 0.04858144, 0.03185966, 0.02069188, 0.04990276,
       0.01769871, 0.02563243, 0.04219014, 0.03495469, 0.03952384])

 1775.49585485			array([-6.7870446 , -0.52517698,  0.27765263, 38.39109968,  1.41463886,
        9.98625792, 11.20227251, -2.06060878,  8.19366932,  1.92505424])
						array([0.00918211, 0.01801108, 0.01181164, 0.0076713 , 0.01850094,
       0.00656162, 0.00950296, 0.01564157, 0.01295909, 0.01465306])

 1775.02056222			array([-6.77417621, -0.53984778,  0.30071482, 38.39626606,  1.44291048,
        9.98321748, 11.21188857, -2.07858929,  8.18147742,  1.94232083])
						array([0.00918211, 0.01801108, 0.01181164, 0.0076713 , 0.01850094,
       0.00656162, 0.00950296, 0.01564157, 0.01295909, 0.01465306])

 1775.45884829			array([-6.76220229, -0.55425189,  0.30287968, 38.38973392,  1.46724624,
        9.98607806, 11.20900351, -2.08752293,  8.18178727,  1.93264079])
						array([0.0111977 , 0.02196473, 0.01440444, 0.00935525, 0.02256212,
       0.00800197, 0.01158898, 0.01907508, 0.01580377, 0.01786959])

 1775.0710997			array([-6.73598174, -0.58434506,  0.32311399, 38.37849854,  1.47490478,
        9.97107838, 11.22663931, -2.03338949,  8.1731574 ,  1.92803098])
						array([0.02030893, 0.03983678, 0.02612492, 0.01696734, 0.04092027,
       0.01451294, 0.02101859, 0.03459591, 0.02866284, 0.03240955])

 1774.6741602			array([-6.73103711, -0.54663877,  0.27648248, 38.36917862,  1.42568663,
        9.98641809, 11.25730353, -1.96594742,  8.17530303,  1.94199524])
						array([0.02030893, 0.03983678, 0.02612492, 0.01696734, 0.04092027,
       0.01451294, 0.02101859, 0.03459591, 0.02866284, 0.03240955])

 1774.32608906			array([-6.72861193, -0.54255183,  0.24918036, 38.37251584,  1.42053586,
        9.97711296, 11.24017082, -2.01668557,  8.1970399 ,  1.94806941])
						array([0.01665332, 0.03266616, 0.02142243, 0.01391322, 0.03355462,
       0.01190061, 0.01723524, 0.02836865, 0.02350353, 0.02657583])

 1773.30519161			array([-6.71685487, -0.48182816,  0.26279518, 38.35933695,  1.43345993,
        9.97196766, 11.24379265, -2.02012154,  8.18221868,  1.9958786 ])
						array([0.01665332, 0.03266616, 0.02142243, 0.01391322, 0.03355462,
       0.01190061, 0.01723524, 0.02836865, 0.02350353, 0.02657583])

 1772.73783182			array([-6.71104613, -0.49530553,  0.26830055, 38.34812368,  1.44285099,
        9.97785341, 11.25033548, -2.00737295,  8.19155089,  1.98683818])
						array([0.02030893, 0.03983678, 0.02612492, 0.01696734, 0.04092027,
       0.01451294, 0.02101859, 0.03459591, 0.02866284, 0.03240955])

 1772.45141705			array([-6.71597315, -0.44026169,  0.33301542, 38.32310517,  1.47954124,
       10.00704283, 11.26386618, -2.00724509,  8.22073392,  1.99489712])
						array([0.03683372, 0.07225081, 0.047382  , 0.03077317, 0.07421589,
       0.0263217 , 0.0381208 , 0.0627456 , 0.05198496, 0.05878025])

 1769.44805878			array([-6.59982709, -0.30507234,  0.43206233, 38.10020894,  1.47139293,
        9.96163811, 11.2723142 , -1.86803281,  8.32221425,  2.00276705])
						array([0.12116088, 0.23766191, 0.15585842, 0.1012253 , 0.24412585,
       0.08658263, 0.12539463, 0.20639546, 0.1709994 , 0.19335186])

 1759.29680848			array([-6.61375768e+00, -2.16370444e-02,  1.51364035e-01,  3.79065114e+01,
        1.41021483e+00,  9.91580988e+00,  1.13090388e+01, -1.90332291e+00,
        8.38824659e+00,  1.96126034e+00])
						array([0.21974594, 0.43104045, 0.28267585, 0.18358937, 0.44276391,
       0.15703238, 0.22742456, 0.3743334 , 0.31013661, 0.3506766 ])

 1757.79694983			array([-6.12882194,  0.30684074,  0.20828443, 37.85984907,  1.59601559,
       10.10289625, 11.13196409, -2.08732452,  8.42770815,  1.71912359])
						array([0.26798285, 0.52565909, 0.34472665, 0.22388947, 0.53995599,
       0.19150291, 0.27734703, 0.45650415, 0.37821537, 0.42765439])

 1753.46364217			array([-6.45072843e+00,  2.70253692e+00, -3.85829236e-01,  3.76080939e+01,
       -4.51224282e-03,  9.01462209e+00,  1.05285496e+01, -1.89711098e+00,
        7.80230006e+00,  4.07434113e-01])
						array([0.72283261, 1.41786511, 0.92983437, 0.60389913, 1.45642827,
       0.51654256, 0.7480907 , 1.23133285, 1.02016382, 1.15351614])

 1713.00096488			array([-6.91045631,  3.73252382, -1.01296752, 37.29149838, -0.21538674,
        9.16793972, 10.42263197, -2.2791185 ,  6.18784245,  0.43077602])
						array([1.07500388, 2.10866316, 1.38285896, 0.89812483, 2.16601468,
       0.76820725, 1.11256797, 1.83125053, 1.51719782, 1.71552072])

 1711.78015082			array([-5.00230508,  8.51997755, -0.45388553, 38.05476123,  2.00852732,
        8.8395475 ,  8.30565001, -0.79298361,  6.85637881,  1.39240719])
						array([1.31098035, 2.57154044, 1.68641337, 1.09527418, 2.64148132,
       0.93683811, 1.35679021, 2.23323235, 1.85024125, 2.09209844])

 1601.95464274			array([-4.44979763,  6.11325026, -0.92903199, 35.98110821, -1.91688087,
        9.5323166 ,  9.25923805, -2.52083616,  5.92767914,  1.60766182])
						array([1.94970307, 3.82442064, 2.50805082, 1.6289027 , 3.92843742,
       1.393275  , 2.01783196, 3.32128547, 2.75169728, 3.11138972])

 1369.04242944			array([-8.33381011, -8.30863509, -1.57232317, 27.67545406, -3.81012234,
        8.54539067,  3.23508834,  7.28854079,  6.45647844, -8.22011798])
						array([3.53611938, 6.93623976, 4.54877834, 2.95429315, 7.12489194,
       2.52694208, 3.65968274, 6.02371822, 4.99067279, 5.64303644])

 1360.27983257			array([-8.02174174, -7.76654301, -2.86980626, 27.51982094, -3.32617789,
        8.39673547,  3.19638295,  5.6087806 ,  6.6851706 , -9.02337354])
						array([0.72283261, 1.41786511, 0.92983437, 0.60389913, 1.45642827,
       0.51654256, 0.7480907 , 1.23133285, 1.02016382, 1.15351614])

 1306.04792923			array([-6.56194499, -6.51431661, -2.26695132, 27.59394154, -3.70419206,
        7.41495336,  3.76162892,  5.67022144,  7.57873166, -8.84358479])
						array([0.72283261, 1.41786511, 0.92983437, 0.60389913, 1.45642827,
       0.51654256, 0.7480907 , 1.23133285, 1.02016382, 1.15351614])

 1294.23392196			array([-6.07794683, -7.75731588, -1.26783402, 27.50103292, -3.16148244,
        8.0587518 ,  2.28592967,  7.69854205,  6.51106239, -7.61480099])
						array([0.88150318, 1.72910379, 1.13394435, 0.73646236, 1.77613204,
       0.62992995, 0.91230574, 1.50162543, 1.24410222, 1.40672699])

 1182.16886577			array([-5.87566415, -7.10309437, -1.83008525, 26.14830577,  2.28080521,
        7.23227935,  4.36962424,  9.07466927,  8.15611235, -6.918296  ])
						array([1.94970307, 3.82442064, 2.50805082, 1.6289027 , 3.92843742,
       1.393275  , 2.01783196, 3.32128547, 2.75169728, 3.11138972])

 969.20297878			array([-1.96276348, -0.1261364 , -1.73296003, 26.91438455, -5.83837599,
        6.09462966,  5.26504721,  7.26432629,  4.75542423, -2.99457993])
						array([1.59875652, 3.13602493, 2.05660167, 1.33570022, 3.22131868,
       1.1424855 , 1.6546222 , 2.72345408, 2.25639177, 2.55133957])

 950.026496974			array([-0.10230396,  0.24181036, -4.32985204, 26.84536093, -2.74223469,
        7.17177212,  3.79940536,  3.23016038,  2.00057816, -4.65135034])
						array([1.59875652, 3.13602493, 2.05660167, 1.33570022, 3.22131868,
       1.1424855 , 1.6546222 , 2.72345408, 2.25639177, 2.55133957])

 786.156515415			array([ 0.34243237, -4.18413559, -1.47530972, 24.64769062,  2.75897391,
        5.84369281, -0.08689538,  5.01494075,  5.07914964, -2.10924658])
						array([1.94970307, 3.82442064, 2.50805082, 1.6289027 , 3.92843742,
       1.393275  , 2.01783196, 3.32128547, 2.75169728, 3.11138972])

 571.188443755			array([ 2.25133164, -2.12287273,  4.46413697, 20.1106448 , -0.79693601,
        5.90304505, -4.59678682,  1.53559198,  1.00153558, -2.81528685])
						array([2.37768667, 4.66392761, 3.05859856, 1.98646671, 4.79077734,
       1.69911586, 2.46077068, 4.05034813, 3.35572839, 3.7943777 ])

 526.06833092			array([ 1.40190096, -3.43099368,  4.27034915, 20.33903554, -0.49841962,
        4.73292231, -1.58110969,  3.37372251,  1.11129093, -0.96472408])
						array([2.8996179 , 5.6877166 , 3.72999824, 2.42252038, 5.84241139,
       2.07209251, 3.00093985, 4.93944894, 4.09235169, 4.62728988])

 521.837166295			array([ 2.96412181, -2.55580118,  5.0158138 , 19.39812921,  4.6611256 ,
        5.76873539,  0.93493721,  1.38505449, -1.80658869,  2.7469667 ])
						array([3.53611938, 6.93623976, 4.54877834, 2.95429315, 7.12489194,
       2.52694208, 3.65968274, 6.02371822, 4.99067279, 5.64303644])

 441.872712027			array([ 2.98976959,  1.93616946,  3.74426531, 16.87192911,  2.06118108,
        5.58915687,  4.93161323,  2.85484799,  0.04335442, -2.02367291])
						array([1.59875652, 3.13602493, 2.05660167, 1.33570022, 3.22131868,
       1.1424855 , 1.6546222 , 2.72345408, 2.25639177, 2.55133957])

 354.025993777			array([ 1.90896093,  2.06095886,  3.21965488, 14.89306119, -1.53703335,
        4.67764447,  8.21645978, -0.19093469,  2.4054914 , -0.10822766])
						array([1.31098035, 2.57154044, 1.68641337, 1.09527418, 2.64148132,
       0.93683811, 1.35679021, 2.23323235, 1.85024125, 2.09209844])

 340.366915828			array([ 1.39568252,  2.81170181,  3.31298282, 14.89637633, -1.58004604,
        4.80164101,  8.37340756,  0.02382369,  2.20422023,  0.44983241])
						array([0.18019167, 0.35345317, 0.2317942 , 0.15054328, 0.36306641,
       0.12876655, 0.18648814, 0.30695339, 0.25431202, 0.28755481])

 321.44090687			array([ 1.21142789,  2.48435585,  3.40209371, 14.89005197, -1.54419609,
        4.83426266,  8.48204723, -0.05130543,  2.1516665 ,  0.58021305])
						array([0.05477947, 0.10745212, 0.07046698, 0.04576616, 0.11037461,
       0.03914589, 0.05669364, 0.09331588, 0.07731255, 0.08741858])

 319.008238902			array([ 1.18554717,  2.51503433,  3.38599187, 14.89468154, -1.45574929,
        4.7915796 ,  8.37504377, -0.0762831 ,  2.18426543,  0.59613524])
						array([0.03683372, 0.07225081, 0.047382  , 0.03077317, 0.07421589,
       0.0263217 , 0.0381208 , 0.0627456 , 0.05198496, 0.05878025])

 315.586001896			array([ 1.18986005,  2.49608441,  3.41743468, 14.87180362, -1.38889851,
        4.7842512 ,  8.38032725, -0.09579283,  2.29024243,  0.70223639])
						array([0.04491916, 0.08811074, 0.05778293, 0.03752825, 0.09050718,
       0.03209963, 0.04648878, 0.07651902, 0.06339629, 0.07168324])

 315.674584939			array([ 1.17375888e+00,  2.44975787e+00,  3.49547119e+00,  1.47827599e+01,
       -1.45222337e+00,  4.75947997e+00,  8.33253545e+00, -7.23285356e-03,
        2.25295596e+00,  6.59922313e-01])
						array([0.08146857, 0.15980387, 0.1047992 , 0.06806389, 0.16415022,
       0.05821816, 0.08431535, 0.13878031, 0.11498   , 0.13000979])

 312.868171063			array([ 1.20074018,  2.51164915,  3.48436687, 14.81731591, -1.4551253 ,
        4.76962374,  8.37310231, -0.0565096 ,  2.30083133,  0.70813546])
						array([0.03020365, 0.05924566, 0.03885324, 0.025234  , 0.06085703,
       0.02158379, 0.03125906, 0.05145139, 0.04262767, 0.04819981])

 312.840250682			array([ 1.15306063,  2.46817082,  3.45738649, 14.81465491, -1.46364014,
        4.76908238,  8.34709395, -0.06087869,  2.31135051,  0.69382038])
						array([0.02030893, 0.03983678, 0.02612492, 0.01696734, 0.04092027,
       0.01451294, 0.02101859, 0.03459591, 0.02866284, 0.03240955])

 310.990109312			array([ 1.14052523,  2.48744933,  3.47438969, 14.81417916, -1.50911405,
        4.76566946,  8.35264924, -0.04602116,  2.31624153,  0.72750691])
						array([0.01665332, 0.03266616, 0.02142243, 0.01391322, 0.03355462,
       0.01190061, 0.01723524, 0.02836865, 0.02350353, 0.02657583])

 310.639585753			array([ 1.14155077,  2.49667116,  3.47798501, 14.81402127, -1.53388123,
        4.75288942,  8.37201373, -0.02649357,  2.276957  ,  0.73319529])
						array([0.02030893, 0.03983678, 0.02612492, 0.01696734, 0.04092027,
       0.01451294, 0.02101859, 0.03459591, 0.02866284, 0.03240955])

 311.361422773			array([ 1.10002273,  2.46101415,  3.4026998 , 14.81268946, -1.620083  ,
        4.75389   ,  8.39421312, -0.03997109,  2.28582639,  0.71965858])
						array([0.05477947, 0.10745212, 0.07046698, 0.04576616, 0.11037461,
       0.03914589, 0.05669364, 0.09331588, 0.07731255, 0.08741858])

 301.021317018			array([ 1.11115588,  2.46424029,  3.33152423, 14.78134052, -1.53740049,
        4.80303914,  8.33341116, -0.04521224,  2.21498696,  0.74419901])
						array([0.03683372, 0.07225081, 0.047382  , 0.03077317, 0.07421589,
       0.0263217 , 0.0381208 , 0.0627456 , 0.05198496, 0.05878025])

 296.429169573			array([ 1.09135066e+00,  2.48013012e+00,  3.35641818e+00,  1.47343552e+01,
       -1.53586773e+00,  4.84339737e+00,  8.32825863e+00,  5.49162297e-03,
        2.22467200e+00,  8.02074270e-01])
						array([0.02476699, 0.04858144, 0.03185966, 0.02069188, 0.04990276,
       0.01769871, 0.02563243, 0.04219014, 0.03495469, 0.03952384])

 295.25109503			array([ 1.12707119e+00,  2.48416605e+00,  3.34306594e+00,  1.47285897e+01,
       -1.56086225e+00,  4.84708236e+00,  8.33523306e+00, -1.41244420e-02,
        2.20989978e+00,  7.79588928e-01])
						array([0.0111977 , 0.02196473, 0.01440444, 0.00935525, 0.02256212,
       0.00800197, 0.01158898, 0.01907508, 0.01580377, 0.01786959])

 294.057661798			array([ 1.12798606,  2.4534967 ,  3.35571865, 14.73849621, -1.57437239,
        4.83429595,  8.31710168, -0.01921334,  2.20775306,  0.81857536])
						array([0.01365573, 0.02678625, 0.01756639, 0.01140884, 0.02751479,
       0.0097585 , 0.0141329 , 0.02326229, 0.0192729 , 0.02179218])

 294.190683898			array([ 1.11289883e+00,  2.47648981e+00,  3.33165772e+00,  1.47357200e+01,
       -1.56791663e+00,  4.83106642e+00,  8.32821192e+00, -8.77644230e-03,
        2.17364396e+00,  8.34971705e-01])
						array([0.02030893, 0.03983678, 0.02612492, 0.01696734, 0.04092027,
       0.01451294, 0.02101859, 0.03459591, 0.02866284, 0.03240955])

 290.676405351			array([ 1.15488668e+00,  2.59152120e+00,  3.29752020e+00,  1.47558136e+01,
       -1.54181441e+00,  4.88955432e+00,  8.27562809e+00,  8.91655625e-03,
        2.16113988e+00,  9.78145193e-01])
						array([0.08146857, 0.15980387, 0.1047992 , 0.06806389, 0.16415022,
       0.05821816, 0.08431535, 0.13878031, 0.11498   , 0.13000979])

 289.712580985			array([ 1.15671332,  2.55294192,  3.30221257, 14.77217472, -1.59035837,
        4.89785104,  8.2874365 ,  0.02228499,  2.17410459,  0.96817368])
						array([0.01365573, 0.02678625, 0.01756639, 0.01140884, 0.02751479,
       0.0097585 , 0.0141329 , 0.02326229, 0.0192729 , 0.02179218])

 290.116357746			array([ 1.15086082e+00,  2.53191561e+00,  3.32476307e+00,  1.47822221e+01,
       -1.62074447e+00,  4.90825365e+00,  8.25490560e+00,  1.35246921e-02,
        2.17654976e+00,  9.52099957e-01])
						array([0.0111977 , 0.02196473, 0.01440444, 0.00935525, 0.02256212,
       0.00800197, 0.01158898, 0.01907508, 0.01580377, 0.01786959])

 289.21478705			array([ 1.16167810e+00,  2.53044185e+00,  3.32690317e+00,  1.47764517e+01,
       -1.62198347e+00,  4.92770570e+00,  8.24700255e+00, -2.07248895e-03,
        2.16764370e+00,  9.71493382e-01])
						array([0.0111977 , 0.02196473, 0.01440444, 0.00935525, 0.02256212,
       0.00800197, 0.01158898, 0.01907508, 0.01580377, 0.01786959])

 289.452314445			array([ 1.15266384e+00,  2.53668670e+00,  3.33453659e+00,  1.47870482e+01,
       -1.60712280e+00,  4.93245430e+00,  8.24949730e+00,  5.05166047e-04,
        2.17258150e+00,  9.69022443e-01])
						array([0.01365573, 0.02678625, 0.01756639, 0.01140884, 0.02751479,
       0.0097585 , 0.0141329 , 0.02326229, 0.0192729 , 0.02179218])

 288.471351438			array([ 1.20808637,  2.57959535,  3.31935272, 14.73135373, -1.55815924,
        4.93619388,  8.28739231, -0.02816433,  2.16982434,  1.0572996 ])
						array([0.03020365, 0.05924566, 0.03885324, 0.025234  , 0.06085703,
       0.02158379, 0.03125906, 0.05145139, 0.04262767, 0.04819981])

 288.48253019			array([ 1.18988179,  2.57016921,  3.32404962, 14.73231155, -1.5187245 ,
        4.94103376,  8.27653745, -0.01746315,  2.18519216,  1.0528493 ])
						array([0.0111977 , 0.02196473, 0.01440444, 0.00935525, 0.02256212,
       0.00800197, 0.01158898, 0.01907508, 0.01580377, 0.01786959])

 287.979589242			array([ 1.17848898e+00,  2.53716321e+00,  3.32379554e+00,  1.47363330e+01,
       -1.52776257e+00,  4.94424632e+00,  8.29218152e+00,  3.77327209e-03,
        2.18275100e+00,  1.04657996e+00])
						array([0.0111977 , 0.02196473, 0.01440444, 0.00935525, 0.02256212,
       0.00800197, 0.01158898, 0.01907508, 0.01580377, 0.01786959])

 287.293231256			array([ 1.17773007e+00,  2.52729288e+00,  3.30894266e+00,  1.47353183e+01,
       -1.56157514e+00,  4.95299536e+00,  8.29470918e+00,  3.73808552e-03,
        2.16650299e+00,  1.02809346e+00])
						array([0.01365573, 0.02678625, 0.01756639, 0.01140884, 0.02751479,
       0.0097585 , 0.0141329 , 0.02326229, 0.0192729 , 0.02179218])

 285.948243628			array([ 1.17237409e+00,  2.53574562e+00,  3.30144031e+00,  1.47415538e+01,
       -1.55186137e+00,  4.95529940e+00,  8.29856703e+00, -3.86455544e-03,
        2.20591837e+00,  9.79312067e-01])
						array([0.02030893, 0.03983678, 0.02612492, 0.01696734, 0.04092027,
       0.01451294, 0.02101859, 0.03459591, 0.02866284, 0.03240955])

 286.201216511			array([ 1.18194607,  2.51048415,  3.27946377, 14.7307774 , -1.60738653,
        4.96007917,  8.28821643, -0.02548292,  2.20113239,  1.01367231])
						array([0.02476699, 0.04858144, 0.03185966, 0.02069188, 0.04990276,
       0.01769871, 0.02563243, 0.04219014, 0.03495469, 0.03952384])

 285.683749822			array([ 1.17707596,  2.48999241,  3.25203952, 14.71547017, -1.57265671,
        4.96320354,  8.31096537, -0.03900832,  2.22023679,  1.00466928])
						array([0.01665332, 0.03266616, 0.02142243, 0.01391322, 0.03355462,
       0.01190061, 0.01723524, 0.02836865, 0.02350353, 0.02657583])

 286.246731264			array([ 1.18331598,  2.49524619,  3.23516336, 14.71684631, -1.59090964,
        4.97023568,  8.31453633, -0.05644316,  2.2101392 ,  1.01024502])
						array([0.00617405, 0.01211065, 0.00794215, 0.00515818, 0.01244003,
       0.00441203, 0.00638979, 0.01051739, 0.0087137 , 0.00985272])

 286.348966812			array([ 1.18969634,  2.49467908,  3.23636393, 14.71884401, -1.56977789,
        4.97113501,  8.3212595 , -0.0749892 ,  2.19572348,  1.02022787])
						array([0.00617405, 0.01211065, 0.00794215, 0.00515818, 0.01244003,
       0.00441203, 0.00638979, 0.01051739, 0.0087137 , 0.00985272])

 286.096257994			array([ 1.18740118,  2.4836998 ,  3.24808156, 14.72364263, -1.55919144,
        4.96706969,  8.32583969, -0.07344511,  2.18230297,  1.01063553])
						array([0.00752933, 0.01476908, 0.00968555, 0.00629047, 0.01517077,
       0.00538053, 0.00779243, 0.01282608, 0.01062646, 0.01201551])

 286.192399129			array([ 1.18981959,  2.49099517,  3.24164956, 14.72939811, -1.55515247,
        4.96911161,  8.33829923, -0.09561867,  2.2008603 ,  1.00115991])
						array([0.00918211, 0.01801108, 0.01181164, 0.0076713 , 0.01850094,
       0.00656162, 0.00950296, 0.01564157, 0.01295909, 0.01465306])

 286.096635462			array([ 1.19703094,  2.49106153,  3.25441561, 14.73527918, -1.54535695,
        4.97163957,  8.34256606, -0.05928004,  2.20383544,  1.02154528])
						array([0.01665332, 0.03266616, 0.02142243, 0.01391322, 0.03355462,
       0.01190061, 0.01723524, 0.02836865, 0.02350353, 0.02657583])

 286.289100343			array([ 1.18838288,  2.47824321,  3.25935817, 14.72896083, -1.53487775,
        4.9666715 ,  8.34341872, -0.06656806,  2.23384546,  1.02776745])
						array([0.00752933, 0.01476908, 0.00968555, 0.00629047, 0.01517077,
       0.00538053, 0.00779243, 0.01282608, 0.01062646, 0.01201551])

 286.153882546			array([ 1.18477764,  2.48133129,  3.25455878, 14.72922338, -1.5319691 ,
        4.96166356,  8.33815021, -0.06171561,  2.23815623,  1.01708303])
						array([0.00415143, 0.0081432 , 0.0053403 , 0.00346836, 0.00836468,
       0.00296665, 0.0042965 , 0.00707189, 0.00585909, 0.00662497])

 286.204662781			array([ 1.18934847,  2.47684189,  3.25866416, 14.72925896, -1.53302109,
        4.96308737,  8.34489241, -0.07367076,  2.23393367,  1.0211111 ])
						array([0.00415143, 0.0081432 , 0.0053403 , 0.00346836, 0.00836468,
       0.00296665, 0.0042965 , 0.00707189, 0.00585909, 0.00662497])

 286.358059594			array([ 1.1934554 ,  2.48560593,  3.26128158, 14.73201554, -1.51812822,
        4.96406554,  8.3513601 , -0.08261545,  2.23829754,  1.01715119])
						array([0.00506272, 0.00993073, 0.00651256, 0.00422971, 0.01020083,
       0.00361787, 0.00523963, 0.00862426, 0.00714523, 0.00807923])

 286.359273112			array([ 1.19208231,  2.47434104,  3.26401497, 14.72991064, -1.53952548,
        4.95845253,  8.35357756, -0.07225005,  2.24046879,  1.02602313])
						array([0.00617405, 0.01211065, 0.00794215, 0.00515818, 0.01244003,
       0.00441203, 0.00638979, 0.01051739, 0.0087137 , 0.00985272])

 286.275649433			array([ 1.18864297,  2.49106092,  3.25405679, 14.72853654, -1.53912209,
        4.96506393,  8.35119179, -0.07337618,  2.23865293,  1.01869609])
						array([0.00752933, 0.01476908, 0.00968555, 0.00629047, 0.01517077,
       0.00538053, 0.00779243, 0.01282608, 0.01062646, 0.01201551])

 285.493363557			array([ 1.18978349,  2.49301471,  3.26691683, 14.73558589, -1.51156629,
        4.96512576,  8.32378734, -0.07382791,  2.22138674,  0.99272696])
						array([0.01665332, 0.03266616, 0.02142243, 0.01391322, 0.03355462,
       0.01190061, 0.01723524, 0.02836865, 0.02350353, 0.02657583])

 285.254927069			array([ 1.20982583,  2.50136558,  3.2832087 , 14.72597621, -1.54379605,
        4.95465692,  8.34413664, -0.05567658,  2.19339692,  1.00872275])
						array([0.01665332, 0.03266616, 0.02142243, 0.01391322, 0.03355462,
       0.01190061, 0.01723524, 0.02836865, 0.02350353, 0.02657583])

 285.067272937			array([ 1.20708866,  2.49294627,  3.29807522, 14.72517799, -1.52039667,
        4.961865  ,  8.34651134, -0.05097642,  2.19012896,  0.98976848])
						array([0.01365573, 0.02678625, 0.01756639, 0.01140884, 0.02751479,
       0.0097585 , 0.0141329 , 0.02326229, 0.0192729 , 0.02179218])

 285.280997524			array([ 1.20800283,  2.53144133,  3.28142045, 14.73404015, -1.55307359,
        4.97274608,  8.34129   , -0.07442842,  2.20292411,  0.99982745])
						array([0.01365573, 0.02678625, 0.01756639, 0.01140884, 0.02751479,
       0.0097585 , 0.0141329 , 0.02326229, 0.0192729 , 0.02179218])

 285.414765624			array([ 1.20315066,  2.52602705,  3.26175058, 14.7226997 , -1.53930636,
        4.9619909 ,  8.32363562, -0.09847845,  2.21797055,  0.99442418])
						array([0.01665332, 0.03266616, 0.02142243, 0.01391322, 0.03355462,
       0.01190061, 0.01723524, 0.02836865, 0.02350353, 0.02657583])

 285.212620417			array([ 1.20249635,  2.51200006,  3.2682485 , 14.72807255, -1.54359013,
        4.9457624 ,  8.3576928 , -0.05560144,  2.21793539,  0.95434973])
						array([0.02030893, 0.03983678, 0.02612492, 0.01696734, 0.04092027,
       0.01451294, 0.02101859, 0.03459591, 0.02866284, 0.03240955])

 285.440114836			array([ 1.21654994,  2.52875503,  3.26630358, 14.73107516, -1.57565578,
        4.94681242,  8.35867713, -0.05216779,  2.21880149,  0.97133007])
						array([0.00752933, 0.01476908, 0.00968555, 0.00629047, 0.01517077,
       0.00538053, 0.00779243, 0.01282608, 0.01062646, 0.01201551])

 285.075954088			array([ 1.2165919 ,  2.50120906,  3.26381485, 14.726807  , -1.55221729,
        4.95355587,  8.35008074, -0.04513495,  2.22774559,  0.98648673])
						array([0.00617405, 0.01211065, 0.00794215, 0.00515818, 0.01244003,
       0.00441203, 0.00638979, 0.01051739, 0.0087137 , 0.00985272])

 285.11076138			array([ 1.22101639,  2.49812726,  3.25832001, 14.72830342, -1.54997896,
        4.95092415,  8.35311269, -0.06097441,  2.21326531,  0.97483078])
						array([0.00752933, 0.01476908, 0.00968555, 0.00629047, 0.01517077,
       0.00538053, 0.00779243, 0.01282608, 0.01062646, 0.01201551])

 285.403923995			array([ 1.20439853,  2.4925748 ,  3.25232727, 14.71813484, -1.52911262,
        4.94559253,  8.34920025, -0.05841235,  2.21176274,  0.97333434])
						array([0.01365573, 0.02678625, 0.01756639, 0.01140884, 0.02751479,
       0.0097585 , 0.0141329 , 0.02326229, 0.0192729 , 0.02179218])

 285.159641114			array([ 1.22979725,  2.48405159,  3.26146545, 14.70906366, -1.5809758 ,
        4.95963673,  8.33185117, -0.07945267,  2.17973369,  0.98817044])
						array([0.02476699, 0.04858144, 0.03185966, 0.02069188, 0.04990276,
       0.01769871, 0.02563243, 0.04219014, 0.03495469, 0.03952384])

 285.267089862			array([ 1.21819055,  2.49204209,  3.25025584, 14.70771516, -1.56480181,
        4.95431049,  8.34995119, -0.06451819,  2.19176005,  0.97672072])
						array([0.0111977 , 0.02196473, 0.01440444, 0.00935525, 0.02256212,
       0.00800197, 0.01158898, 0.01907508, 0.01580377, 0.01786959])

 284.729691914			array([ 1.21566749,  2.48547938,  3.26732679, 14.70180295, -1.58183155,
        4.95083216,  8.34451616, -0.06066218,  2.20264534,  0.95559038])
						array([0.00918211, 0.01801108, 0.01181164, 0.0076713 , 0.01850094,
       0.00656162, 0.00950296, 0.01564157, 0.01295909, 0.01465306])

 285.26585968			array([ 1.21507709,  2.4903074 ,  3.25798112, 14.70737546, -1.61041896,
        4.95697723,  8.34690681, -0.0665427 ,  2.22569482,  0.9540732 ])
						array([0.00918211, 0.01801108, 0.01181164, 0.0076713 , 0.01850094,
       0.00656162, 0.00950296, 0.01564157, 0.01295909, 0.01465306])

 285.456015301			array([ 1.2298212 ,  2.49728997,  3.24651126, 14.69961564, -1.61412819,
        4.96587028,  8.34286046, -0.05003543,  2.2332073 ,  0.95248274])
						array([0.0111977 , 0.02196473, 0.01440444, 0.00935525, 0.02256212,
       0.00800197, 0.01158898, 0.01907508, 0.01580377, 0.01786959])

 284.5375538			array([ 1.21570953,  2.48925106,  3.25066108, 14.68836808, -1.55913616,
        4.96978815,  8.31313095, -0.06637535,  2.23187124,  0.93451715])
						array([0.02030893, 0.03983678, 0.02612492, 0.01696734, 0.04092027,
       0.01451294, 0.02101859, 0.03459591, 0.02866284, 0.03240955])

 284.537408731			array([ 1.21515299,  2.48362443,  3.25914493, 14.68893772, -1.58612942,
        4.97110496,  8.30659758, -0.06347929,  2.2333913 ,  0.93018162])
						array([0.00506272, 0.00993073, 0.00651256, 0.00422971, 0.01020083,
       0.00361787, 0.00523963, 0.00862426, 0.00714523, 0.00807923])

 284.401189031			array([ 1.21196125,  2.48487639,  3.25825281, 14.68643186, -1.56855784,
        4.97712676,  8.30558438, -0.05467351,  2.22797402,  0.93444655])
						array([0.00415143, 0.0081432 , 0.0053403 , 0.00346836, 0.00836468,
       0.00296665, 0.0042965 , 0.00707189, 0.00585909, 0.00662497])

 284.323065772			array([ 1.21362098,  2.48812266,  3.2628337 , 14.68440621, -1.56775533,
        4.97692496,  8.30822697, -0.06200988,  2.22989596,  0.93065798])
						array([0.00340417, 0.00667742, 0.00437905, 0.00284406, 0.00685904,
       0.00243265, 0.00352313, 0.00579895, 0.00480445, 0.00543247])

 284.337121618			array([ 1.21387724,  2.48037256,  3.26242296, 14.68651987, -1.56700312,
        4.97245457,  8.30821279, -0.06455566,  2.22465352,  0.93097181])
						array([0.00415143, 0.0081432 , 0.0053403 , 0.00346836, 0.00836468,
       0.00296665, 0.0042965 , 0.00707189, 0.00585909, 0.00662497])

 284.212734363			array([ 1.2084658 ,  2.48090094,  3.28165028, 14.67849105, -1.58179951,
        4.97888751,  8.29047566, -0.06121265,  2.23924103,  0.93911779])
						array([0.02030893, 0.03983678, 0.02612492, 0.01696734, 0.04092027,
       0.01451294, 0.02101859, 0.03459591, 0.02866284, 0.03240955])

 284.191706646			array([ 1.21426729,  2.49184025,  3.2935436 , 14.67325991, -1.57102953,
        4.9816555 ,  8.28530003, -0.08749705,  2.24761289,  0.9430152 ])
						array([0.00752933, 0.01476908, 0.00968555, 0.00629047, 0.01517077,
       0.00538053, 0.00779243, 0.01282608, 0.01062646, 0.01201551])

 284.20810278			array([ 1.22831721,  2.49208116,  3.29363265, 14.6717857 , -1.5638897 ,
        4.98190375,  8.27963169, -0.09278197,  2.24259376,  0.9363121 ])
						array([0.00617405, 0.01211065, 0.00794215, 0.00515818, 0.01244003,
       0.00441203, 0.00638979, 0.01051739, 0.0087137 , 0.00985272])

 284.20607286			array([ 1.22000857,  2.48120696,  3.28815279, 14.67384011, -1.57118606,
        4.97593685,  8.28070209, -0.08513023,  2.24276138,  0.93907538])
						array([0.00506272, 0.00993073, 0.00651256, 0.00422971, 0.01020083,
       0.00361787, 0.00523963, 0.00862426, 0.00714523, 0.00807923])

 284.228744879			array([ 1.22904868,  2.47391714,  3.28657673, 14.66715792, -1.58076835,
        4.97499773,  8.28261937, -0.07675398,  2.23396224,  0.94042288])
						array([0.00617405, 0.01211065, 0.00794215, 0.00515818, 0.01244003,
       0.00441203, 0.00638979, 0.01051739, 0.0087137 , 0.00985272])

 284.173372696			array([ 1.24902984,  2.4546411 ,  3.30452308, 14.67973536, -1.56772443,
        4.982414  ,  8.27753537, -0.05537056,  2.21889492,  0.9372844 ])
						array([0.00918211, 0.01801108, 0.01181164, 0.0076713 , 0.01850094,
       0.00656162, 0.00950296, 0.01564157, 0.01295909, 0.01465306])

 284.221088087			array([ 1.25752697,  2.4941228 ,  3.31259031, 14.68063946, -1.57745114,
        4.98645081,  8.2764078 , -0.04459163,  2.21855889,  0.92050052])
						array([0.01365573, 0.02678625, 0.01756639, 0.01140884, 0.02751479,
       0.0097585 , 0.0141329 , 0.02326229, 0.0192729 , 0.02179218])

 284.244905472			array([ 1.26114861,  2.49356415,  3.31027129, 14.68037899, -1.57329835,
        4.98524947,  8.28233011, -0.03489479,  2.21667153,  0.92169008])
						array([0.00506272, 0.00993073, 0.00651256, 0.00422971, 0.01020083,
       0.00361787, 0.00523963, 0.00862426, 0.00714523, 0.00807923])

 284.181701975			array([ 1.25956936,  2.48959288,  3.30888583, 14.67352571, -1.57381243,
        4.98626262,  8.28865102, -0.03768114,  2.22572749,  0.92421833])
						array([0.00340417, 0.00667742, 0.00437905, 0.00284406, 0.00685904,
       0.00243265, 0.00352313, 0.00579895, 0.00480445, 0.00543247])

 284.19755141			array([ 1.26272601,  2.48718363,  3.30854465, 14.67366614, -1.57157853,
        4.98570613,  8.29116307, -0.03874331,  2.2313362 ,  0.92369457])
						array([0.00340417, 0.00667742, 0.00437905, 0.00284406, 0.00685904,
       0.00243265, 0.00352313, 0.00579895, 0.00480445, 0.00543247])

 284.217060589			array([ 1.26582268,  2.47900617,  3.30831357, 14.67433895, -1.57407632,
        4.98558399,  8.29530875, -0.03747118,  2.22741118,  0.92805224])
						array([0.00415143, 0.0081432 , 0.0053403 , 0.00346836, 0.00836468,
       0.00296665, 0.0042965 , 0.00707189, 0.00585909, 0.00662497])

 283.995330446			array([ 1.25531115,  2.48979423,  3.30765075, 14.68444712, -1.53802269,
        4.98224972,  8.31936156, -0.03190217,  2.21952801,  0.94937549])
						array([0.0111977 , 0.02196473, 0.01440444, 0.00935525, 0.02256212,
       0.00800197, 0.01158898, 0.01907508, 0.01580377, 0.01786959])

 283.81797408			array([ 1.2551668 ,  2.49733352,  3.31592445, 14.68675931, -1.54311486,
        4.98390451,  8.31699973, -0.04477346,  2.22035026,  0.95275021])
						array([0.00279142, 0.00547549, 0.00359082, 0.00233213, 0.00562441,
       0.00199478, 0.00288896, 0.00475514, 0.00393965, 0.00445463])

 283.812637932			array([ 1.25474099,  2.49653883,  3.31645022, 14.68677012, -1.54416364,
        4.98360501,  8.31738395, -0.04421392,  2.22208623,  0.94972157])
						array([0.00057061, 0.00111927, 0.00073401, 0.00047672, 0.00114971,
       0.00040776, 0.00059054, 0.00097202, 0.00080532, 0.00091059])

 283.81146519			array([ 1.25436329,  2.49692723,  3.31616057, 14.6867163 , -1.54473575,
        4.98387987,  8.31755926, -0.04397323,  2.22141007,  0.94973986])
						array([0.00031461, 0.00061713, 0.00040471, 0.00026285, 0.00063391,
       0.00022483, 0.00032561, 0.00053594, 0.00044403, 0.00050207])

 283.813216708			array([ 1.25443647,  2.49689415,  3.31580148, 14.68676815, -1.54432945,
        4.98397239,  8.31748424, -0.04406069,  2.22086233,  0.95011111])
						array([0.00038368, 0.00075259, 0.00049355, 0.00032055, 0.00077306,
       0.00027418, 0.00039708, 0.00065358, 0.0005415 , 0.00061228])

 283.80860118			array([ 1.25446187,  2.4977992 ,  3.31512006, 14.68681921, -1.54505969,
        4.98415544,  8.317934  , -0.04505313,  2.22089002,  0.94971211])
						array([0.0004679 , 0.0009178 , 0.00060189, 0.00039091, 0.00094276,
       0.00033436, 0.00048425, 0.00079705, 0.00066036, 0.00074668])

 283.809327971			array([ 1.25438858,  2.49827387,  3.31502042, 14.68714899, -1.54482348,
        4.98446604,  8.31853598, -0.04551811,  2.22093206,  0.95103035])
						array([0.00057061, 0.00111927, 0.00073401, 0.00047672, 0.00114971,
       0.00040776, 0.00059054, 0.00097202, 0.00080532, 0.00091059])

 283.80764679			array([ 1.25428438,  2.49812646,  3.31474916, 14.68757818, -1.54331624,
        4.98441202,  8.31839368, -0.04656986,  2.22063814,  0.951237  ])
						array([0.00103489, 0.00202998, 0.00133126, 0.00086461, 0.00208519,
       0.00073954, 0.00107105, 0.00176292, 0.00146059, 0.00165151])

 283.798966306			array([ 1.25310998,  2.49803489,  3.31560132, 14.68735   , -1.54606284,
        4.98419658,  8.31993036, -0.04599664,  2.21981321,  0.95139454])
						array([0.00126206, 0.00247559, 0.00162349, 0.00105441, 0.00254292,
       0.00090188, 0.00130616, 0.0021499 , 0.0017812 , 0.00201403])

 283.801269716			array([ 1.25389232,  2.49428973,  3.31785965, 14.68731614, -1.54555986,
        4.98259755,  8.31956009, -0.04750087,  2.21754818,  0.94676727])
						array([0.0015391 , 0.00301901, 0.00197986, 0.00128586, 0.00310112,
       0.00109986, 0.00159288, 0.00262183, 0.0021722 , 0.00245614])

 283.764691977			array([ 1.25529666,  2.48805852,  3.29914147, 14.69596809, -1.54948177,
        4.97282411,  8.31625761, -0.06634116,  2.216214  ,  0.95415826])
						array([0.00918211, 0.01801108, 0.01181164, 0.0076713 , 0.01850094,
       0.00656162, 0.00950296, 0.01564157, 0.01295909, 0.01465306])

 283.701722667			array([ 1.25237677,  2.49926798,  3.29712679, 14.69347701, -1.55488705,
        4.97590918,  8.30559038, -0.05721428,  2.22779729,  0.957315  ])
						array([0.00506272, 0.00993073, 0.00651256, 0.00422971, 0.01020083,
       0.00361787, 0.00523963, 0.00862426, 0.00714523, 0.00807923])

 283.699533039			array([ 1.25110944,  2.49823858,  3.29762999, 14.69171287, -1.54909283,
        4.97659492,  8.30586175, -0.05781182,  2.22710163,  0.9552046 ])
						array([0.00126206, 0.00247559, 0.00162349, 0.00105441, 0.00254292,
       0.00090188, 0.00130616, 0.0021499 , 0.0017812 , 0.00201403])

 283.688595423			array([ 1.25138336,  2.49504161,  3.29800177, 14.69402775, -1.55005384,
        4.97667607,  8.30522288, -0.05629214,  2.22623897,  0.95647439])
						array([0.0015391 , 0.00301901, 0.00197986, 0.00128586, 0.00310112,
       0.00109986, 0.00159288, 0.00262183, 0.0021722 , 0.00245614])

 283.679561534			array([ 1.25229504,  2.50024957,  3.30126218, 14.69331085, -1.55261954,
        4.97426043,  8.30556846, -0.05606328,  2.22536009,  0.95543881])
						array([0.00187695, 0.00368172, 0.00241447, 0.00156812, 0.00378185,
       0.00134129, 0.00194254, 0.00319736, 0.00264902, 0.00299529])

 283.673198036			array([ 1.25384544,  2.49571405,  3.30283737, 14.69413771, -1.55860946,
        4.97469161,  8.30462717, -0.05985652,  2.23064305,  0.9571011 ])
						array([0.00228897, 0.0044899 , 0.00294447, 0.00191234, 0.00461202,
       0.00163572, 0.00236895, 0.00389922, 0.00323051, 0.0036528 ])

 283.652012444			array([ 1.24446488,  2.48404997,  3.30095442, 14.68647879, -1.55806332,
        4.97293556,  8.30060402, -0.06149421,  2.22741668,  0.95619918])
						array([0.00340417, 0.00667742, 0.00437905, 0.00284406, 0.00685904,
       0.00243265, 0.00352313, 0.00579895, 0.00480445, 0.00543247])

 283.64775631			array([ 1.24012952,  2.48613962,  3.30431782, 14.68455939, -1.55490282,
        4.97176814,  8.30048763, -0.06887091,  2.23060947,  0.94895143])
						array([0.00228897, 0.0044899 , 0.00294447, 0.00191234, 0.00461202,
       0.00163572, 0.00236895, 0.00389922, 0.00323051, 0.0036528 ])

 283.639448591			array([ 1.23790654,  2.48323511,  3.31194993, 14.68067219, -1.56148491,
        4.97005249,  8.29985272, -0.06283072,  2.22388177,  0.94830139])
						array([0.00228897, 0.0044899 , 0.00294447, 0.00191234, 0.00461202,
       0.00163572, 0.00236895, 0.00389922, 0.00323051, 0.0036528 ])

 283.641781459			array([ 1.23665288,  2.4857644 ,  3.30945335, 14.68363441, -1.56265027,
        4.97070358,  8.29660135, -0.06810597,  2.22546191,  0.94521645])
						array([0.00279142, 0.00547549, 0.00359082, 0.00233213, 0.00562441,
       0.00199478, 0.00288896, 0.00475514, 0.00393965, 0.00445463])

 283.6330513			array([ 1.2322716 ,  2.48689724,  3.31605395, 14.68299705, -1.56943949,
        4.96980482,  8.30340157, -0.05656718,  2.22664299,  0.95413311])
						array([0.00415143, 0.0081432 , 0.0053403 , 0.00346836, 0.00836468,
       0.00296665, 0.0042965 , 0.00707189, 0.00585909, 0.00662497])

 283.623112538			array([ 1.23344752,  2.48478012,  3.3129611 , 14.68599473, -1.56889646,
        4.97187625,  8.29871384, -0.06089628,  2.22878246,  0.95671166])
						array([0.00279142, 0.00547549, 0.00359082, 0.00233213, 0.00562441,
       0.00199478, 0.00288896, 0.00475514, 0.00393965, 0.00445463])

------------------------------------ 


------------------------------------ 
TOTAL GENERATIONS: 1000
------------------------------------ 
