------------------------------------ 
PARAMETERS used: 
 - DNA SIZE: '10'
 - c: '0.82'
 - s: '15'
 - num rotors in robot: '10'
 - num total generations: '1000'
------------------------------------ 


------------------------------------ 
Fitness_value		Individual
------------------------------------ 
 121831.34696			array([ -68.66948927,   11.3037799 , -168.7286204 , -148.19515099,
       -124.6358348 , -129.18158608,  -85.62444649,  107.98282926,
        -88.75882811,  -74.03111775])
						array([9.13082624, 2.00228924, 2.98870162, 6.12570821, 5.35492787,
       7.81707386, 9.70086783, 0.86249348, 5.96772948, 0.82025012])

 120587.020235			array([ -69.75051615,   10.75589368, -167.4336483 , -151.58993294,
       -119.42067894, -132.55810837,  -76.36441952,  109.05809597,
        -86.62498556,  -74.01140416])
						array([5.0344454 , 1.10399821, 1.64787444, 3.37751948, 2.95253587,
       4.31008438, 5.34874809, 0.47555131, 3.29041507, 0.45225967])

 120225.548261			array([ -74.99337194,    9.48212055, -168.33591734, -151.9774111 ,
       -117.9695593 , -129.42836993,  -73.3562599 ,  109.82012143,
        -85.08522756,  -74.81181169])
						array([6.13956756, 1.34633928, 2.00960297, 4.1189262 , 3.6006535 ,
       5.25620046, 6.52286353, 0.57994062, 4.0127013 , 0.55153618])

 118367.254468			array([ -64.54164425,    9.72443071, -166.62249342, -152.03804186,
       -120.31266954, -127.41950385,  -74.43265269,  109.365574  ,
        -86.08967982,  -74.44981245])
						array([7.48727752, 1.64187718, 2.45073533, 5.02308073, 4.39104085,
       6.41000056, 7.95471162, 0.70724465, 4.89353817, 0.6726051 ])

 115521.648461			array([ -56.89617966,    8.30488197, -165.32324342, -149.17618436,
       -111.35047693, -133.44335454,  -73.72474694,  109.42887188,
        -86.64012996,  -74.37084255])
						array([9.13082624, 2.00228924, 2.98870162, 6.12570821, 5.35492787,
       7.81707386, 9.70086783, 0.86249348, 5.96772948, 0.82025012])

 111943.673021			array([ -41.32066723,   10.25146618, -172.79297556, -166.94009744,
       -119.98891064,  -94.71517163,  -55.75363077,  108.90278395,
        -80.88450396,  -74.68641333])
						array([13.57945604,  2.97782457,  4.44482692,  9.11021447,  7.96390224,
       11.62563037, 14.42722759,  1.28270892,  8.87526692,  1.21988418])

 109109.491731			array([ -39.431757  ,    3.47094529, -170.68509676, -171.26805391,
       -125.63374742,  -73.51292521,  -58.53633939,  107.45299253,
        -72.39204812,  -75.36028333])
						array([16.56031224,  3.63149337,  5.42052063, 11.11001764,  9.7120759 ,
       14.17759801, 17.59417998,  1.56427918, 10.82349624,  1.48766363])

 101699.573756			array([ -14.43527955,   -0.17656652, -172.82856475, -161.37918843,
       -129.79343842,  -45.76958707,  -23.95022081,  107.53221294,
        -83.21214556,  -75.64622885])
						array([24.62866187,  5.40079324,  8.06145246, 16.52292927, 14.44389635,
       21.08506545, 26.16624031,  2.32641162, 16.09681178,  2.21246822])

 96258.9639277			array([ -15.89787709,    4.69149773, -176.69351018, -149.29940201,
       -121.2892699 ,  -48.38368972,  -26.77583291,  108.6551053 ,
        -67.94254947,  -80.66986329])
						array([36.62799207,  8.03211368, 11.98907266, 24.57306555, 21.481107  ,
       31.35792006, 38.91469409,  3.45986262, 23.93933936,  3.29040485])

 70642.6216061			array([  28.57550623,   -2.92236865, -165.88597223, -105.54684205,
        -96.98275805,  -14.68304954,   33.38917205,  103.23920336,
        -49.10680754,  -77.59616333])
						array([54.47351587, 11.94543974, 17.83026869, 36.54530867, 31.94691701,
       46.63581211, 57.87432197,  5.14554226, 35.60282474,  4.89352297])

 57895.8828031			array([  85.52513046,    9.55818008, -150.24123841,    8.15252918,
        -41.50598509,  -34.01209681,   43.25900609,  111.81542285,
        -67.50823575,  -75.76211702])
						array([66.43111691, 14.56760944, 21.7442301 , 44.56744959, 38.95965489,
       56.8729416 , 70.57844143,  6.27505154, 43.41807895,  5.96771094])

 38081.748532			array([ 20.25141634,  16.06032493, -97.2535579 ,  15.94441026,
       -10.33574877,   9.65097915,  90.21076464, 105.61863813,
       -52.57840338, -70.72746694])
						array([81.01355721, 17.76537737, 26.51735379, 54.35054828, 47.51177426,
       69.35724585, 86.07127003,  7.65250188, 52.94887677,  7.27769627])

 35556.4150553			array([ 27.69923601,  18.86483038, -93.58896446,   4.84230415,
       -16.43863037,  19.9189251 ,  77.95793259, 105.58377144,
       -50.18184987, -69.4748434 ])
						array([6.13956756, 1.34633928, 2.00960297, 4.1189262 , 3.6006535 ,
       5.25620046, 6.52286353, 0.57994062, 4.0127013 , 0.55153618])

 35294.5836918			array([ 19.50007059,  18.84682067, -95.73910012,   2.82323023,
       -16.86967996,  14.2635322 ,  75.46064874, 105.91351576,
       -51.33094138, -70.02532908])
						array([5.0344454 , 1.10399821, 1.64787444, 3.37751948, 2.95253587,
       4.31008438, 5.34874809, 0.47555131, 3.29041507, 0.45225967])

 34969.9730326			array([ 15.39035782,  18.51099293, -95.3483387 ,   3.86503637,
       -15.87721112,  12.68541023,  74.87416985, 105.68238859,
       -52.18206793, -69.7860597 ])
						array([2.77583209, 0.60870929, 0.90858523, 1.86225616, 1.6279338 ,
       2.3764426 , 2.94912854, 0.26220377, 1.81422957, 0.24936151])

 34402.3936833			array([ 13.23924441,  18.57225877, -95.46802746,   5.76509005,
       -15.71613614,   9.01249361,  73.7478353 , 105.51130844,
       -50.50001394, -69.37268915])
						array([3.38516109, 0.7423284 , 1.10803077, 2.2710441 , 1.98528512,
       2.89810074, 3.59649822, 0.3197607 , 2.21247509, 0.3040994 ])

 34286.3672862			array([  3.06012889,  16.50279406, -92.06461264,   4.01858129,
       -18.92037744,   2.81307177,  77.57180198, 104.96480315,
       -50.53407291, -70.56882473])
						array([7.48727752, 1.64187718, 2.45073533, 5.02308073, 4.39104085,
       6.41000056, 7.95471162, 0.70724465, 4.89353817, 0.6726051 ])

 33238.7899719			array([  7.84414842,  19.8800599 , -94.65160884,   9.23465764,
       -16.07646166, -10.94674035,  71.55843443, 103.72276742,
       -44.45699562, -70.44444338])
						array([11.13515395,  2.44181615,  3.64475807,  7.47037586,  6.53039984,
        9.5330169 , 11.83032662,  1.05182132,  7.27771887,  1.00030503])

 33065.128856			array([  5.30443469,  24.88343853, -93.69751854,   3.32013806,
       -15.82820591, -12.16581895,  73.4769675 , 102.26919061,
       -43.01156853, -70.71685392])
						array([13.57945604,  2.97782457,  4.44482692,  9.11021447,  7.96390224,
       11.62563037, 14.42722759,  1.28270892,  8.87526692,  1.21988418])

 30326.0285752			array([ 26.38582408,  28.65089414, -81.41537043,  12.06209751,
       -17.62939824, -26.63534084,  63.73781546, 103.12027976,
       -28.57790828, -72.18298689])
						array([20.19550273,  4.42865046,  6.61039102, 13.548802  , 11.843995  ,
       17.28975367, 21.45631705,  1.90765753, 13.19938566,  1.81422394])

 29270.9580396			array([ 38.64120727,  35.70128447, -82.26534911,  42.89872446,
       -23.25511795, -14.99637062,  30.29415668,  99.8906937 ,
       -30.46950373, -72.22559095])
						array([20.19550273,  4.42865046,  6.61039102, 13.548802  , 11.843995  ,
       17.28975367, 21.45631705,  1.90765753, 13.19938566,  1.81422394])

 28480.2032066			array([ 32.65931822,  31.65043442, -79.43343976,  38.11625917,
       -24.86058808, -10.85250952,  37.66981524, 100.15745555,
       -34.79380698, -71.27723543])
						array([9.13082624, 2.00228924, 2.98870162, 6.12570821, 5.35492787,
       7.81707386, 9.70086783, 0.86249348, 5.96772948, 0.82025012])

 26849.1582388			array([ 18.35653432,  27.91858134, -77.36675387,  36.23183772,
       -24.75879837,  -7.82434333,  24.98583037, 100.37957597,
       -39.25221543, -72.00615105])
						array([7.48727752, 1.64187718, 2.45073533, 5.02308073, 4.39104085,
       6.41000056, 7.95471162, 0.70724465, 4.89353817, 0.6726051 ])

 25872.435245			array([  2.19010017,  26.87473062, -75.42016181,  31.65445745,
       -23.91328834,  -5.7454842 ,  31.462651  , 100.36053098,
       -36.50985717, -71.04875655])
						array([9.13082624, 2.00228924, 2.98870162, 6.12570821, 5.35492787,
       7.81707386, 9.70086783, 0.86249348, 5.96772948, 0.82025012])

 25411.6102439			array([  0.55655939,  27.31593082, -74.29863478,  30.6589404 ,
       -17.1412642 ,  -5.67291636,  30.75142053, 100.90045401,
       -36.02755483, -70.91185146])
						array([4.12824523, 0.90527853, 1.35125704, 2.76956598, 2.42107941,
       3.53426919, 4.38597344, 0.38995207, 2.69814035, 0.37085293])

 25114.9704723			array([ -1.82340447,  27.21525755, -73.73288528,  28.76771309,
       -16.45835248,  -7.99139832,  31.08493145, 100.82136969,
       -35.20658669, -70.71738904])
						array([3.38516109, 0.7423284 , 1.10803077, 2.2710441 , 1.98528512,
       2.89810074, 3.59649822, 0.3197607 , 2.21247509, 0.3040994 ])

 24898.7541893			array([ -4.12724478,  28.33832944, -72.85912826,  28.31860253,
       -16.45225662,  -8.94164968,  29.89604873, 100.86630863,
       -33.68780141, -70.58246389])
						array([4.12824523, 0.90527853, 1.35125704, 2.76956598, 2.42107941,
       3.53426919, 4.38597344, 0.38995207, 2.69814035, 0.37085293])

 23989.4902884			array([ -4.67844308,  27.76743326, -71.40837034,  20.08608243,
       -13.44667308, -10.51637486,  27.79337577, 101.41235622,
       -30.76041372, -70.18659065])
						array([6.13956756, 1.34633928, 2.00960297, 4.1189262 , 3.6006535 ,
       5.25620046, 6.52286353, 0.57994062, 4.0127013 , 0.55153618])

 23686.7669991			array([-3.21304606e-02,  2.74104042e+01, -6.82723943e+01,  1.28155331e+01,
       -1.28235093e+01, -3.13322543e+01,  1.76651573e+01,  1.00249431e+02,
       -3.18021796e+01, -7.14800444e+01])
						array([16.56031224,  3.63149337,  5.42052063, 11.11001764,  9.7120759 ,
       14.17759801, 17.59417998,  1.56427918, 10.82349624,  1.48766363])

 23324.2942484			array([ -9.22372066,  30.80558001, -62.36892805,   8.31597249,
       -10.63561245, -26.66130866,  31.59625204,  99.77696295,
       -27.65487945, -72.52170724])
						array([20.19550273,  4.42865046,  6.61039102, 13.548802  , 11.843995  ,
       17.28975367, 21.45631705,  1.90765753, 13.19938566,  1.81422394])

 23067.2474837			array([  2.13752907,  36.81705505, -53.50452345,   5.17836345,
         5.07850397, -54.76655916,   2.20210094,  98.04877296,
       -22.99465918, -72.50130127])
						array([24.62866187,  5.40079324,  8.06145246, 16.52292927, 14.44389635,
       21.08506545, 26.16624031,  2.32641162, 16.09681178,  2.21246822])

 21703.9427988			array([ 20.59229743,  35.17634877, -43.54261394,  -2.69488955,
         6.45056801, -44.22436367,   1.08042669, 100.76769533,
       -21.35286505, -72.40380067])
						array([9.13082624, 2.00228924, 2.98870162, 6.12570821, 5.35492787,
       7.81707386, 9.70086783, 0.86249348, 5.96772948, 0.82025012])

 21669.0704146			array([ 10.09897301,  36.38431474, -45.41440242,  -0.25011347,
         3.84708174, -43.76184089,   3.85882391, 101.84595423,
       -16.13615659, -72.60800572])
						array([6.13956756, 1.34633928, 2.00960297, 4.1189262 , 3.6006535 ,
       5.25620046, 6.52286353, 0.57994062, 4.0127013 , 0.55153618])

 21395.7367687			array([  9.96797695,  36.07701888, -44.56539806,  -3.07793088,
         3.22650785, -41.70705376,   8.06651547, 101.41204761,
       -17.35177504, -72.39255424])
						array([2.77583209, 0.60870929, 0.90858523, 1.86225616, 1.6279338 ,
       2.3764426 , 2.94912854, 0.26220377, 1.81422957, 0.24936151])

 21270.2789753			array([  3.56687911,  35.96474199, -45.41259834,  -4.36612102,
         4.41319855, -41.22246414,   9.30341596, 101.13032806,
       -17.90868899, -71.9471242 ])
						array([3.38516109, 0.7423284 , 1.10803077, 2.2710441 , 1.98528512,
       2.89810074, 3.59649822, 0.3197607 , 2.21247509, 0.3040994 ])

 20862.6950541			array([  2.53532853,  35.73850422, -44.14499015,   2.87274696,
         0.85288729, -41.06813804,  13.10888202,  99.85042269,
       -15.57442681, -72.12893367])
						array([7.48727752, 1.64187718, 2.45073533, 5.02308073, 4.39104085,
       6.41000056, 7.95471162, 0.70724465, 4.89353817, 0.6726051 ])

 20360.5933826			array([ 12.09065982,  34.23031888, -43.74525264,  -8.10880014,
        -1.00002405, -37.7307654 ,   8.01382195,  99.63520732,
       -11.59353152, -71.94403318])
						array([9.13082624, 2.00228924, 2.98870162, 6.12570821, 5.35492787,
       7.81707386, 9.70086783, 0.86249348, 5.96772948, 0.82025012])

 19634.8118079			array([  6.60164329,  32.91839399, -47.76169478,   3.39272847,
        -0.96188626, -21.19557148,  18.41174326,  99.00338873,
        -8.48165527, -72.09228948])
						array([13.57945604,  2.97782457,  4.44482692,  9.11021447,  7.96390224,
       11.62563037, 14.42722759,  1.28270892,  8.87526692,  1.21988418])

 19281.246097			array([  7.86970773,  28.96593504, -37.26440198,  -4.03676479,
       -25.80055578, -12.69272414,  20.10191707,  97.2997636 ,
       -30.5268294 , -70.1817842 ])
						array([30.0349535 ,  6.58633322,  9.83103958, 20.14991375, 17.61450774,
       25.71349445, 31.91004916,  2.83708735, 19.63025827,  2.69813197])

 19212.8876541			array([ -6.57611373,  30.42558994, -34.19455165,  17.31735188,
       -22.55886812, -31.00645451,  18.11596866,  97.66202055,
       -14.28213788, -69.60221606])
						array([9.13082624, 2.00228924, 2.98870162, 6.12570821, 5.35492787,
       7.81707386, 9.70086783, 0.86249348, 5.96772948, 0.82025012])

 19035.0341132			array([ -5.05322765,  31.14631861, -32.31469119,  17.27894565,
       -25.13577747, -23.79669485,  25.60611524,  97.22359018,
       -14.38757905, -69.21420513])
						array([4.12824523, 0.90527853, 1.35125704, 2.76956598, 2.42107941,
       3.53426919, 4.38597344, 0.38995207, 2.69814035, 0.37085293])

 18661.5040559			array([ -0.70698855,  30.45736949, -30.86431968,  16.46401323,
       -22.94597285, -17.44848927,  32.56603825,  97.11406547,
       -11.1074477 , -68.91258315])
						array([4.12824523, 0.90527853, 1.35125704, 2.76956598, 2.42107941,
       3.53426919, 4.38597344, 0.38995207, 2.69814035, 0.37085293])

 18314.1329428			array([ -4.62481073,  30.83346374, -30.12015545,  15.95261002,
       -24.58918407, -15.88969417,  27.17145616,  97.1027372 ,
        -9.27960214, -68.77348987])
						array([5.0344454 , 1.10399821, 1.64787444, 3.37751948, 2.95253587,
       4.31008438, 5.34874809, 0.47555131, 3.29041507, 0.45225967])

 17876.8354738			array([  3.89915819,  28.24591305, -28.62602832,  18.22899806,
       -23.43619615,  -3.13921165,  20.53708469,  98.86846756,
        -9.93844237, -69.18398785])
						array([11.13515395,  2.44181615,  3.64475807,  7.47037586,  6.53039984,
        9.5330169 , 11.83032662,  1.05182132,  7.27771887,  1.00030503])

 17726.8056646			array([  3.78080352,  27.69141138, -27.748481  ,  11.74530725,
       -27.41887318, -11.81098426,   5.28453341,  98.62306058,
        -8.51392785, -70.58904883])
						array([16.56031224,  3.63149337,  5.42052063, 11.11001764,  9.7120759 ,
       14.17759801, 17.59417998,  1.56427918, 10.82349624,  1.48766363])

 17483.2126061			array([ -8.19007153,  28.34110796, -24.32847338,  22.58749491,
       -15.91330518,  -9.42233075,   9.89958812,  98.3153092 ,
         1.23258206, -70.80832755])
						array([20.19550273,  4.42865046,  6.61039102, 13.548802  , 11.843995  ,
       17.28975367, 21.45631705,  1.90765753, 13.19938566,  1.81422394])

 17372.9966641			array([  4.52419416,  28.00959859, -21.22407162,  26.36168786,
       -19.01448804,  -6.99421158,  -7.41622045,  98.24464037,
         0.45236412, -70.62262655])
						array([6.13956756, 1.34633928, 2.00960297, 4.1189262 , 3.6006535 ,
       5.25620046, 6.52286353, 0.57994062, 4.0127013 , 0.55153618])

 17294.8476859			array([ -2.8224353 ,  28.16156156, -22.13449669,  27.05486999,
       -17.90875289,  -4.74938981,  -3.8380344 ,  98.41422638,
         0.84399377, -69.97355018])
						array([2.77583209, 0.60870929, 0.90858523, 1.86225616, 1.6279338 ,
       2.3764426 , 2.94912854, 0.26220377, 1.81422957, 0.24936151])

 17242.4271099			array([ -4.21666509,  27.87917476, -22.53148495,  25.51127318,
       -19.68373188,  -2.27340579,   0.41369217,  98.40855936,
        -1.04698099, -69.80548213])
						array([2.77583209, 0.60870929, 0.90858523, 1.86225616, 1.6279338 ,
       2.3764426 , 2.94912854, 0.26220377, 1.81422957, 0.24936151])

 17165.6771257			array([ -2.35887296,  28.65157552, -22.71308163,  24.7770514 ,
       -18.60446971,  -4.45393306,   5.08530192,  98.23610006,
        -1.09963684, -69.68389814])
						array([3.38516109, 0.7423284 , 1.10803077, 2.2710441 , 1.98528512,
       2.89810074, 3.59649822, 0.3197607 , 2.21247509, 0.3040994 ])

 17105.374851			array([ -1.10485158,  27.80632529, -22.16823978,  25.94175717,
       -18.17338987,  -4.97432294,   6.11393233,  98.09703185,
         0.1217232 , -69.58625876])
						array([4.12824523, 0.90527853, 1.35125704, 2.76956598, 2.42107941,
       3.53426919, 4.38597344, 0.38995207, 2.69814035, 0.37085293])

 16890.095143			array([  2.94208727,  27.88933636, -23.21946527,  18.01846329,
       -21.35598759,  -6.93434977,   4.48967212,  97.93475542,
        -1.13459309, -69.37134995])
						array([5.0344454 , 1.10399821, 1.64787444, 3.37751948, 2.95253587,
       4.31008438, 5.34874809, 0.47555131, 3.29041507, 0.45225967])

 16345.8113707			array([  1.07406481,  29.55742466, -21.67187124,  23.31099784,
        -6.91856033,   0.17872736,   9.80365887,  96.8923171 ,
        -2.46380262, -68.31289725])
						array([13.57945604,  2.97782457,  4.44482692,  9.11021447,  7.96390224,
       11.62563037, 14.42722759,  1.28270892,  8.87526692,  1.21988418])

 16084.690556			array([ -3.53168034,  26.54630144, -15.33657729,  17.55869243,
        -3.06199027,  -0.35695042,  -7.77554666,  98.02406722,
        -2.53642093, -69.36169597])
						array([7.48727752, 1.64187718, 2.45073533, 5.02308073, 4.39104085,
       6.41000056, 7.95471162, 0.70724465, 4.89353817, 0.6726051 ])

 16017.9927456			array([-10.27806488,  28.34853389, -14.26051034,   6.47111832,
        -5.5606604 ,  -7.94137223, -14.66614768,  96.4897319 ,
       -10.08888989, -68.79867855])
						array([6.13956756, 1.34633928, 2.00960297, 4.1189262 , 3.6006535 ,
       5.25620046, 6.52286353, 0.57994062, 4.0127013 , 0.55153618])

 15904.3798945			array([-11.2151374 ,  29.81483024, -13.30024328,   9.08532549,
       -12.39930244,  -6.39014373,  -9.88430577,  96.10360387,
        -9.5072542 , -67.84654635])
						array([5.0344454 , 1.10399821, 1.64787444, 3.37751948, 2.95253587,
       4.31008438, 5.34874809, 0.47555131, 3.29041507, 0.45225967])

 15611.1845493			array([-11.66816327,  27.08774667, -12.52272074,  11.96613689,
       -11.75357999,  -8.8726934 ,  -2.0687338 ,  95.58093072,
        -9.22466461, -67.85171535])
						array([6.13956756, 1.34633928, 2.00960297, 4.1189262 , 3.6006535 ,
       5.25620046, 6.52286353, 0.57994062, 4.0127013 , 0.55153618])

 14593.7518419			array([  2.55335437,  33.24929341,  -5.64609536,  12.59121401,
        -6.07303273, -13.2762871 ,  -1.54071597,  92.36044049,
       -10.38675221, -64.9515258 ])
						array([16.56031224,  3.63149337,  5.42052063, 11.11001764,  9.7120759 ,
       14.17759801, 17.59417998,  1.56427918, 10.82349624,  1.48766363])

 14516.8448237			array([  4.52399537,  33.02169708,  -5.50210905,  10.22431057,
        -6.43325895, -10.84730231,   1.61197487,  92.51061357,
        -9.94303158, -65.1052033 ])
						array([1.8664695 , 0.40929612, 0.61093271, 1.25218104, 1.09462268,
       1.59792001, 1.98299403, 0.17630582, 1.21988797, 0.16767068])

 14408.8780506			array([  6.51779027,  32.62149511,  -5.64438003,   9.32280397,
        -5.78360957, -10.93679341,   1.11265595,  92.3984789 ,
        -7.69996775, -65.19365827])
						array([1.53050499, 0.33562282, 0.50096482, 1.02678846, 0.8975906 ,
       1.31029441, 1.6260551 , 0.14457077, 1.00030813, 0.13748996])

 14393.7499701			array([  6.45041106,  32.70367484,  -5.75609554,   9.92232461,
        -5.63921215, -11.40335219,   1.72662833,  92.24329931,
        -7.75881448, -65.12588178])
						array([1.02911155, 0.22567279, 0.33684875, 0.69041256, 0.60353992,
       0.88104196, 1.09335945, 0.09720939, 0.67260719, 0.09244825])

 14348.5563241			array([  6.45814652,  32.23386648,  -5.50888857,   8.61911871,
        -6.15604245, -10.94071638,   1.38297568,  92.22619259,
        -7.97344702, -65.20559799])
						array([1.25501409, 0.27521071, 0.41079115, 0.84196653, 0.73602429,
       1.07444141, 1.33336519, 0.11854803, 0.82025267, 0.11274176])

 14281.8355054			array([  3.5305139 ,  32.41271988,  -4.68521699,   7.71544412,
        -7.94118754,  -9.72739354,   0.18597389,  92.02356218,
        -9.48730807, -65.02148455])
						array([2.77583209, 0.60870929, 0.90858523, 1.86225616, 1.6279338 ,
       2.3764426 , 2.94912854, 0.26220377, 1.81422957, 0.24936151])

 14161.3957058			array([ -0.12237909,  33.81444515,  -6.48298669,   5.41075582,
        -9.10760965,  -4.56040575,   4.49677565,  91.7742117 ,
        -6.72992856, -64.07452277])
						array([6.13956756, 1.34633928, 2.00960297, 4.1189262 , 3.6006535 ,
       5.25620046, 6.52286353, 0.57994062, 4.0127013 , 0.55153618])

 14124.104889			array([ -5.6756823 ,  32.21346411,  -9.07946477,   5.73860535,
       -14.47637883,  -9.11698027,   3.20935406,  91.391403  ,
        -5.99980906, -63.08893519])
						array([7.48727752, 1.64187718, 2.45073533, 5.02308073, 4.39104085,
       6.41000056, 7.95471162, 0.70724465, 4.89353817, 0.6726051 ])

 13927.2042647			array([-10.21229565,  29.00628638,  -9.08394052,   5.60810685,
       -12.02554635,  -8.6449463 ,   5.07917328,  90.90603099,
         0.12459386, -63.21577662])
						array([5.0344454 , 1.10399821, 1.64787444, 3.37751948, 2.95253587,
       4.31008438, 5.34874809, 0.47555131, 3.29041507, 0.45225967])

 13777.0734405			array([ -4.48573496,  29.03094251,  -9.92611345,   1.49285556,
        -9.32139355, -13.31649712,   0.44479236,  90.61046816,
         0.17143792, -63.2967165 ])
						array([6.13956756, 1.34633928, 2.00960297, 4.1189262 , 3.6006535 ,
       5.25620046, 6.52286353, 0.57994062, 4.0127013 , 0.55153618])

 13614.0748429			array([ -9.07894071,  28.75931642,  -3.77760097,  -0.77129758,
        -5.69219213,  -8.70860466,   3.37859157,  90.40670092,
        -1.51007322, -63.50838081])
						array([7.48727752, 1.64187718, 2.45073533, 5.02308073, 4.39104085,
       6.41000056, 7.95471162, 0.70724465, 4.89353817, 0.6726051 ])

 13591.6280303			array([ -0.45747283,  29.02087747,  -4.43559089,  -1.5767084 ,
        -8.67184989, -11.8713164 ,   2.28611658,  90.38005984,
        -2.69330883, -63.45724421])
						array([4.12824523, 0.90527853, 1.35125704, 2.76956598, 2.42107941,
       3.53426919, 4.38597344, 0.38995207, 2.69814035, 0.37085293])

 13562.5434662			array([ 1.82835681e+00,  2.81886710e+01, -5.70527878e+00, -4.47002145e+00,
       -7.00015365e+00, -1.17803724e+01,  5.19102318e+00,  9.04613494e+01,
        5.69900800e-02, -6.33111416e+01])
						array([3.38516109, 0.7423284 , 1.10803077, 2.2710441 , 1.98528512,
       2.89810074, 3.59649822, 0.3197607 , 2.21247509, 0.3040994 ])

 13384.7449006			array([ -0.8222257 ,  27.9142724 ,  -5.47596513,  -6.81719254,
        -7.50211486, -12.98811743,   3.35734386,  89.77721226,
         2.31711998, -62.76310844])
						array([3.38516109, 0.7423284 , 1.10803077, 2.2710441 , 1.98528512,
       2.89810074, 3.59649822, 0.3197607 , 2.21247509, 0.3040994 ])

 13329.1242934			array([-4.89025845e+00,  2.85918874e+01, -5.81320689e+00, -3.26742489e+00,
       -6.59109905e+00, -1.12963410e+01, -2.76012146e-02,  8.97971426e+01,
       -1.43982235e+00, -6.24449959e+01])
						array([4.12824523, 0.90527853, 1.35125704, 2.76956598, 2.42107941,
       3.53426919, 4.38597344, 0.38995207, 2.69814035, 0.37085293])

 13286.9055122			array([ -1.41221602,  28.50510839,  -4.27548132,  -4.1054013 ,
        -3.69423227, -11.98987751,  -2.43003511,  89.46617417,
        -8.70862425, -62.40828603])
						array([5.0344454 , 1.10399821, 1.64787444, 3.37751948, 2.95253587,
       4.31008438, 5.34874809, 0.47555131, 3.29041507, 0.45225967])

 12629.3760836			array([  1.31884235,  28.30171659,  -5.27172317,   1.89578926,
         3.70231701,  -9.17020797,  -3.80651998,  87.26159244,
         1.34792685, -61.82576345])
						array([13.57945604,  2.97782457,  4.44482692,  9.11021447,  7.96390224,
       11.62563037, 14.42722759,  1.28270892,  8.87526692,  1.21988418])

 12547.2427591			array([  6.03489872,  22.41229612, -13.12916742,  -0.79435501,
         8.63574418,   5.17499501, -17.80839886,  84.72630023,
        11.09096346, -61.7545113 ])
						array([13.57945604,  2.97782457,  4.44482692,  9.11021447,  7.96390224,
       11.62563037, 14.42722759,  1.28270892,  8.87526692,  1.21988418])

 12459.0156641			array([  4.49106746,  22.19454334, -12.737542  ,   2.7395222 ,
         6.37037381,   3.18602076, -17.13437257,  85.03882902,
        10.51563677, -61.58542821])
						array([2.77583209, 0.60870929, 0.90858523, 1.86225616, 1.6279338 ,
       2.3764426 , 2.94912854, 0.26220377, 1.81422957, 0.24936151])

