------------------------------------ 
PARAMETERS used: 
 - DNA SIZE: '4'
------------------------------------ 


------------------------------------ 
Fitness_value		Individual
------------------------------------ 
 20843.1753901			array([  51.08189937,  -45.60050116,  -47.58803077, -115.83563128])
						array([5.92991325, 3.41621486, 2.74869528, 5.31125512])

 19158.642443			array([  47.33902336,  -40.43478458,  -45.62144124, -112.82924917])
						array([7.23160153, 4.16611568, 3.35206741, 6.47714039])

 17204.2008798			array([  48.42281327,  -41.64490077,  -40.1213046 , -105.48866035])
						array([10.75491007,  6.19588887,  4.98522815,  9.63286792])

 14800.3674359			array([ 38.48228175, -47.97607813, -33.61418728, -96.49472383])
						array([15.99480974,  9.21458786,  7.41408113, 14.32609744])

 13497.3345983			array([ 60.36887572, -45.07622444, -33.74412629, -81.46757878])
						array([19.50586553, 11.23730226,  9.04156236, 17.47085054])

 13124.2173185			array([  -3.59733232,   -6.567449  ,  -41.98173189, -101.39738841])
						array([64.16262327, 36.96399888, 29.74132876, 57.46864191])

 10234.3930124			array([ 25.21191331, -19.03969933,   2.6982028 , -95.03775465])
						array([78.24710155, 45.07804742, 36.26991312, 70.08370965])

 7651.79575431			array([91.90248121, -6.62402091, 29.70463837, -8.26677507])
						array([95.42329458, 54.97322856, 44.23160136, 85.46793859])

 5624.10257384			array([ 35.40623614,  54.64083001,  47.22107066, -24.17451175])
						array([141.91447736,  81.75673491,  65.7816796 , 127.10877244])

 3484.63303557			array([  4.68711667,  52.56554511,  35.57997828, -12.98236383])
						array([29.00931816, 16.71222823, 13.4467019 , 25.98282352])

 2577.40339011			array([  4.02575499,  54.5498425 ,   7.72887061, -10.12835372])
						array([29.00931816, 16.71222823, 13.4467019 , 25.98282352])

 2277.18207971			array([-24.23314527,  29.46979994,  24.10901993,   9.14988239])
						array([35.37721727, 20.38076614, 16.39841695, 31.68637015])

 1706.89810598			array([ 23.4813507 ,  33.88910038, -18.60889026, -12.61418151])
						array([64.16262327, 36.96399888, 29.74132876, 57.46864191])

 1362.54266724			array([  7.81577607,  26.94246196, -10.84960167,  27.36889298])
						array([19.50586553, 11.23730226,  9.04156236, 17.47085054])

 524.208704168			array([ 14.3150141 ,   7.97530639, -18.17530348,   3.48873221])
						array([19.50586553, 11.23730226,  9.04156236, 17.47085054])

 348.865285747			array([  3.34267845,   8.12226132, -10.6100705 ,  -5.60829262])
						array([23.78764089, 13.70402715, 11.02629556, 21.30591529])

 276.053414666			array([  7.05253028,   5.21279097, -10.81669147,  -1.58091314])
						array([7.23160153, 4.16611568, 3.35206741, 6.47714039])

 237.897916065			array([ 9.6832968 ,  0.8958524 , -9.42622994, -2.31181388])
						array([5.92991325, 3.41621486, 2.74869528, 5.31125512])

 184.609810013			array([ 1.68959617,  3.77945932, -5.23892599,  2.77432899])
						array([7.23160153, 4.16611568, 3.35206741, 6.47714039])

 106.627717293			array([11.24751871,  0.87917502, -2.58603449,  6.73444267])
						array([23.78764089, 13.70402715, 11.02629556, 21.30591529])

 51.0049833879			array([8.46357208, 4.84508621, 1.70439683, 4.16185395])
						array([13.11574398,  7.55596204,  6.07954653, 11.7473999 ])

 42.8190344666			array([7.25074944, 6.1055393 , 1.14937227, 1.88307026])
						array([2.19845511, 1.26652696, 1.01905086, 1.96909389])

 42.1943361714			array([9.10027714, 7.33496685, 1.00749245, 0.76103074])
						array([1.80273319, 1.03855211, 0.8356217 , 1.61465699])

 35.9382502574			array([9.32653725, 7.90644873, 0.97064292, 0.86365438])
						array([0.24778213, 0.14274694, 0.11485456, 0.22193142])

 34.5943971674			array([9.21163766, 7.846923  , 0.99121675, 0.88522292])
						array([0.07532742, 0.04339602, 0.03491655, 0.06746863])

 34.1678796137			array([9.14912838, 7.84989956, 0.99211869, 0.90584545])
						array([0.06176848, 0.03558474, 0.02863157, 0.05532428])

 31.1542166235			array([9.11638164, 7.90758023, 0.97034894, 0.91091901])
						array([0.07532742, 0.04339602, 0.03491655, 0.06746863])

 26.07400029			array([9.24322176, 7.91753632, 0.90380343, 0.74817516])
						array([0.1666087 , 0.09598304, 0.0772282 , 0.14922669])

 19.9266069698			array([9.27749254, 7.99551109, 0.74778265, 0.78673424])
						array([0.24778213, 0.14274694, 0.11485456, 0.22193142])

 17.1366192208			array([9.2016806 , 7.96391773, 0.71148312, 0.84095801])
						array([0.07532742, 0.04339602, 0.03491655, 0.06746863])

 16.9077766984			array([9.15295221, 7.93711994, 0.71491648, 0.85355137])
						array([0.04153313, 0.02392718, 0.01925187, 0.03720005])

 15.4281561048			array([9.12331408, 7.94086986, 0.70672366, 0.79434254])
						array([0.05065016, 0.02917949, 0.02347789, 0.04536591])

 15.2723127629			array([9.12502011, 7.94735541, 0.69932692, 0.79360869])
						array([0.01035361, 0.0059647 , 0.00479921, 0.00927343])

 15.2503010531			array([9.13239803, 7.9463828 , 0.69643157, 0.7917776 ])
						array([0.00848996, 0.00489105, 0.00393535, 0.00760421])

 15.1150882786			array([9.13180041, 7.95169407, 0.69584811, 0.7800058 ])
						array([0.01035361, 0.0059647 , 0.00479921, 0.00927343])

 15.0792063271			array([9.12600006, 7.95609642, 0.69961481, 0.76900597])
						array([0.00383849, 0.00221135, 0.00177926, 0.00343803])

 15.0759245973			array([9.1270195 , 7.95632753, 0.69947871, 0.76842007])
						array([0.00142308, 0.00081984, 0.00065964, 0.00127461])

 15.0685145707			array([9.12804829, 7.95707096, 0.69913897, 0.76710452])
						array([0.00173547, 0.0009998 , 0.00080444, 0.00155441])

 15.0673583161			array([9.12982851, 7.9575808 , 0.69888638, 0.76472811])
						array([0.00211642, 0.00121927, 0.00098103, 0.00189562])

 15.0526495622			array([9.12789604, 7.95996208, 0.69737046, 0.76057387])
						array([0.002581  , 0.00148691, 0.00119637, 0.00231173])

 15.0378004933			array([9.12865364, 7.96414776, 0.69947515, 0.76134486])
						array([0.00383849, 0.00221135, 0.00177926, 0.00343803])

 15.0327499956			array([9.12356254, 7.97027928, 0.69909503, 0.7573193 ])
						array([0.01035361, 0.0059647 , 0.00479921, 0.00927343])

 14.9880061926			array([9.13702538, 7.97015035, 0.69577104, 0.77070623])
						array([0.01262635, 0.00727402, 0.0058527 , 0.01130906])

 14.9588591396			array([9.1268589 , 7.96938164, 0.69198759, 0.77174706])
						array([0.00570865, 0.00328874, 0.00264613, 0.00511307])

 14.9587020147			array([9.129046  , 7.96864921, 0.69093229, 0.77378317])
						array([0.00383849, 0.00221135, 0.00177926, 0.00343803])

 14.958622843			array([9.12670858, 7.97146299, 0.69264826, 0.77444655])
						array([0.00468109, 0.00269677, 0.00216983, 0.00419272])

 14.9527662025			array([9.12241755, 7.96969748, 0.68849869, 0.77075619])
						array([0.00570865, 0.00328874, 0.00264613, 0.00511307])

 14.9493289856			array([9.12990226, 7.97034204, 0.68842918, 0.76514748])
						array([0.00848996, 0.00489105, 0.00393535, 0.00760421])

 14.936190937			array([9.13230443, 7.97410846, 0.68632011, 0.76686018])
						array([0.00848996, 0.00489105, 0.00393535, 0.00760421])

 14.9273916901			array([9.13061462, 7.97542151, 0.68323285, 0.76841171])
						array([0.00468109, 0.00269677, 0.00216983, 0.00419272])

 14.9257895118			array([9.12845972, 7.97545635, 0.68196305, 0.7688037 ])
						array([0.00314757, 0.00181331, 0.00145899, 0.00281918])

 14.925710252			array([9.12912765, 7.97541337, 0.68307515, 0.77096469])
						array([0.00211642, 0.00121927, 0.00098103, 0.00189562])

 14.925668509			array([9.12918758, 7.97547828, 0.68211501, 0.76915935])
						array([0.002581  , 0.00148691, 0.00119637, 0.00231173])

 14.9250564359			array([9.12865886, 7.97649947, 0.68248179, 0.76907751])
						array([0.00095688, 0.00055126, 0.00044354, 0.00085705])

 14.9244031005			array([9.12873762, 7.97770876, 0.68189529, 0.77089798])
						array([0.00095688, 0.00055126, 0.00044354, 0.00085705])

 14.9243814612			array([9.12861135, 7.97744276, 0.68148285, 0.7703283 ])
						array([0.00064341, 0.00037067, 0.00029824, 0.00057628])

 14.924380264			array([9.12831079, 7.97741738, 0.68151219, 0.77040929])
						array([1.95599916e-04, 1.12684842e-04, 9.06665144e-05, 1.75193297e-04])

 14.9243772887			array([9.12842458, 7.97736001, 0.68155683, 0.77032182])
						array([1.31521384e-04, 7.57692879e-05, 6.09641643e-05, 1.17799973e-04])

 14.9243698111			array([9.12858025, 7.97733956, 0.68161228, 0.77048087])
						array([1.60391931e-04, 9.24015706e-05, 7.43465418e-05, 1.43658504e-04])

 14.9243604136			array([9.12850728, 7.9774163 , 0.681777  , 0.7706351 ])
						array([1.31521384e-04, 7.57692879e-05, 6.09641643e-05, 1.17799973e-04])

 14.9243601755			array([9.12862848, 7.97743836, 0.68174387, 0.77057764])
						array([8.84349783e-05, 5.09472692e-05, 4.09923041e-05, 7.92087019e-05])

 14.9243598978			array([9.12861862, 7.97748886, 0.68171803, 0.77060833])
						array([1.07847535e-04, 6.21308161e-05, 4.99906147e-05, 9.65959780e-05])

 14.9243572097			array([9.12856429, 7.97748959, 0.68179713, 0.77062575])
						array([1.60391931e-04, 9.24015706e-05, 7.43465418e-05, 1.43658504e-04])

 14.9243564394			array([9.12859395, 7.97747605, 0.68176655, 0.77057601])
						array([8.84349783e-05, 5.09472692e-05, 4.09923041e-05, 7.92087019e-05])

 14.9243538816			array([9.12852805, 7.97747375, 0.68177134, 0.77055011])
						array([7.25166822e-05, 4.17767607e-05, 3.36136894e-05, 6.49511356e-05])

 14.9243533978			array([9.12855831, 7.97754243, 0.68173516, 0.77054108])
						array([8.84349783e-05, 5.09472692e-05, 4.09923041e-05, 7.92087019e-05])

 14.9243521453			array([9.12850428, 7.9776132 , 0.68181009, 0.77039715])
						array([8.84349783e-05, 5.09472692e-05, 4.09923041e-05, 7.92087019e-05])

 14.9243516086			array([9.12845517, 7.97762418, 0.68181206, 0.770461  ])
						array([7.25166822e-05, 4.17767607e-05, 3.36136894e-05, 6.49511356e-05])

 14.924351538			array([9.12843518, 7.97759477, 0.68181584, 0.77045961])
						array([3.99833780e-05, 2.30343690e-05, 1.85335127e-05, 3.58119777e-05])

 14.9243514804			array([9.12848144, 7.97763228, 0.68181678, 0.7704676 ])
						array([3.99833780e-05, 2.30343690e-05, 1.85335127e-05, 3.58119777e-05])

 14.9243510267			array([9.12850944, 7.97761347, 0.68181099, 0.77046526])
						array([4.87602171e-05, 2.80906939e-05, 2.26018447e-05, 4.36731436e-05])

 14.9243509461			array([9.12851767, 7.97760205, 0.68180166, 0.77045671])
						array([1.48234313e-05, 8.53975836e-06, 6.87111158e-06, 1.32769270e-05])

 14.9243508951			array([9.12851313, 7.9775998 , 0.68179665, 0.77045848])
						array([5.49563660e-06, 3.16602867e-06, 2.54739483e-06, 4.92228584e-06])

 14.9243508846			array([9.12850494, 7.97760061, 0.68180287, 0.77045284])
						array([6.70199585e-06, 3.86101058e-06, 3.10657906e-06, 6.00278761e-06])

 14.9243508086			array([9.12851352, 7.9775963 , 0.68180648, 0.77046043])
						array([8.17316567e-06, 4.70854949e-06, 3.78851105e-06, 7.32047269e-06])

 14.9243508082			array([9.12851131, 7.97759632, 0.6818122 , 0.77045796])
						array([1.21552137e-05, 7.00260185e-06, 5.63431150e-06, 1.08870801e-05])

 14.9243506328			array([9.1285137 , 7.97757025, 0.68182221, 0.77047958])
						array([3.27863700e-05, 1.88881826e-05, 1.51974804e-05, 2.93658217e-05])

 14.9243506072			array([9.12850897, 7.97757273, 0.68182178, 0.7704776 ])
						array([3.69526605e-06, 2.12883768e-06, 1.71286828e-06, 3.30974500e-06])

 14.924350598			array([9.12850814, 7.97757275, 0.68182087, 0.77047623])
						array([3.03011816e-06, 1.74564690e-06, 1.40455199e-06, 2.71399090e-06])

 14.9243505965			array([9.12850874, 7.97757056, 0.68182114, 0.77047584])
						array([3.69526605e-06, 2.12883768e-06, 1.71286828e-06, 3.30974500e-06])

 14.9243505912			array([9.12850701, 7.97757038, 0.68182178, 0.7704731 ])
						array([5.49563660e-06, 3.16602867e-06, 2.54739483e-06, 4.92228584e-06])

 14.9243505803			array([9.12850071, 7.97757218, 0.68182142, 0.77047603])
						array([8.17316567e-06, 4.70854949e-06, 3.78851105e-06, 7.32047269e-06])

 14.9243505788			array([9.12850074, 7.97757405, 0.68181963, 0.77047663])
						array([2.48469689e-06, 1.43143046e-06, 1.15173263e-06, 2.22547254e-06])

 14.9243505774			array([9.12850142, 7.977573  , 0.68181993, 0.77047637])
						array([2.03745145e-06, 1.17377297e-06, 9.44420760e-07, 1.82488748e-06])

 14.9243505721			array([9.12849886, 7.97757205, 0.68182005, 0.77047464])
						array([2.48469689e-06, 1.43143046e-06, 1.15173263e-06, 2.22547254e-06])

 14.9243505654			array([9.12849969, 7.97756903, 0.68181953, 0.7704721 ])
						array([3.69526605e-06, 2.12883768e-06, 1.71286828e-06, 3.30974500e-06])

 14.9243505653			array([9.12849782, 7.9775688 , 0.68181976, 0.77047288])
						array([7.55364431e-07, 4.35164408e-07, 3.50134404e-07, 6.76558498e-07])

 14.9243505646			array([9.12849795, 7.97756889, 0.68181952, 0.77047266])
						array([6.19398834e-07, 3.56834815e-07, 2.87110212e-07, 5.54777968e-07])

 14.9243505634			array([9.12849811, 7.97756817, 0.68181938, 0.77047271])
						array([7.55364431e-07, 4.35164408e-07, 3.50134404e-07, 6.76558498e-07])

 14.924350563			array([9.12849591, 7.97756787, 0.68181904, 0.77047255])
						array([1.67071019e-06, 9.62493839e-07, 7.74425023e-07, 1.49640773e-06])

------------------------------------ 


------------------------------------ 
TOTAL GENERATIONS: 500
------------------------------------ 
