------------------------------------ 
PARAMETERS used: 
 - DNA SIZE: '4'
------------------------------------ 


------------------------------------ 
Fitness_value		Individual
------------------------------------ 
 33569.0036696			array([ -36.20528262,  100.17997734, -146.36293054,    2.28371609])
						array([2.46557296, 2.17001634, 1.83744498, 4.06388432])

 33107.1285041			array([ -36.03297721,  101.52959239, -143.95925951,    2.45995966])
						array([1.65785126, 1.45911898, 1.235498  , 2.73255582])

 32414.3337709			array([ -35.48075728,  100.49612279, -142.43939851,   -1.41210565])
						array([1.11473919, 0.98111161, 0.83074886, 1.83737053])

 32345.0751165			array([ -35.66131529,   99.21608049, -142.95731226,   -0.66939974])
						array([1.11473919, 0.98111161, 0.83074886, 1.83737053])

 32001.2129449			array([ -35.32853142,   98.75003083, -142.24840973,   -1.24652784])
						array([1.35943803, 1.19647757, 1.01310836, 2.24069577])

 31926.0551556			array([ -37.07682451,   98.42565985, -141.5692989 ,   -0.6546209 ])
						array([1.65785126, 1.45911898, 1.235498  , 2.73255582])

 31864.1989563			array([ -36.84488563,   95.10240443, -143.56671758,    6.62092686])
						array([3.00679629, 2.64636139, 2.24078656, 4.95595649])

 31020.2758712			array([ -37.73939848,   93.5289304 , -141.32581429,    3.163263  ])
						array([3.66682475, 3.22726998, 2.73266653, 6.04384938])

 30666.0503038			array([ -32.68167897,   88.1918437 , -144.7397967 ,   -0.94736192])
						array([ 6.6504127 ,  5.85320509,  4.95615729, 10.96155268])

 30557.7375486			array([ -32.54790288,   88.1927734 , -144.43595787,   -2.04414922])
						array([ 9.89056023,  8.70494511,  7.37084665, 16.3021307 ])

 28795.2419188			array([ -23.84279284,   84.50372398, -141.40264972,   21.9198511 ])
						array([14.70934003, 12.94608136, 10.96199681, 24.2446917 ])

 20614.1231457			array([  25.39088047,   41.24555662, -124.42195418,  -50.27154029])
						array([32.53402363, 28.63405946, 24.24567401, 53.62425311])

 19883.598826			array([ 39.23224192,  27.95044966, -94.65870999, -92.38711351])
						array([59.00600621, 51.93275537, 43.97366915, 97.25673799])

 4240.12519412			array([ 28.76915322,   6.41884537, -57.90825287,   7.15469993])
						array([159.15744503, 140.07870025, 118.61058355, 262.33149681])

 4187.7857306			array([ 33.40521919,  -6.35372122, -54.88646924,   2.16163793])
						array([ 6.6504127 ,  5.85320509,  4.95615729, 10.96155268])

 4023.56627727			array([ 27.76852085,  -7.07448289, -54.83274574,  10.61260988])
						array([5.45333841, 4.79962817, 4.06404898, 8.9884732 ])

 3781.22528455			array([ 29.84687041,  -9.2094928 , -52.00964482,   6.87802745])
						array([3.66682475, 3.22726998, 2.73266653, 6.04384938])

 3576.19832921			array([ 28.54774747, -10.16109792, -50.33550243,   6.15139994])
						array([2.46557296, 2.17001634, 1.83744498, 4.06388432])

 3534.21843619			array([ 27.51450226,  -9.08545263, -50.79498703,   1.77057465])
						array([3.00679629, 2.64636139, 2.24078656, 4.95595649])

 3259.08457604			array([ 28.12668921,  -9.13551204, -48.21384584,  -1.1892998 ])
						array([3.66682475, 3.22726998, 2.73266653, 6.04384938])

 2818.96151831			array([ 28.43631466,  -3.85918159, -44.68041887,  -1.02380277])
						array([5.45333841, 4.79962817, 4.06404898, 8.9884732 ])

 1960.70314051			array([ 28.11604952,  -4.97177889, -34.77738867,  -0.54736009])
						array([ 6.6504127 ,  5.85320509,  4.95615729, 10.96155268])

 1676.36100935			array([ 37.54831283,  -3.86286094, -24.34375663,   3.15452986])
						array([ 8.11025939,  7.13805499,  6.04409425, 13.36774717])

 1673.68774753			array([ 38.2968994 ,  14.96313154, -23.83416531,   0.09527874])
						array([32.53402363, 28.63405946, 24.24567401, 53.62425311])

 1015.67963768			array([ 31.53660264,  13.52045713, -13.38598003,  14.56563336])
						array([ 9.89056023,  8.70494511,  7.37084665, 16.3021307 ])

 985.448682241			array([26.26412449, 16.25900486, -9.93073321, 21.45650467])
						array([5.45333841, 4.79962817, 4.06404898, 8.9884732 ])

 807.836011275			array([19.84716146, 16.82189945, -9.55541008, 21.19030026])
						array([4.4717375 , 3.9356951 , 3.33252016, 7.37054802])

 786.126500218			array([19.75757369, 17.37348641, -6.75194281, 21.38981284])
						array([2.02176983, 1.7794134 , 1.50670488, 3.33238514])

 700.056273509			array([16.23620135, 19.34475988, -6.07307854, 20.57553127])
						array([2.46557296, 2.17001634, 1.83744498, 4.06388432])

 495.481060042			array([12.38238549, 18.74480382, -7.2545095 , 15.03208088])
						array([3.00679629, 2.64636139, 2.24078656, 4.95595649])

 442.352807907			array([14.50746639, 19.47805387, -1.83872258, 13.93676267])
						array([4.4717375 , 3.9356951 , 3.33252016, 7.37054802])

 315.638733047			array([ 8.6134007 , 19.51303438, -3.53005266,  5.24755842])
						array([5.45333841, 4.79962817, 4.06404898, 8.9884732 ])

 60.4038923111			array([12.030677  ,  6.76447733, -1.38658915,  3.38070828])
						array([ 6.6504127 ,  5.85320509,  4.95615729, 10.96155268])

 38.7172612743			array([12.95046827,  6.75522646,  2.64057131,  3.48764395])
						array([2.02176983, 1.7794134 , 1.50670488, 3.33238514])

 29.6741381798			array([11.85833248,  7.0338312 ,  2.39169375,  2.75036753])
						array([0.33888815, 0.29826447, 0.25255319, 0.5585729 ])

 21.1393215417			array([11.86106919,  6.96693166,  2.51933412,  2.75948502])
						array([0.18685208, 0.16445349, 0.13924975, 0.30797922])

 18.1943072116			array([11.94526509,  7.0367975 ,  2.49532755,  2.74641364])
						array([0.08447989, 0.074353  , 0.06295784, 0.13924411])

 16.839580856			array([11.95334435,  7.03655676,  2.51190924,  2.77440015])
						array([0.02568245, 0.02260381, 0.0191396 , 0.04233114])

 16.3538837925			array([11.94036323,  7.01612471,  2.54276266,  2.82330636])
						array([0.03132006, 0.02756562, 0.02334098, 0.05162334])

 14.7095179544			array([11.95115513,  6.99405723,  2.54652542,  2.77949391])
						array([0.03132006, 0.02756562, 0.02334098, 0.05162334])

 12.0281436469			array([12.02004321,  7.01758777,  2.55615489,  2.70441549])
						array([0.0381952 , 0.03361661, 0.02846461, 0.06295529])

 10.2452815983			array([12.05085672,  7.0205427 ,  2.57009343,  2.79562474])
						array([0.06927351, 0.06096946, 0.05162543, 0.11418017])

 9.59945899442			array([12.06187852,  7.05014723,  2.64492842,  2.83470702])
						array([0.10302426, 0.09067439, 0.07677786, 0.16980989])

 7.93766913543			array([12.05238107,  6.98722665,  2.65144371,  2.73141726])
						array([0.04657951, 0.04099586, 0.03471294, 0.07677475])

 7.55580183169			array([12.07069634,  7.00339615,  2.65852842,  2.73630617])
						array([0.01726888, 0.0151988 , 0.01286947, 0.02846346])

 7.5022901938			array([12.0895516 ,  6.98826549,  2.67029307,  2.71418619])
						array([0.01416048, 0.01246302, 0.01055297, 0.02334003])

 7.17202126274			array([12.08258197,  6.9844448 ,  2.66970267,  2.75046273])
						array([0.01161159, 0.01021967, 0.00865343, 0.01913883])

 7.12811626885			array([12.09276104,  6.99032759,  2.65802864,  2.77284122])
						array([0.01416048, 0.01246302, 0.01055297, 0.02334003])

 7.10891508205			array([12.0870711 ,  6.98561871,  2.66746574,  2.75669916])
						array([0.01726888, 0.0151988 , 0.01286947, 0.02846346])

 7.02716470744			array([12.11971237,  6.97624001,  2.67031426,  2.77562813])
						array([0.02568245, 0.02260381, 0.0191396 , 0.04233114])

 6.9951590581			array([12.10701965,  6.97495209,  2.66607365,  2.7651817 ])
						array([0.00524985, 0.00462054, 0.0039124 , 0.00865308])

 6.99007695			array([12.11000522,  6.97534289,  2.6665448 ,  2.76648648])
						array([0.00159599, 0.00140467, 0.0011894 , 0.00263059])

 6.98655372049			array([12.1099658 ,  6.97498975,  2.6663823 ,  2.76387987])
						array([0.00087998, 0.00077449, 0.0006558 , 0.00145043])

 6.98522414084			array([12.11019799,  6.97442188,  2.66690476,  2.76221218])
						array([0.00087998, 0.00077449, 0.0006558 , 0.00145043])

 6.98382679118			array([12.11135678,  6.97418554,  2.66713239,  2.75969939])
						array([0.00107314, 0.0009445 , 0.00079975, 0.00176881])

 6.97998875797			array([12.11038208,  6.97616928,  2.66686447,  2.76218008])
						array([0.00130871, 0.00115183, 0.00097531, 0.00215709])

 6.9787556224			array([12.10962483,  6.97626933,  2.66766056,  2.75988577])
						array([0.00194633, 0.00171302, 0.00145048, 0.00320804])

 6.97865607069			array([12.11184863,  6.9753347 ,  2.66782892,  2.76016277])
						array([0.00237357, 0.00208905, 0.00176888, 0.00391225])

 6.97253638225			array([12.11091163,  6.9772305 ,  2.66981949,  2.76135537])
						array([0.00353   , 0.00310685, 0.0026307 , 0.00581833])

 6.96872537481			array([12.1096655 ,  6.98287929,  2.66941687,  2.75927192])
						array([0.00430488, 0.00378884, 0.00320817, 0.00709553])

 6.96740367249			array([12.11219857,  6.98155694,  2.67091092,  2.75715366])
						array([0.00237357, 0.00208905, 0.00176888, 0.00391225])

 6.96739926938			array([12.11195573,  6.9817564 ,  2.67112131,  2.75715   ])
						array([0.00021937, 0.00019307, 0.00016348, 0.00036157])

 6.96732723751			array([12.11182847,  6.98175486,  2.67115614,  2.75726015])
						array([0.00017988, 0.00015832, 0.00013405, 0.00029649])

 6.96728519499			array([12.11185699,  6.98171505,  2.67109635,  2.75730269])
						array([0.0001475 , 0.00012982, 0.00010992, 0.00024312])

 6.9671699503			array([12.1118201 ,  6.98166844,  2.67112184,  2.75742653])
						array([0.00017988, 0.00015832, 0.00013405, 0.00029649])

 6.96704337942			array([12.1121724 ,  6.9814902 ,  2.67113959,  2.75743002])
						array([0.00021937, 0.00019307, 0.00016348, 0.00036157])

 6.96677260106			array([12.11200152,  6.98152446,  2.67092972,  2.75779157])
						array([0.00026752, 0.00023545, 0.00019937, 0.00044094])

 6.96656347366			array([12.11238805,  6.98148168,  2.67096311,  2.7578289 ])
						array([0.00032624, 0.00028714, 0.00024313, 0.00053773])

 6.96603253379			array([12.11283338,  6.98157975,  2.67098082,  2.75820042])
						array([0.00039786, 0.00035016, 0.0002965 , 0.00065577])

 6.96541744261			array([12.1127286 ,  6.98141377,  2.67102148,  2.75926873])
						array([0.0005917 , 0.00052077, 0.00044096, 0.00097527])

 6.96531946036			array([12.11229936,  6.98138562,  2.6712238 ,  2.76083818])
						array([0.00072158, 0.00063508, 0.00053775, 0.00118935])

 6.96508155159			array([12.11303597,  6.98135891,  2.67186899,  2.76080719])
						array([0.00048519, 0.00042703, 0.00036158, 0.00079972])

 6.96497382146			array([12.11282645,  6.98169323,  2.67186087,  2.76081024])
						array([0.00026752, 0.00023545, 0.00019937, 0.00044094])

 6.96492691052			array([12.11310658,  6.98159996,  2.6717951 ,  2.76037559])
						array([0.00017988, 0.00015832, 0.00013405, 0.00029649])

 6.96488242181			array([12.11321081,  6.98169496,  2.67179034,  2.76032885])
						array([6.66886668e-05, 5.86944692e-05, 4.96990994e-05, 1.09919695e-04])

 6.96487699052			array([12.11312886,  6.9817314 ,  2.67178472,  2.7604922 ])
						array([8.13276424e-05, 7.15786210e-05, 6.06086578e-05, 1.34048408e-04])

 6.96479973853			array([12.11352781,  6.98195716,  2.6716676 ,  2.7604573 ])
						array([0.0001475 , 0.00012982, 0.00010992, 0.00024312])

 6.9647949972			array([12.11393946,  6.98242923,  2.67156054,  2.76062901])
						array([0.00039786, 0.00035016, 0.0002965 , 0.00065577])

 6.96479266071			array([12.11391234,  6.98227899,  2.67184486,  2.76037941])
						array([0.0005917 , 0.00052077, 0.00044096, 0.00097527])

 6.9647845938			array([12.11364268,  6.98283778,  2.67220693,  2.76029372])
						array([0.00048519, 0.00042703, 0.00036158, 0.00079972])

 6.9647468965			array([12.11366655,  6.98289458,  2.67178781,  2.76053205])
						array([0.00032624, 0.00028714, 0.00024313, 0.00053773])

 6.96474417787			array([12.1135501 ,  6.98280645,  2.67183688,  2.76069658])
						array([0.00017988, 0.00015832, 0.00013405, 0.00029649])

 6.96472888201			array([12.11348174,  6.98290667,  2.67174705,  2.76044333])
						array([8.13276424e-05, 7.15786210e-05, 6.06086578e-05, 1.34048408e-04])

 6.96472361797			array([12.11343025,  6.98282026,  2.67179549,  2.76054014])
						array([9.91800517e-05, 8.72910013e-05, 7.39129973e-05, 1.63473669e-04])

 6.96471284916			array([12.11337898,  6.98273408,  2.67178759,  2.76042741])
						array([1.20951283e-04, 1.06452441e-04, 9.01378016e-05, 1.99358132e-04])

 6.96471207039			array([12.11330353,  6.98263759,  2.67159113,  2.76040772])
						array([0.00026752, 0.00023545, 0.00019937, 0.00044094])

 6.96471178501			array([12.11347465,  6.98263101,  2.67175132,  2.76032867])
						array([0.00021937, 0.00019307, 0.00016348, 0.00036157])

 6.96471094555			array([12.1134765 ,  6.98263189,  2.67173802,  2.76040436])
						array([5.46847068e-05, 4.81294648e-05, 4.07532615e-05, 9.01341497e-05])

 6.9647106588			array([12.11345315,  6.98266559,  2.67174845,  2.76039565])
						array([1.66245157e-05, 1.46316784e-05, 1.23892634e-05, 2.74013828e-05])

 6.96471052753			array([12.11345311,  6.98265668,  2.67175116,  2.76039281])
						array([9.16622596e-06, 8.06743925e-06, 6.83104337e-06, 1.51082456e-05])

 6.96471027946			array([12.11344948,  6.98265466,  2.67174453,  2.76039843])
						array([6.16337034e-06, 5.42454615e-06, 4.59319356e-06, 1.01587844e-05])

 6.96471023723			array([12.11344481,  6.98265527,  2.67174568,  2.76041161])
						array([7.51630529e-06, 6.61530018e-06, 5.60145557e-06, 1.23887614e-05])

 6.96471022454			array([12.11343979,  6.9826499 ,  2.67174445,  2.76043109])
						array([1.36321029e-05, 1.19979763e-05, 1.01591960e-05, 2.24691339e-05])

 6.96470945019			array([12.11343224,  6.98264404,  2.6717299 ,  2.76038858])
						array([2.02737996e-05, 1.78435102e-05, 1.51088578e-05, 3.34163205e-05])

 6.96470909552			array([12.11340761,  6.98264359,  2.67173533,  2.76041249])
						array([2.47241459e-05, 2.17603783e-05, 1.84254363e-05, 4.07516104e-05])

 6.96470889668			array([12.11340457,  6.98263758,  2.67173222,  2.76037673])
						array([4.48414595e-05, 3.94661611e-05, 3.34176744e-05, 7.39100027e-05])

 6.96470877116			array([12.11340627,  6.98262476,  2.6717295 ,  2.76038426])
						array([3.01513974e-05, 2.65370467e-05, 2.24700443e-05, 4.96970858e-05])

 6.96470856061			array([12.11338283,  6.98262499,  2.6717257 ,  2.76037277])
						array([9.16622596e-06, 8.06743925e-06, 6.83104337e-06, 1.51082456e-05])

 6.96470854492			array([12.11337717,  6.98262466,  2.67172977,  2.76037623])
						array([2.78659384e-06, 2.45255535e-06, 2.07668276e-06, 4.59300747e-06])

 6.96470853277			array([12.11337948,  6.98262161,  2.67172977,  2.76037769])
						array([2.28500695e-06, 2.01109539e-06, 1.70287986e-06, 3.76626613e-06])

 6.96470848078			array([12.11337508,  6.98262141,  2.67172792,  2.76038276])
						array([2.78659384e-06, 2.45255535e-06, 2.07668276e-06, 4.59300747e-06])

 6.96470846308			array([12.11337462,  6.98261765,  2.67172839,  2.76038729])
						array([3.39828518e-06, 2.99092116e-06, 2.53253995e-06, 5.60122862e-06])

 6.96470843572			array([12.11337088,  6.98261509,  2.67172626,  2.76038831])
						array([4.14425021e-06, 3.64746483e-06, 3.08846335e-06, 6.83076661e-06])

 6.96470843251			array([12.11336758,  6.98261785,  2.67172539,  2.76038923])
						array([5.05396367e-06, 4.44812784e-06, 3.76641872e-06, 8.33020319e-06])

 6.96470842663			array([12.11336528,  6.98261572,  2.67172448,  2.76038753])
						array([7.51630529e-06, 6.61530018e-06, 5.60145557e-06, 1.23887614e-05])

 6.9647084223			array([12.11336772,  6.98261562,  2.67172444,  2.7603924 ])
						array([9.16622596e-06, 8.06743925e-06, 6.83104337e-06, 1.51082456e-05])

 6.96470841578			array([12.11337115,  6.98261218,  2.67172348,  2.760388  ])
						array([3.39828518e-06, 2.99092116e-06, 2.53253995e-06, 5.60122862e-06])

 6.96470841271			array([12.11336996,  6.98261049,  2.6717212 ,  2.76038302])
						array([1.87370570e-06, 1.64909822e-06, 1.39636149e-06, 3.08833822e-06])

 6.96470841268			array([12.11337197,  6.98261106,  2.67172228,  2.76038598])
						array([1.25987971e-06, 1.10885364e-06, 9.38913463e-07, 2.07659862e-06])

 6.96470841153			array([12.11337249,  6.98261216,  2.67172243,  2.76038737])
						array([6.94657358e-07, 6.11386415e-07, 5.17686839e-07, 1.14497003e-06])

 6.96470840655			array([12.11337078,  6.982612  ,  2.67172169,  2.76038664])
						array([8.47143119e-07, 7.45593189e-07, 6.31325413e-07, 1.39630491e-06])

 6.96470840226			array([12.11337155,  6.98261162,  2.67172109,  2.76038791])
						array([1.25987971e-06, 1.10885364e-06, 9.38913463e-07, 2.07659862e-06])

 6.96470839882			array([12.11336792,  6.98261179,  2.67172089,  2.76039194])
						array([2.28500695e-06, 2.01109539e-06, 1.70287986e-06, 3.76626613e-06])

 6.96470838519			array([12.11336989,  6.98261367,  2.67171792,  2.76039288])
						array([5.05396367e-06, 4.44812784e-06, 3.76641872e-06, 8.33020319e-06])

 6.96470837977			array([12.11336107,  6.98261566,  2.67171076,  2.7603933 ])
						array([1.11783243e-05, 9.83834055e-06, 8.33054070e-06, 1.84246898e-05])

 6.96470837524			array([12.11336529,  6.98261807,  2.67170874,  2.76039545])
						array([1.87370570e-06, 1.64909822e-06, 1.39636149e-06, 3.08833822e-06])

 6.96470837165			array([12.11336423,  6.98261554,  2.67170786,  2.76039497])
						array([1.53643867e-06, 1.35226054e-06, 1.14501642e-06, 2.53243734e-06])

 6.96470837134			array([12.11336591,  6.98261551,  2.67170953,  2.76039577])
						array([8.47143119e-07, 7.45593189e-07, 6.31325413e-07, 1.39630491e-06])

 6.96470836989			array([12.11336537,  6.9826148 ,  2.67170947,  2.760395  ])
						array([6.94657358e-07, 6.11386415e-07, 5.17686839e-07, 1.14497003e-06])

 6.96470836833			array([12.11336551,  6.98261494,  2.67170966,  2.76039389])
						array([8.47143119e-07, 7.45593189e-07, 6.31325413e-07, 1.39630491e-06])

 6.96470836693			array([12.11336497,  6.98261541,  2.67170847,  2.76039135])
						array([1.53643867e-06, 1.35226054e-06, 1.14501642e-06, 2.53243734e-06])

 6.9647083661			array([12.11336559,  6.98261276,  2.67170819,  2.76039375])
						array([2.28500695e-06, 2.01109539e-06, 1.70287986e-06, 3.76626613e-06])

 6.96470836591			array([12.11336453,  6.98261223,  2.67170764,  2.76039027])
						array([1.87370570e-06, 1.64909822e-06, 1.39636149e-06, 3.08833822e-06])

 6.96470836427			array([12.11336586,  6.982612  ,  2.67170862,  2.76039126])
						array([8.47143119e-07, 7.45593189e-07, 6.31325413e-07, 1.39630491e-06])

 6.96470836423			array([12.11336618,  6.98261098,  2.671708  ,  2.7603898 ])
						array([4.67087607e-07, 4.11096226e-07, 3.48092630e-07, 7.69877847e-07])

 6.9647083641			array([12.11336623,  6.98261125,  2.67170803,  2.7603896 ])
						array([2.57537160e-07, 2.26665304e-07, 1.91927137e-07, 4.24486009e-07])

 6.96470836408			array([12.1133663 ,  6.98261142,  2.67170805,  2.76038934])
						array([3.14069707e-07, 2.76421102e-07, 2.34057485e-07, 5.17665864e-07])

 6.96470836359			array([12.11336701,  6.98261191,  2.67170855,  2.76038903])
						array([5.69619033e-07, 5.01336860e-07, 4.24503208e-07, 9.38875423e-07])

 6.96470836333			array([12.11336724,  6.98261218,  2.67170877,  2.76038926])
						array([6.94657358e-07, 6.11386415e-07, 5.17686839e-07, 1.14497003e-06])

 6.96470836313			array([12.11336806,  6.98261121,  2.67170845,  2.76038919])
						array([1.87370570e-06, 1.64909822e-06, 1.39636149e-06, 3.08833822e-06])

 6.96470836219			array([12.11336881,  6.98261216,  2.67170679,  2.76038964])
						array([5.69619033e-07, 5.01336860e-07, 4.24503208e-07, 9.38875423e-07])

 6.96470836216			array([12.11336874,  6.98261221,  2.67170679,  2.7603897 ])
						array([4.31682629e-08, 3.79935363e-08, 3.21707405e-08, 7.11521540e-08])

 6.96470836215			array([12.11336875,  6.9826122 ,  2.67170674,  2.76038978])
						array([4.31682629e-08, 3.79935363e-08, 3.21707405e-08, 7.11521540e-08])

 6.96470836207			array([12.11336862,  6.98261221,  2.67170675,  2.76039003])
						array([9.54792863e-08, 8.40338592e-08, 7.11550368e-08, 1.57373876e-07])

 6.96470836199			array([12.11336871,  6.98261221,  2.67170668,  2.7603905 ])
						array([1.73167986e-07, 1.52409750e-07, 1.29051807e-07, 2.85424392e-07])

 6.96470836196			array([12.11336842,  6.9826125 ,  2.67170688,  2.76039062])
						array([9.54792863e-08, 8.40338592e-08, 7.11550368e-08, 1.57373876e-07])

 6.96470836195			array([12.11336849,  6.98261253,  2.67170687,  2.76039056])
						array([4.31682629e-08, 3.79935363e-08, 3.21707405e-08, 7.11521540e-08])

 6.96470836186			array([12.11336882,  6.98261265,  2.6717072 ,  2.76039101])
						array([3.83011838e-07, 3.37098905e-07, 2.85435957e-07, 6.31299835e-07])

 6.96470836185			array([12.113369  ,  6.9826129 ,  2.67170753,  2.76039072])
						array([5.26442231e-08, 4.63335809e-08, 3.92326103e-08, 8.67709195e-08])

 6.96470836184			array([12.113369  ,  6.98261278,  2.67170722,  2.76039068])
						array([7.82930147e-08, 6.89077645e-08, 5.83471302e-08, 1.29046579e-07])

------------------------------------ 


------------------------------------ 
TOTAL GENERATIONS: 1000
------------------------------------ 
