------------------------------------ 
PARAMETERS used: 
 - DNA SIZE: '4'
------------------------------------ 


------------------------------------ 
Fitness_value		Individual
------------------------------------ 
 29611.847			array([  69.07392803,  -56.7342216 , -101.56906652,  107.08615234])
						array([1.03352615, 5.25905364, 4.7584831 , 0.85421897])

 29536.568			array([ 70.26995312, -60.19521354, -98.92724213, 106.53288149])
						array([0.69494299, 3.53618767, 3.19960404, 0.57437684])

 29499.473			array([ 70.33449886, -59.23607379, -99.2840862 , 106.65834585])
						array([0.25764305, 1.31100566, 1.1862207 , 0.21294438])

 29239.103			array([ 70.28829341, -58.60369367, -98.28402331, 106.78660869])
						array([0.31419885, 1.59878739, 1.44661061, 0.25968827])

 28940.068			array([ 69.88215867, -56.34022066, -98.54209231, 106.66578255])
						array([0.38316932, 1.94974072, 1.76415928, 0.31669301])

 28528.984			array([ 69.26059603, -57.5267906 , -95.95629417, 106.79937436])
						array([0.56985325, 2.89967389, 2.62367531, 0.47098901])

 28132.682			array([ 69.13386334, -57.67540008, -94.31719796, 106.50725832])
						array([0.69494299, 3.53618767, 3.19960404, 0.57437684])

 25840.645			array([ 69.77490988, -62.04412221, -79.43253148, 105.25783931])
						array([1.87447613, 9.53819162, 8.6303215 , 1.54927195])

 25502.953			array([ 70.56943728, -72.08086001, -65.76692   , 106.07460834])
						array([ 2.2859465 , 11.63194101, 10.52478232,  1.88935603])

 24443.838			array([ 70.10952353, -74.32438661, -52.82872484, 107.36814802])
						array([ 2.78773963, 14.18529391, 12.83510039,  2.30409272])

 21137.075			array([ 71.98659459, -48.5686449 , -53.21620179, 106.96018015])
						array([ 3.39968248, 17.29913891, 15.65256145,  2.80986917])

 20828.62			array([ 71.20768572, -24.19310323, -67.89512363, 106.82823053])
						array([ 5.05604176, 25.72745228, 23.27864582,  4.17886552])

 17809.614			array([ 83.18416267, -12.81695877, -38.89489079, 103.08555617])
						array([ 9.16999492, 46.66112702, 42.21979842,  7.57908605])

 17115.048			array([ 75.4236777 , -54.29956436,  -9.242117  ,  96.75330537])
						array([16.63135133, 84.62792004, 76.57281239, 13.74596648])

 12596.227			array([ 46.38373506,  53.24094753, -20.80331549,  93.36845472])
						array([ 20.28213577, 103.20478053,  93.38147853,  16.76337376])

 8763.083			array([18.92359686, 19.11986876, 38.82024997, 86.95233654])
						array([ 24.73431191, 125.85948846, 113.87985186,  20.44313873])

 4279.794			array([ 15.05261284,  22.87463682, -10.02252797,  63.03839486])
						array([ 30.16379502, 153.48718104, 138.87786812,  24.93065699])

 4012.209			array([13.20905689, 21.31641348, -5.28107942, 62.19629047])
						array([1.87447613, 9.53819162, 8.6303215 , 1.54927195])

 3833.875			array([11.02249747, 19.13673171, -9.45928367, 60.74694433])
						array([1.26039775, 6.41348005, 5.80302818, 1.04173046])

 3823.241			array([ 11.78115644,  12.03947261, -14.46085558,  60.217647  ])
						array([0.69494299, 3.53618767, 3.19960404, 0.57437684])

 3771.724			array([ 11.89421489,  11.88629869, -13.93463345,  59.97187388])
						array([0.56985325, 2.89967389, 2.62367531, 0.47098901])

 3662.856			array([ 12.21158535,   8.18152845, -13.60609166,  59.36566867])
						array([0.69494299, 3.53618767, 3.19960404, 0.57437684])

 3633.492			array([12.20498179,  2.67308224, -9.0575342 , 60.17048622])
						array([0.84749145, 4.31242398, 3.90195615, 0.70045956])

 3571.767			array([12.35276311,  3.63512841, -6.37609979, 60.21124027])
						array([1.03352615, 5.25905364, 4.7584831 , 0.85421897])

 3540.39			array([12.7182517 , -0.70253646, -4.68996783, 59.81994244])
						array([1.26039775, 6.41348005, 5.80302818, 1.04173046])

 3479.593			array([13.5498945 , -2.78069519, -5.08367136, 58.95314904])
						array([1.53707043, 7.82131713, 7.07686363, 1.270403  ])

 3373.358			array([13.45951632, -1.16126056, -6.98844161, 57.95030081])
						array([1.87447613, 9.53819162, 8.6303215 , 1.54927195])

 3330.143			array([ 13.65154297, -12.23468908,  -4.18070625,  55.37470484])
						array([1.03352615, 5.25905364, 4.7584831 , 0.85421897])

 3281.554			array([ 13.76138344, -13.77885555,  -2.98409713,  54.50447191])
						array([0.69494299, 3.53618767, 3.19960404, 0.57437684])

 3133.165			array([ 12.91386247, -10.53962864,  -0.21966187,  54.74926636])
						array([0.56985325, 2.89967389, 2.62367531, 0.47098901])

 3078.951			array([ 12.59720299, -11.05710101,   0.75554645,  54.08801573])
						array([0.38316932, 1.94974072, 1.76415928, 0.31669301])

 3028.212			array([12.75130154, -8.6218763 , -2.45825723, 53.971576  ])
						array([0.46727966, 2.37773259, 2.15141376, 0.38621099])

 2905.623			array([12.44241663, -6.12744037, -5.16078264, 53.12079748])
						array([1.53707043, 7.82131713, 7.07686363, 1.270403  ])

 2772.373			array([11.49075316,  0.57999122, -0.19651821, 53.50845787])
						array([1.87447613, 9.53819162, 8.6303215 , 1.54927195])

 2618.558			array([11.99480875, -0.87509115, 11.11001699, 51.55641306])
						array([ 2.78773963, 14.18529391, 12.83510039,  2.30409272])

 2524.998			array([ 12.77341136, -15.39891619,   3.56224688,  46.76606364])
						array([ 5.05604176, 25.72745228, 23.27864582,  4.17886552])

 2101.173			array([15.00637436,  8.008875  , 10.37691406, 46.53436036])
						array([ 6.16590458, 31.37494181, 28.38859246,  5.09617746])

 1442.845			array([ 5.09680253, 34.07662041, 15.60402061, 23.30556267])
						array([ 20.28213577, 103.20478053,  93.38147853,  16.76337376])

 1034.91			array([-1.827852  ,  0.03151129, 21.78717764, 24.23454485])
						array([ 7.51939583, 38.26212415, 34.62023471,  6.21485056])

 811.95			array([-3.14459629, 17.87824585, 12.00307837, 21.1936681 ])
						array([ 2.78773963, 14.18529391, 12.83510039,  2.30409272])

 720.621			array([ 0.88411445,  2.47563381, 21.15129559, 17.95010739])
						array([ 2.78773963, 14.18529391, 12.83510039,  2.30409272])

 519.305			array([ 3.23219576, 11.62828636, 15.47344395, 18.03054866])
						array([ 3.39968248, 17.29913891, 15.65256145,  2.80986917])

 279.89			array([ 0.83474163,  7.17266636,  0.36458489, 13.19455515])
						array([ 7.51939583, 38.26212415, 34.62023471,  6.21485056])

 276.733			array([-1.23837628,  5.03595545,  3.68370086, 12.39878619])
						array([1.03352615, 5.25905364, 4.7584831 , 0.85421897])

 273.556			array([-1.16182595,  5.17463489,  3.70060149, 12.48104221])
						array([0.06422667, 0.32681466, 0.29570759, 0.05308394])

 263.846			array([-1.13076179,  5.04843933,  3.58007795, 12.55716632])
						array([0.04318601, 0.21975018, 0.19883378, 0.03569364])

 263.233			array([-1.12147827,  5.08278999,  3.66563094, 12.54009367])
						array([0.01076565, 0.05478053, 0.04956637, 0.00889791])

 261.979			array([-1.11740136,  5.04693641,  3.67100938, 12.53833323])
						array([0.00486738, 0.02476747, 0.02241004, 0.00402294])

 261.861			array([-1.11859061,  5.02031506,  3.6771906 , 12.53373485])
						array([0.00593583, 0.03020423, 0.02732931, 0.00490602])

 261.646			array([-1.1088936 ,  4.99566352,  3.60749952, 12.53142052])
						array([0.00882783, 0.04492003, 0.04064443, 0.00729628])

 260.418			array([-1.10212295,  5.01583234,  3.62735716, 12.54065962])
						array([0.01601078, 0.08147015, 0.0737156 , 0.01323305])

 259.729			array([-1.08988831,  5.02221442,  3.61916433, 12.53734563])
						array([0.02903828, 0.14776002, 0.13369583, 0.0240004 ])

 251.961			array([-0.98562824,  4.9961397 ,  3.69669152, 12.52626046])
						array([0.14205614, 0.72284657, 0.65404413, 0.11741072])

 250.947			array([-0.767514  ,  4.98148349,  2.61880904, 12.46723539])
						array([0.17323919, 0.88152021, 0.7976148 , 0.1431838 ])

 249.857			array([-0.75842461,  5.00404833,  2.65695396, 12.48640846])
						array([0.01312884, 0.06680552, 0.0604468 , 0.01085111])

 249.811			array([-0.75861865,  4.99822537,  2.68271679, 12.48647602])
						array([0.00486738, 0.02476747, 0.02241004, 0.00402294])

 249.791			array([-0.75740501,  5.00245142,  2.68510429, 12.48819743])
						array([0.00486738, 0.02476747, 0.02241004, 0.00402294])

 249.67			array([-0.7590151 ,  4.99749911,  2.69547687, 12.49189244])
						array([0.00399125, 0.02030932, 0.01837623, 0.00329881])

 249.648			array([-0.76538113,  4.96223293,  2.67343634, 12.4910309 ])
						array([0.00486738, 0.02476747, 0.02241004, 0.00402294])

 249.623			array([-0.76527447,  4.96913273,  2.69130464, 12.49174861])
						array([0.00593583, 0.03020423, 0.02732931, 0.00490602])

 249.12			array([-0.77158285,  4.96355895,  2.66483698, 12.50109145])
						array([0.01076565, 0.05478053, 0.04956637, 0.00889791])

 249.029			array([-0.78023868,  4.97053617,  2.67749516, 12.49829742])
						array([0.00486738, 0.02476747, 0.02241004, 0.00402294])

 248.943			array([-0.77840299,  4.97780714,  2.6811858 , 12.49999661])
						array([0.00147972, 0.00752948, 0.0068128 , 0.001223  ])

 248.899			array([-0.77872831,  4.98058646,  2.68144264, 12.5006135 ])
						array([0.00147972, 0.00752948, 0.0068128 , 0.001223  ])

 248.884			array([-0.7783379 ,  4.99001376,  2.67696059, 12.50012643])
						array([0.00180453, 0.00918229, 0.00830829, 0.00149146])

 248.847			array([-0.77885228,  4.97518983,  2.6652116 , 12.50236788])
						array([0.00220065, 0.01119791, 0.01013206, 0.00181886])

 248.79			array([-0.77989584,  4.98003725,  2.67594698, 12.50256574])
						array([0.00593583, 0.03020423, 0.02732931, 0.00490602])

 248.674			array([-0.78162717,  5.00874835,  2.67801671, 12.50536192])
						array([0.00399125, 0.02030932, 0.01837623, 0.00329881])

 248.547			array([-0.78147552,  4.99683746,  2.66360739, 12.50747811])
						array([0.00486738, 0.02476747, 0.02241004, 0.00402294])

 248.413			array([-0.78777971,  4.98154318,  2.65702978, 12.51004727])
						array([0.00593583, 0.03020423, 0.02732931, 0.00490602])

 248.191			array([-0.78927835,  4.98297737,  2.66780793, 12.51391349])
						array([0.00723882, 0.03683443, 0.03332843, 0.00598295])

 247.572			array([-0.78958719,  4.9845768 ,  2.67961063, 12.52892976])
						array([0.00723882, 0.03683443, 0.03332843, 0.00598295])

 247.557			array([-0.78999581,  4.97516007,  2.67528996, 12.53010173])
						array([0.00147972, 0.00752948, 0.0068128 , 0.001223  ])

 247.541			array([-0.79144173,  4.97340002,  2.67760207, 12.53055365])
						array([0.00081587, 0.00415151, 0.00375636, 0.00067432])

 247.496			array([-0.79084021,  4.97814265,  2.67512896, 12.53091033])
						array([0.00066901, 0.00340424, 0.00308022, 0.00055294])

 247.48			array([-0.79106785,  4.97875715,  2.67487388, 12.53115664])
						array([0.00081587, 0.00415151, 0.00375636, 0.00067432])

 247.46			array([-0.79148159,  4.97529465,  2.67417702, 12.5320257 ])
						array([0.00121337, 0.00617417, 0.0055865 , 0.00100286])

 247.451			array([-0.7896198 ,  4.98496839,  2.6542697 , 12.53299781])
						array([0.00220065, 0.01119791, 0.01013206, 0.00181886])

 247.103			array([-0.79237299,  5.01400875,  2.66272498, 12.54169225])
						array([0.00882783, 0.04492003, 0.04064443, 0.00729628])

 246.506			array([-0.799662  ,  4.99999251,  2.63703444, 12.55871734])
						array([0.01601078, 0.08147015, 0.0737156 , 0.01323305])

 245.924			array([-0.81224251,  4.98199194,  2.73922327, 12.59074437])
						array([0.03541253, 0.18019515, 0.1630437 , 0.02926879])

 245.918			array([-0.78642559,  5.01039657,  2.70564159, 12.57877888])
						array([0.01076565, 0.05478053, 0.04956637, 0.00889791])

 245.845			array([-0.78573576,  5.01162877,  2.69079284, 12.57697882])
						array([0.00486738, 0.02476747, 0.02241004, 0.00402294])

 245.752			array([-0.79434638,  5.01658144,  2.68801166, 12.57764363])
						array([0.00399125, 0.02030932, 0.01837623, 0.00329881])

 245.71			array([-0.79227989,  5.00769421,  2.68871549, 12.57759167])
						array([0.00327283, 0.01665365, 0.01506851, 0.00270502])

 245.646			array([-0.79432183,  5.00640457,  2.69162992, 12.57918987])
						array([0.00399125, 0.02030932, 0.01837623, 0.00329881])

 245.539			array([-0.79012453,  4.99566429,  2.70857661, 12.58769245])
						array([0.02381139, 0.12116322, 0.10963058, 0.01968033])

 245.491			array([-0.79147125,  5.00256566,  2.69280349, 12.58404684])
						array([0.00399125, 0.02030932, 0.01837623, 0.00329881])

 245.382			array([-0.79049304,  4.98626076,  2.68432198, 12.58551126])
						array([0.00327283, 0.01665365, 0.01506851, 0.00270502])

 245.347			array([-0.79054073,  5.00891786,  2.68580234, 12.58797363])
						array([0.00180453, 0.00918229, 0.00830829, 0.00149146])

 245.31			array([-0.78861443,  5.00002887,  2.68067863, 12.58778665])
						array([0.00180453, 0.00918229, 0.00830829, 0.00149146])

 245.229			array([-0.78764661,  4.99860967,  2.67426429, 12.58990053])
						array([0.00220065, 0.01119791, 0.01013206, 0.00181886])

 245.145			array([-0.78529874,  4.98600766,  2.67927199, 12.59354846])
						array([0.00327283, 0.01665365, 0.01506851, 0.00270502])

 245.08			array([-0.78411602,  4.98396091,  2.66041849, 12.59650606])
						array([0.00399125, 0.02030932, 0.01837623, 0.00329881])

 245.058			array([-0.78184137,  4.99191155,  2.67315699, 12.59688469])
						array([0.00268372, 0.01365599, 0.01235618, 0.00221812])

 244.947			array([-0.78828423,  4.97820878,  2.68143054, 12.59966903])
						array([0.00327283, 0.01665365, 0.01506851, 0.00270502])

 244.945			array([-0.78523785,  4.9755355 ,  2.68292859, 12.60152373])
						array([0.00327283, 0.01665365, 0.01506851, 0.00270502])

 244.884			array([-0.78751112,  4.98402545,  2.69027714, 12.60260126])
						array([0.00399125, 0.02030932, 0.01837623, 0.00329881])

 244.842			array([-0.80046172,  4.94927545,  2.69553751, 12.61305172])
						array([0.01312884, 0.06680552, 0.0604468 , 0.01085111])

 244.192			array([-0.80345158,  4.97451974,  2.66892602, 12.6204581 ])
						array([0.00723882, 0.03683443, 0.03332843, 0.00598295])

 244.004			array([-0.80635666,  4.97017775,  2.68181454, 12.62886041])
						array([0.00593583, 0.03020423, 0.02732931, 0.00490602])

 243.657			array([-0.80486925,  4.9830382 ,  2.67931936, 12.63965939])
						array([0.00723882, 0.03683443, 0.03332843, 0.00598295])

 243.545			array([-0.79603925,  4.98714821,  2.68705353, 12.64880821])
						array([0.00882783, 0.04492003, 0.04064443, 0.00729628])

 243.481			array([-0.79933767,  4.98848532,  2.66960173, 12.64828285])
						array([0.00399125, 0.02030932, 0.01837623, 0.00329881])

 243.476			array([-0.79970281,  4.98628962,  2.66603719, 12.64888235])
						array([0.00044984, 0.00228901, 0.00207114, 0.0003718 ])

 243.474			array([-0.79966646,  4.98602488,  2.66571423, 12.64907124])
						array([0.00016678, 0.00084863, 0.00076785, 0.00013784])

 243.47			array([-0.79993865,  4.98504174,  2.66709415, 12.64918141])
						array([0.00016678, 0.00084863, 0.00076785, 0.00013784])

 243.465			array([-0.79989632,  4.98458771,  2.66800106, 12.64941475])
						array([0.00016678, 0.00084863, 0.00076785, 0.00013784])

 243.46			array([-0.79976918,  4.98510416,  2.66802872, 12.6496255 ])
						array([0.00020338, 0.00103491, 0.00093641, 0.0001681 ])

 243.459			array([-0.80020526,  4.9838909 ,  2.66787657, 12.64975712])
						array([0.00024803, 0.00126209, 0.00114196, 0.000205  ])

 243.452			array([-0.80041595,  4.98438868,  2.66639406, 12.6500364 ])
						array([0.00030247, 0.00153913, 0.00139263, 0.00025   ])

 243.447			array([-0.79970333,  4.9851878 ,  2.66725038, 12.65037293])
						array([0.00044984, 0.00228901, 0.00207114, 0.0003718 ])

 243.42			array([-0.80007339,  4.98899988,  2.67116243, 12.65096226])
						array([0.00054859, 0.00279148, 0.00252578, 0.00045341])

 243.393			array([-0.80100662,  4.98070298,  2.67017442, 12.65341695])
						array([0.00180453, 0.00918229, 0.00830829, 0.00149146])

 243.375			array([-0.80232639,  4.98872488,  2.66388114, 12.65315541])
						array([0.00268372, 0.01365599, 0.01235618, 0.00221812])

 243.219			array([-0.79226794,  4.99368711,  2.66959037, 12.66636976])
						array([0.01076565, 0.05478053, 0.04956637, 0.00889791])

 243.194			array([-0.79388319,  4.98023687,  2.68028323, 12.67014695])
						array([0.00399125, 0.02030932, 0.01837623, 0.00329881])

 243.144			array([-0.79834651,  4.98664033,  2.68757621, 12.67192056])
						array([0.00220065, 0.01119791, 0.01013206, 0.00181886])

 243.111			array([-0.80010982,  4.98315846,  2.68382399, 12.67267046])
						array([0.00147972, 0.00752948, 0.0068128 , 0.001223  ])

 243.1			array([-0.80134889,  4.98913037,  2.68134806, 12.67089202])
						array([0.00180453, 0.00918229, 0.00830829, 0.00149146])

 243.051			array([-0.80126079,  4.98797372,  2.66857593, 12.67357767])
						array([0.00220065, 0.01119791, 0.01013206, 0.00181886])

 243.008			array([-0.79277506,  4.99627289,  2.68041795, 12.6854727 ])
						array([0.00486738, 0.02476747, 0.02241004, 0.00402294])

 242.986			array([-0.79456896,  4.99140911,  2.6797321 , 12.68560195])
						array([0.00220065, 0.01119791, 0.01013206, 0.00181886])

 242.977			array([-0.79750617,  4.98208629,  2.68322627, 12.68792299])
						array([0.00180453, 0.00918229, 0.00830829, 0.00149146])

 242.922			array([-0.79776599,  4.99025308,  2.67625728, 12.68924268])
						array([0.00081587, 0.00415151, 0.00375636, 0.00067432])

 242.907			array([-0.80184962,  4.99199471,  2.67784509, 12.68759182])
						array([0.00180453, 0.00918229, 0.00830829, 0.00149146])

 242.893			array([-0.81027155,  4.98734617,  2.65616039, 12.69004974])
						array([0.00723882, 0.03683443, 0.03332843, 0.00598295])

 242.87			array([-0.7981928 ,  4.99234814,  2.666973  , 12.69789326])
						array([0.00882783, 0.04492003, 0.04064443, 0.00729628])

 242.867			array([-0.80014478,  4.98334263,  2.67170279, 12.69830625])
						array([0.00121337, 0.00617417, 0.0055865 , 0.00100286])

 242.861			array([-0.79962639,  4.98882656,  2.67516921, 12.69761708])
						array([0.00081587, 0.00415151, 0.00375636, 0.00067432])

 242.851			array([-0.80042208,  4.98956926,  2.67375422, 12.69810258])
						array([0.00044984, 0.00228901, 0.00207114, 0.0003718 ])

 242.848			array([-0.80060447,  4.9902373 ,  2.6727222 , 12.69813611])
						array([0.00016678, 0.00084863, 0.00076785, 0.00013784])

 242.846			array([-0.80090831,  4.99003888,  2.67317583, 12.69824257])
						array([0.00020338, 0.00103491, 0.00093641, 0.0001681 ])

 242.844			array([-0.8011633 ,  4.98894027,  2.672585  , 12.69855642])
						array([0.00024803, 0.00126209, 0.00114196, 0.000205  ])

 242.839			array([-0.80157562,  4.98956562,  2.67463215, 12.69925769])
						array([0.00036887, 0.00187699, 0.00169833, 0.00030488])

 242.837			array([-0.80232459,  4.9873734 ,  2.67095376, 12.69924421])
						array([0.00099496, 0.00506282, 0.00458093, 0.00082234])

 242.833			array([-0.80383454,  4.99075246,  2.66449157, 12.69926387])
						array([0.00180453, 0.00918229, 0.00830829, 0.00149146])

 242.826			array([-0.80391088,  4.98887356,  2.66567652, 12.70075427])
						array([0.00220065, 0.01119791, 0.01013206, 0.00181886])

 242.807			array([-0.81063613,  4.98244498,  2.67704975, 12.70272739])
						array([0.00327283, 0.01665365, 0.01506851, 0.00270502])

 242.806			array([-0.81250673,  4.98745856,  2.66025129, 12.70264278])
						array([0.00486738, 0.02476747, 0.02241004, 0.00402294])

 242.78			array([-0.81505721,  4.98547367,  2.6719384 , 12.70235593])
						array([0.00327283, 0.01665365, 0.01506851, 0.00270502])

 242.767			array([-0.81370971,  4.99334815,  2.67413142, 12.70583381])
						array([0.00268372, 0.01365599, 0.01235618, 0.00221812])

 242.766			array([-0.81442218,  4.99103907,  2.66928971, 12.7059914 ])
						array([0.00030247, 0.00153913, 0.00139263, 0.00025   ])

 242.765			array([-0.81417854,  4.99358058,  2.67286509, 12.70615251])
						array([0.00036887, 0.00187699, 0.00169833, 0.00030488])

 242.764			array([-0.81517583,  4.99182514,  2.67374374, 12.70560835])
						array([0.00054859, 0.00279148, 0.00252578, 0.00045341])

 242.761			array([-0.81733711,  4.99333245,  2.67131654, 12.70554439])
						array([0.00081587, 0.00415151, 0.00375636, 0.00067432])

 242.76			array([-0.81759684,  4.99217647,  2.67188391, 12.705649  ])
						array([0.00024803, 0.00126209, 0.00114196, 0.000205  ])

 242.759			array([-0.81839861,  4.99331925,  2.67225145, 12.70591903])
						array([0.00016678, 0.00084863, 0.00076785, 0.00013784])

 242.758			array([-0.81873732,  4.9931928 ,  2.67294808, 12.70773528])
						array([0.00044984, 0.00228901, 0.00207114, 0.0003718 ])

------------------------------------ 


------------------------------------ 
TOTAL GENERATIONS: 1000
------------------------------------ 
