------------------------------------ 
PARAMETERS used: 
 - DNA SIZE: '4'
------------------------------------ 


------------------------------------ 
Fitness_value		Individual
------------------------------------ 
 62802.2334203			array([-153.78837343,  -64.85894477, -149.27896202,   88.36192074])
						array([4.01208917, 0.82160623, 3.03305084, 3.96352478])

 61895.2061936			array([-151.95754103,  -64.70322913, -149.01876398,   87.05197905])
						array([3.00906688, 0.61620467, 2.27478813, 2.97264359])

 61616.9029562			array([-151.69134707,  -64.7426497 , -148.12798364,   87.52382835])
						array([0.95208757, 0.19497101, 0.71975718, 0.94056301])

 61511.539984			array([-152.02136482,  -64.55387412, -147.9373061 ,   86.73023137])
						array([1.26945009, 0.25996135, 0.95967624, 1.25408401])

 61089.7565555			array([-152.62305047,  -64.60857299, -146.98455878,   84.70335449])
						array([1.69260012, 0.34661513, 1.27956832, 1.67211202])

 60584.2070505			array([-151.03335308,  -64.42545039, -146.54549625,   85.79044506])
						array([2.25680016, 0.4621535 , 1.7060911 , 2.22948269])

 57909.9170575			array([-148.84885627,  -63.97603238, -141.52296794,   83.22907903])
						array([5.34945223, 1.09547497, 4.04406779, 5.28469971])

 43693.1785008			array([-120.87634208,  -63.01260871, -120.37707239,   81.64923357])
						array([16.90691075,  3.46224189, 12.78125129, 16.7022608 ])

 40203.7490877			array([ -98.92331563,  -57.48444248, -115.01977719,  102.53448793])
						array([22.54254766,  4.61632252, 17.04166839, 22.26968107])

 40083.8244622			array([-114.2582964 ,  -68.65929214, -102.72309495,   89.23618339])
						array([40.07564029,  8.2067956 , 30.29629936, 39.59054413])

 28330.3402505			array([  12.55549684,  -74.3492237 , -127.13820099,   70.3237935 ])
						array([71.24558273, 14.58985884, 53.86008775, 70.38318956])

 14914.9192981			array([ 41.56578335, -81.87998437, -55.73466984,  53.01387809])
						array([40.07564029,  8.2067956 , 30.29629936, 39.59054413])

 13153.1425042			array([ 89.96766288, -75.82434746,   2.98335829,  -4.89533546])
						array([30.05673021,  6.1550967 , 22.72222452, 29.6929081 ])

 11334.3511462			array([ 76.18644792, -77.26898494,   5.11102893,   2.59879303])
						array([16.90691075,  3.46224189, 12.78125129, 16.7022608 ])

 10758.8681417			array([ 73.62079381, -75.3866138 ,  10.25395812,   0.94192755])
						array([9.51013729, 1.94751106, 7.18945385, 9.3950217 ])

 9197.78306819			array([ 60.38332352, -74.5704834 ,  15.15657078,   1.73719218])
						array([12.68018306,  2.59668142,  9.58593847, 12.5266956 ])

 9123.65260865			array([ 60.68558287, -73.57538694,  17.6842477 ,   0.83554666])
						array([16.90691075,  3.46224189, 12.78125129, 16.7022608 ])

 8623.4677445			array([ 51.19730059, -75.40026813,  19.65806815,  -2.87221418])
						array([7.13260297, 1.4606333 , 5.39209039, 7.04626628])

 8529.73658102			array([ 51.49903633, -74.00300593,  19.13137099, -10.17493118])
						array([4.01208917, 0.82160623, 3.03305084, 3.96352478])

 8365.01114023			array([ 48.61892999, -74.64125673,  19.53726856,  -6.89897823])
						array([3.00906688, 0.61620467, 2.27478813, 2.97264359])

 8204.30319224			array([ 46.45865426, -74.66164253,  18.08615573,  -9.07725925])
						array([2.25680016, 0.4621535 , 1.7060911 , 2.22948269])

 7987.76928846			array([ 46.71174572, -73.95191199,  15.14544963,  -6.95606749])
						array([3.00906688, 0.61620467, 2.27478813, 2.97264359])

 7659.53848185			array([ 41.92243271, -74.1716233 ,  17.10053414,  -1.3378124 ])
						array([4.01208917, 0.82160623, 3.03305084, 3.96352478])

 6767.95432224			array([ 21.67729989, -68.49651521,  27.98984108, -18.95744765])
						array([22.54254766,  4.61632252, 17.04166839, 22.26968107])

 6738.43318527			array([  6.17747513, -68.96556652,  17.54976933, -28.34107917])
						array([30.05673021,  6.1550967 , 22.72222452, 29.6929081 ])

 6272.4831356			array([ 14.15134057, -68.78834229,  23.36160531, -14.10530586])
						array([9.51013729, 1.94751106, 7.18945385, 9.3950217 ])

 6233.93456774			array([ 21.63415936, -68.44218054,  22.89084761,  -9.58405679])
						array([3.00906688, 0.61620467, 2.27478813, 2.97264359])

 6141.74011431			array([ 21.80202371, -67.90376808,  22.58442888, -11.06965443])
						array([1.69260012, 0.34661513, 1.27956832, 1.67211202])

 6139.57475881			array([ 21.47203699, -67.90862824,  22.66441861, -11.0173698 ])
						array([0.30124646, 0.06169005, 0.22773567, 0.29760001])

 6125.53556488			array([ 21.39054519, -67.80778786,  22.55086269, -10.70724636])
						array([0.40166194, 0.08225339, 0.30364756, 0.39680002])

 6118.08856833			array([ 21.3062758 , -67.83165173,  22.71725909, -10.5876529 ])
						array([0.53554926, 0.10967119, 0.40486342, 0.52906669])

 6092.79324159			array([ 21.28419025, -67.67327327,  22.81694355, -10.38048661])
						array([0.71406568, 0.14622826, 0.53981789, 0.70542226])

 6085.91585931			array([ 19.66469838, -68.04609976,  21.46706041, -11.04954831])
						array([2.25680016, 0.4621535 , 1.7060911 , 2.22948269])

 6031.05918624			array([ 18.27572699, -69.75804836,  15.66564116,  -5.56684209])
						array([5.34945223, 1.09547497, 4.04406779, 5.28469971])

 5723.94748766			array([ 13.70113978, -68.9051498 ,  10.32600765,   3.33766403])
						array([12.68018306,  2.59668142,  9.58593847, 12.5266956 ])

 2929.08339253			array([ 40.15090777, -36.4719387 ,   5.5811233 , -11.96601769])
						array([168.87841833,  34.5833691 , 127.66835614, 166.8342271 ])

 2298.88703273			array([ 31.99907134, -34.5966575 ,   1.75007966, -10.01938852])
						array([16.90691075,  3.46224189, 12.78125129, 16.7022608 ])

 1829.91086505			array([  8.40800711, -32.66621752,   7.82384353, -14.58502073])
						array([9.51013729, 1.94751106, 7.18945385, 9.3950217 ])

 1822.55135289			array([ -2.71265574, -31.5949591 ,  -1.40381938, -12.18826097])
						array([9.51013729, 1.94751106, 7.18945385, 9.3950217 ])

 1717.79707494			array([ -7.34813269, -30.01236812,   2.25344238,  -5.81890744])
						array([12.68018306,  2.59668142,  9.58593847, 12.5266956 ])

 1074.51183833			array([ 14.09323463, -24.92142549,  10.26430076,   6.2407518 ])
						array([30.05673021,  6.1550967 , 22.72222452, 29.6929081 ])

 671.00898121			array([ 25.66598601, -13.07177671,   3.46313936,  -2.85320292])
						array([22.54254766,  4.61632252, 17.04166839, 22.26968107])

 648.573880347			array([26.3462677 , -8.67056005, 14.12362999,  1.14832413])
						array([7.13260297, 1.4606333 , 5.39209039, 7.04626628])

 561.111864902			array([24.15842826, -8.26903818, 14.17997106,  1.21072414])
						array([0.95208757, 0.19497101, 0.71975718, 0.94056301])

 544.027767309			array([24.1927041 , -8.32860211, 14.04025928,  1.8545068 ])
						array([0.53554926, 0.10967119, 0.40486342, 0.52906669])

 509.87141692			array([23.63161649, -8.14247974, 13.77221067,  1.80763737])
						array([0.71406568, 0.14622826, 0.53981789, 0.70542226])

 507.698937233			array([23.43033256, -7.92730215, 13.74328162,  2.20305712])
						array([0.95208757, 0.19497101, 0.71975718, 0.94056301])

 485.286596603			array([20.56131026, -7.27828245, 16.56400863,  0.83292215])
						array([4.01208917, 0.82160623, 3.03305084, 3.96352478])

 378.370413789			array([16.50975321, -8.30362069, 12.53363573, -1.49533019])
						array([5.34945223, 1.09547497, 4.04406779, 5.28469971])

 371.815070504			array([18.00409953, -8.56162362, 10.67306486,  5.46650107])
						array([9.51013729, 1.94751106, 7.18945385, 9.3950217 ])

 216.659220365			array([11.92921107, -3.28245886,  3.0324733 , -6.79273592])
						array([12.68018306,  2.59668142,  9.58593847, 12.5266956 ])

 183.730603285			array([12.24627397, -0.61872774, 10.53129474, -6.2534082 ])
						array([16.90691075,  3.46224189, 12.78125129, 16.7022608 ])

 153.681619017			array([ 8.78697578, -0.62213829,  8.77465395, -3.62973701])
						array([1.69260012, 0.34661513, 1.27956832, 1.67211202])

 139.487891776			array([ 9.64990661, -0.58204076,  8.80008436, -3.0876385 ])
						array([0.53554926, 0.10967119, 0.40486342, 0.52906669])

 119.552575776			array([ 9.94529904, -0.42655244,  8.63983749, -3.36121366])
						array([0.40166194, 0.08225339, 0.30364756, 0.39680002])

 115.486599148			array([10.09566   , -0.44511717,  8.80423598, -3.19246251])
						array([0.40166194, 0.08225339, 0.30364756, 0.39680002])

 115.089012359			array([ 9.99738093, -0.48362246,  8.6957633 , -3.19339196])
						array([0.53554926, 0.10967119, 0.40486342, 0.52906669])

 113.008749538			array([10.04140188, -0.47937317,  8.66955262, -3.17795878])
						array([0.03015866, 0.00617597, 0.02279928, 0.0297936 ])

 112.604279543			array([10.04451754, -0.47742105,  8.66251464, -3.20903699])
						array([0.01696425, 0.00347398, 0.0128246 , 0.0167589 ])

 112.521411549			array([10.05235388, -0.47775101,  8.6721487 , -3.19600529])
						array([0.00954239, 0.00195412, 0.00721384, 0.00942688])

 112.485686217			array([10.05747517, -0.47983923,  8.67731549, -3.21670642])
						array([0.00715679, 0.00146559, 0.00541038, 0.00707016])

 112.199775355			array([10.06539756, -0.47967692,  8.67109595, -3.20899302])
						array([0.00954239, 0.00195412, 0.00721384, 0.00942688])

 111.901631247			array([10.0882288 , -0.48176003,  8.67568638, -3.21528771])
						array([0.022619  , 0.00463198, 0.01709946, 0.0223452 ])

 111.688068465			array([10.09289527, -0.48189502,  8.62240901, -3.21754762])
						array([0.04021155, 0.00823463, 0.03039904, 0.03972481])

 111.428884869			array([10.1120733 , -0.47345742,  8.63008197, -3.17857278])
						array([0.03015866, 0.00617597, 0.02279928, 0.0297936 ])

 111.111606952			array([10.14185927, -0.46537519,  8.64917563, -3.22887881])
						array([0.022619  , 0.00463198, 0.01709946, 0.0223452 ])

 111.095459506			array([10.11728855, -0.4648646 ,  8.66812118, -3.20374407])
						array([0.01696425, 0.00347398, 0.0128246 , 0.0167589 ])

 111.0744081			array([10.1239472 , -0.46384844,  8.67032729, -3.20833051])
						array([0.01272319, 0.00260549, 0.00961845, 0.01256918])

 111.020726376			array([10.12454768, -0.46176775,  8.66816656, -3.22297497])
						array([0.01696425, 0.00347398, 0.0128246 , 0.0167589 ])

 110.699769143			array([10.11458152, -0.45404456,  8.66154548, -3.19807027])
						array([0.0714872 , 0.01463934, 0.05404274, 0.07062188])

 110.545513237			array([10.11405738, -0.44552158,  8.64619382, -3.2454644 ])
						array([0.09531626, 0.01951912, 0.07205699, 0.0941625 ])

 110.242540729			array([10.11008179, -0.43989864,  8.63595032, -3.23762885])
						array([0.022619  , 0.00463198, 0.01709946, 0.0223452 ])

 110.240979518			array([10.10194122, -0.43905125,  8.624971  , -3.23049385])
						array([0.00954239, 0.00195412, 0.00721384, 0.00942688])

 110.186366837			array([10.11313563, -0.43654592,  8.61137412, -3.23021215])
						array([0.00715679, 0.00146559, 0.00541038, 0.00707016])

 110.09359457			array([10.11846403, -0.43591128,  8.62096188, -3.23487924])
						array([0.00715679, 0.00146559, 0.00541038, 0.00707016])

 110.044651089			array([10.1162936 , -0.43461843,  8.62604016, -3.23816335])
						array([0.00954239, 0.00195412, 0.00721384, 0.00942688])

 109.99750887			array([10.12013346, -0.43627919,  8.62504214, -3.22515213])
						array([0.01272319, 0.00260549, 0.00961845, 0.01256918])

 110.032076019			array([10.13951804, -0.43477057,  8.61432683, -3.21603675])
						array([0.01696425, 0.00347398, 0.0128246 , 0.0167589 ])

 109.753227449			array([10.1428895 , -0.42930768,  8.62725881, -3.22443652])
						array([0.022619  , 0.00463198, 0.01709946, 0.0223452 ])

 109.822980053			array([10.13890403, -0.41727363,  8.58051049, -3.19586363])
						array([0.03015866, 0.00617597, 0.02279928, 0.0297936 ])

 109.729613941			array([10.16109905, -0.41421081,  8.58762382, -3.21632459])
						array([0.022619  , 0.00463198, 0.01709946, 0.0223452 ])

 109.564373268			array([10.15697774, -0.41435924,  8.59426456, -3.21951529])
						array([0.00954239, 0.00195412, 0.00721384, 0.00942688])

 109.417328105			array([10.16047203, -0.40904335,  8.59072263, -3.22064097])
						array([0.00954239, 0.00195412, 0.00721384, 0.00942688])

 109.367865556			array([10.15759523, -0.40572311,  8.58502588, -3.22845888])
						array([0.01272319, 0.00260549, 0.00961845, 0.01256918])

 109.425636826			array([10.16273629, -0.40563859,  8.5823084 , -3.21259604])
						array([0.01696425, 0.00347398, 0.0128246 , 0.0167589 ])

 109.275697984			array([10.16799885, -0.40410081,  8.59004945, -3.2040867 ])
						array([0.022619  , 0.00463198, 0.01709946, 0.0223452 ])

 108.486630364			array([10.1804021 , -0.39340021,  8.63137341, -3.19675923])
						array([0.0714872 , 0.01463934, 0.05404274, 0.07062188])

 108.530767917			array([10.16539696, -0.38978809,  8.59123912, -3.23245352])
						array([0.03015866, 0.00617597, 0.02279928, 0.0297936 ])

 107.630835712			array([10.08671598, -0.3832323 ,  8.62241127, -3.22848918])
						array([0.022619  , 0.00463198, 0.01709946, 0.0223452 ])

 107.605479652			array([10.09260166, -0.38340004,  8.61770947, -3.22907448])
						array([0.00715679, 0.00146559, 0.00541038, 0.00707016])

 107.619416703			array([10.0972171 , -0.38394004,  8.61517551, -3.23033698])
						array([0.00536759, 0.00109919, 0.00405778, 0.00530262])

 107.502472648			array([10.09831231, -0.38246567,  8.61708502, -3.23018048])
						array([0.00715679, 0.00146559, 0.00541038, 0.00707016])

 107.197757244			array([10.11136808, -0.37976223,  8.61735904, -3.22341311])
						array([0.00954239, 0.00195412, 0.00721384, 0.00942688])

 107.157106726			array([10.11715462, -0.37884658,  8.61567975, -3.22644342])
						array([0.01272319, 0.00260549, 0.00961845, 0.01256918])

 107.106580403			array([10.12495568, -0.37787778,  8.62589052, -3.23719919])
						array([0.01696425, 0.00347398, 0.0128246 , 0.0167589 ])

 106.830432107			array([10.13921481, -0.37471811,  8.62379253, -3.21459699])
						array([0.022619  , 0.00463198, 0.01709946, 0.0223452 ])

 106.577089298			array([10.13864701, -0.37001767,  8.64349471, -3.18631369])
						array([0.03015866, 0.00617597, 0.02279928, 0.0297936 ])

 106.497202506			array([10.15166693, -0.36205088,  8.63032251, -3.16433006])
						array([0.04021155, 0.00823463, 0.03039904, 0.03972481])

 106.537995477			array([10.07334903, -0.348772  ,  8.66730109, -3.14229443])
						array([0.09531626, 0.01951912, 0.07205699, 0.0941625 ])

 74.179776164			array([ 9.87405968, -0.16029808,  6.49375286, -1.23514485])
						array([2.25680016, 0.4621535 , 1.7060911 , 2.22948269])

 72.9849399244			array([ 9.26385603, -0.06342188,  6.32683541, -1.24126486])
						array([0.40166194, 0.08225339, 0.30364756, 0.39680002])

 72.84033029			array([ 9.30954904, -0.07134732,  6.3833588 , -1.181339  ])
						array([0.0714872 , 0.01463934, 0.05404274, 0.07062188])

 69.2548477201			array([ 9.26083995, -0.08787441,  6.41776156, -1.27164685])
						array([0.0536154 , 0.0109795 , 0.04053206, 0.05296641])

 68.2553901665			array([ 9.25133518, -0.08569359,  6.42248476, -1.25989661])
						array([0.022619  , 0.00463198, 0.01709946, 0.0223452 ])

 66.5629781845			array([ 9.23720493, -0.08486873,  6.44965682, -1.2828062 ])
						array([0.03015866, 0.00617597, 0.02279928, 0.0297936 ])

 66.6069574275			array([ 9.2399262 , -0.0814479 ,  6.44598668, -1.27707828])
						array([0.0536154 , 0.0109795 , 0.04053206, 0.05296641])

 64.7435123813			array([ 9.22332401, -0.05283128,  6.48071827, -1.10899007])
						array([0.30124646, 0.06169005, 0.22773567, 0.29760001])

 64.6514108615			array([ 9.222775  , -0.05308905,  6.47768275, -1.11529378])
						array([0.00954239, 0.00195412, 0.00721384, 0.00942688])

 64.4638637945			array([ 9.22408984, -0.05067466,  6.48037779, -1.11599574])
						array([0.00536759, 0.00109919, 0.00405778, 0.00530262])

 64.1254524371			array([ 9.22059641, -0.05035514,  6.48191074, -1.1195319 ])
						array([0.0040257 , 0.00082439, 0.00304334, 0.00397697])

 64.0883526879			array([ 9.21745537, -0.04996999,  6.4808408 , -1.11888113])
						array([0.00301927, 0.00061829, 0.0022825 , 0.00298272])

 63.8092604699			array([ 9.21801853, -0.04980908,  6.48619158, -1.11934626])
						array([0.0040257 , 0.00082439, 0.00304334, 0.00397697])

 63.3709025241			array([ 9.19839639, -0.05194482,  6.48267148, -1.12183506])
						array([0.01696425, 0.00347398, 0.0128246 , 0.0167589 ])

 59.9068047474			array([ 9.16822584, -0.03506226,  6.51128897, -1.15570163])
						array([0.0714872 , 0.01463934, 0.05404274, 0.07062188])

 57.5257116699			array([ 9.21004555, -0.06157239,  6.61453895, -1.21505585])
						array([0.12708835, 0.02602549, 0.09607599, 0.12555001])

 56.8439545818			array([ 9.13292493, -0.06717475,  6.66864544, -1.16234518])
						array([0.04021155, 0.00823463, 0.03039904, 0.03972481])

 56.5107642719			array([ 9.16368166, -0.06666347,  6.64043206, -1.19607635])
						array([0.022619  , 0.00463198, 0.01709946, 0.0223452 ])

 56.5478411269			array([ 9.14753585, -0.0714184 ,  6.62692703, -1.20194825])
						array([0.022619  , 0.00463198, 0.01709946, 0.0223452 ])

 56.2718064953			array([ 9.14208014, -0.06639233,  6.64383563, -1.24154671])
						array([0.03015866, 0.00617597, 0.02279928, 0.0297936 ])

 56.0445998005			array([ 9.11755443, -0.05978987,  6.65063406, -1.19641287])
						array([0.04021155, 0.00823463, 0.03039904, 0.03972481])

 55.8290677962			array([ 9.14452851, -0.04965865,  6.64332687, -1.19287916])
						array([0.0536154 , 0.0109795 , 0.04053206, 0.05296641])

 55.7854672679			array([ 9.0983654 , -0.04873694,  6.65396196, -1.21626091])
						array([0.01272319, 0.00260549, 0.00961845, 0.01256918])

 55.6994232062			array([ 9.10832286, -0.04904086,  6.64544256, -1.221626  ])
						array([0.00715679, 0.00146559, 0.00541038, 0.00707016])

 55.7039124486			array([ 9.11242063, -0.04875082,  6.64836678, -1.23497414])
						array([0.00536759, 0.00109919, 0.00405778, 0.00530262])

 55.7348345232			array([ 9.11083852, -0.04958882,  6.65005776, -1.23492368])
						array([0.00301927, 0.00061829, 0.0022825 , 0.00298272])

 55.7034839644			array([ 9.11668268, -0.04995419,  6.64564888, -1.23257419])
						array([0.0040257 , 0.00082439, 0.00304334, 0.00397697])

 55.7422682545			array([ 9.11771864, -0.05045464,  6.64233297, -1.23599452])
						array([0.00536759, 0.00109919, 0.00405778, 0.00530262])

 55.7313714324			array([ 9.11842685, -0.04932817,  6.64718939, -1.24067931])
						array([0.00715679, 0.00146559, 0.00541038, 0.00707016])

 55.7079002402			array([ 9.11719906, -0.05136125,  6.65179862, -1.22643737])
						array([0.01696425, 0.00347398, 0.0128246 , 0.0167589 ])

 55.5572996315			array([ 9.14376337, -0.04426184,  6.65946391, -1.21225481])
						array([0.03015866, 0.00617597, 0.02279928, 0.0297936 ])

 55.4391831076			array([ 9.12850058, -0.04200028,  6.6559767 , -1.22197621])
						array([0.00715679, 0.00146559, 0.00541038, 0.00707016])

 55.4456567159			array([ 9.12601891, -0.0418109 ,  6.65420421, -1.22769287])
						array([0.0040257 , 0.00082439, 0.00304334, 0.00397697])

 55.4381542851			array([ 9.12888804, -0.04208912,  6.65079222, -1.22255639])
						array([0.00301927, 0.00061829, 0.0022825 , 0.00298272])

 55.439340224			array([ 9.12775212, -0.04175214,  6.65137599, -1.22692282])
						array([0.00301927, 0.00061829, 0.0022825 , 0.00298272])

 55.4298619226			array([ 9.12435242, -0.04115774,  6.6470122 , -1.22590131])
						array([0.0040257 , 0.00082439, 0.00304334, 0.00397697])

 55.4133845856			array([ 9.12754163, -0.04102336,  6.65148226, -1.22275696])
						array([0.00536759, 0.00109919, 0.00405778, 0.00530262])

 55.4248386199			array([ 9.12457297, -0.04112137,  6.65763138, -1.22179188])
						array([0.00715679, 0.00146559, 0.00541038, 0.00707016])

 55.4471017287			array([ 9.12270022, -0.0422597 ,  6.65215074, -1.22048421])
						array([0.00954239, 0.00195412, 0.00721384, 0.00942688])

 55.4135399026			array([ 9.12574902, -0.03956182,  6.65115564, -1.23265932])
						array([0.01272319, 0.00260549, 0.00961845, 0.01256918])

 55.4384006736			array([ 9.11310147, -0.03351695,  6.66475632, -1.24295937])
						array([0.01696425, 0.00347398, 0.0128246 , 0.0167589 ])

 55.3587133019			array([ 9.11956865, -0.03609098,  6.65421161, -1.23376585])
						array([0.00954239, 0.00195412, 0.00721384, 0.00942688])

 55.3564913119			array([ 9.13710654, -0.03641413,  6.65563698, -1.23189456])
						array([0.00715679, 0.00146559, 0.00541038, 0.00707016])

 55.3778389485			array([ 9.14183764, -0.03616205,  6.65053379, -1.23366428])
						array([0.00715679, 0.00146559, 0.00541038, 0.00707016])

 55.4144799721			array([ 9.1386561 , -0.03395563,  6.65427221, -1.24568061])
						array([0.00954239, 0.00195412, 0.00721384, 0.00942688])

 55.2499664442			array([ 9.13735882, -0.03245096,  6.64607015, -1.22334654])
						array([0.01696425, 0.00347398, 0.0128246 , 0.0167589 ])

 55.2213270249			array([ 9.10356091, -0.01747302,  6.6595329 , -1.19526761])
						array([0.0536154 , 0.0109795 , 0.04053206, 0.05296641])

 54.9987026814			array([ 9.12768302, -0.01499585,  6.66644729, -1.21010262])
						array([0.01696425, 0.00347398, 0.0128246 , 0.0167589 ])

 55.0316022193			array([ 9.11409281, -0.01151022,  6.67252043, -1.2261127 ])
						array([0.01272319, 0.00260549, 0.00961845, 0.01256918])

 55.0217863622			array([ 9.12046212, -0.01268428,  6.67342874, -1.2247867 ])
						array([0.0040257 , 0.00082439, 0.00304334, 0.00397697])

 55.0129062635			array([ 9.12042191, -0.01338511,  6.67113877, -1.22533943])
						array([0.0040257 , 0.00082439, 0.00304334, 0.00397697])

 55.0165549709			array([ 9.1205135 , -0.01438473,  6.67022506, -1.22454845])
						array([0.00536759, 0.00109919, 0.00405778, 0.00530262])

 55.018641399			array([ 9.1304708 , -0.01261267,  6.66974331, -1.23445987])
						array([0.00954239, 0.00195412, 0.00721384, 0.00942688])

 55.0322845928			array([ 9.1180149 , -0.01055235,  6.67610617, -1.22558035])
						array([0.01272319, 0.00260549, 0.00961845, 0.01256918])

 54.8780639256			array([ 9.11837047e+00, -5.05726774e-03,  6.66174944e+00, -1.22645947e+00])
						array([0.01696425, 0.00347398, 0.0128246 , 0.0167589 ])

 54.9099474228			array([ 9.15277882e+00,  1.79532832e-05,  6.65753403e+00, -1.21841040e+00])
						array([0.03015866, 0.00617597, 0.02279928, 0.0297936 ])

 54.8918203577			array([ 9.13121948e+00,  6.58191991e-04,  6.65879252e+00, -1.19705078e+00])
						array([0.04021155, 0.00823463, 0.03039904, 0.03972481])

 54.8123807339			array([ 9.13341534e+00,  8.14079850e-04,  6.66014567e+00, -1.21152560e+00])
						array([0.00954239, 0.00195412, 0.00721384, 0.00942688])

 54.8249732361			array([ 9.13692212e+00, -1.20382013e-03,  6.65494536e+00, -1.21114174e+00])
						array([0.00536759, 0.00109919, 0.00405778, 0.00530262])

 54.8195708706			array([ 9.13773690e+00, -5.27613495e-04,  6.65950858e+00, -1.21960258e+00])
						array([0.0040257 , 0.00082439, 0.00304334, 0.00397697])

 54.8181212201			array([ 9.13648414e+00, -3.74976175e-04,  6.66021795e+00, -1.22226880e+00])
						array([0.0040257 , 0.00082439, 0.00304334, 0.00397697])

 54.8459008029			array([ 9.13169159e+00, -5.24989821e-04,  6.66710487e+00, -1.22483524e+00])
						array([0.00536759, 0.00109919, 0.00405778, 0.00530262])

 54.8234348121			array([ 9.13506865e+00,  1.89285282e-03,  6.66342067e+00, -1.21118774e+00])
						array([0.00954239, 0.00195412, 0.00721384, 0.00942688])

 54.8338126147			array([ 9.12192171e+00,  6.41243493e-04,  6.65514283e+00, -1.20501026e+00])
						array([0.01272319, 0.00260549, 0.00961845, 0.01256918])

 54.8328574969			array([ 9.11091968e+00,  3.47943482e-03,  6.64707444e+00, -1.22379149e+00])
						array([0.03015866, 0.00617597, 0.02279928, 0.0297936 ])

 54.7983055192			array([ 9.11449785e+00,  5.13516509e-03,  6.64817830e+00, -1.22281086e+00])
						array([0.00536759, 0.00109919, 0.00405778, 0.00530262])

 54.8175634819			array([ 9.11299290e+00,  5.16665016e-03,  6.64715348e+00, -1.21184612e+00])
						array([0.0040257 , 0.00082439, 0.00304334, 0.00397697])

 54.7967144243			array([ 9.11657146e+00,  4.12248714e-03,  6.64956293e+00, -1.21328039e+00])
						array([0.00301927, 0.00061829, 0.0022825 , 0.00298272])

 54.8042256204			array([ 9.11544475e+00,  3.96965950e-03,  6.65279116e+00, -1.21267935e+00])
						array([0.00301927, 0.00061829, 0.0022825 , 0.00298272])

 54.800032811			array([ 9.11779372e+00,  3.11026240e-03,  6.65278863e+00, -1.21197396e+00])
						array([0.0040257 , 0.00082439, 0.00304334, 0.00397697])

 54.8099179846			array([ 9.11766403e+00,  2.37757549e-03,  6.65583464e+00, -1.21146023e+00])
						array([0.00536759, 0.00109919, 0.00405778, 0.00530262])

 54.8249998495			array([ 9.12544119e+00,  2.12230249e-03,  6.66085020e+00, -1.20630338e+00])
						array([0.00715679, 0.00146559, 0.00541038, 0.00707016])

 54.8464907677			array([ 9.12941510e+00,  1.72959220e-05,  6.66705767e+00, -1.21148208e+00])
						array([0.01272319, 0.00260549, 0.00961845, 0.01256918])

 54.799728985			array([ 9.14160381e+00,  7.82119001e-03,  6.65931338e+00, -1.22687350e+00])
						array([0.03015866, 0.00617597, 0.02279928, 0.0297936 ])

 54.7955037425			array([ 9.14361362,  0.00916166,  6.64887953, -1.2118879 ])
						array([0.01272319, 0.00260549, 0.00961845, 0.01256918])

 54.792976886			array([ 9.14037099e+00,  7.13437661e-03,  6.65655074e+00, -1.22797676e+00])
						array([0.00715679, 0.00146559, 0.00541038, 0.00707016])

 54.7702435283			array([ 9.13916810e+00,  7.37933807e-03,  6.65550709e+00, -1.21952316e+00])
						array([0.00536759, 0.00109919, 0.00405778, 0.00530262])

 54.8317479748			array([ 9.14945402e+00,  7.81054809e-03,  6.65346446e+00, -1.22207376e+00])
						array([0.00715679, 0.00146559, 0.00541038, 0.00707016])

 54.8211803196			array([ 9.14319520e+00,  7.44440518e-03,  6.66109361e+00, -1.22842214e+00])
						array([0.00954239, 0.00195412, 0.00721384, 0.00942688])

 54.8093709133			array([ 9.13886899e+00,  7.34205885e-03,  6.66607128e+00, -1.22213915e+00])
						array([0.01272319, 0.00260549, 0.00961845, 0.01256918])

 54.7767578945			array([ 9.12728521e+00,  7.27284502e-03,  6.63908551e+00, -1.21715947e+00])
						array([0.03015866, 0.00617597, 0.02279928, 0.0297936 ])

 54.7701879765			array([ 9.12866656,  0.01822407,  6.63652745, -1.22380055])
						array([0.04021155, 0.00823463, 0.03039904, 0.03972481])

 54.7509434822			array([ 9.131384  ,  0.01500824,  6.64735994, -1.20888529])
						array([0.00954239, 0.00195412, 0.00721384, 0.00942688])

 54.768517985			array([ 9.14179302,  0.01507224,  6.65434341, -1.21304375])
						array([0.00715679, 0.00146559, 0.00541038, 0.00707016])

 54.7435777827			array([ 9.13857918,  0.01811922,  6.65230832, -1.21698909])
						array([0.00536759, 0.00109919, 0.00405778, 0.00530262])

 54.7463432658			array([ 9.13745909,  0.01747504,  6.65005607, -1.21314088])
						array([0.0040257 , 0.00082439, 0.00304334, 0.00397697])

 54.7455792864			array([ 9.13568092,  0.01679106,  6.64677906, -1.21288179])
						array([0.00536759, 0.00109919, 0.00405778, 0.00530262])

 54.7487206749			array([ 9.13761533,  0.01923221,  6.65581622, -1.2250217 ])
						array([0.01272319, 0.00260549, 0.00961845, 0.01256918])

 54.7428467138			array([ 9.13308452,  0.02514296,  6.64705455, -1.21558915])
						array([0.03015866, 0.00617597, 0.02279928, 0.0297936 ])

 54.7463225769			array([ 9.13431706,  0.02474039,  6.64576561, -1.21600301])
						array([0.00226445, 0.00046372, 0.00171188, 0.00223704])

 54.7390875541			array([ 9.1312077 ,  0.02454889,  6.6460633 , -1.21668985])
						array([0.00095532, 0.00019563, 0.0007222 , 0.00094375])

 54.7426131303			array([ 9.13284376,  0.02447269,  6.64531416, -1.2169783 ])
						array([0.00071649, 0.00014672, 0.00054165, 0.00070781])

 54.743049977			array([ 9.13242294,  0.0247154 ,  6.64510061, -1.21699715])
						array([0.00071649, 0.00014672, 0.00054165, 0.00070781])

 54.7432806902			array([ 9.13230789,  0.02430285,  6.64456961, -1.21695917])
						array([0.00095532, 0.00019563, 0.0007222 , 0.00094375])

 54.745914636			array([ 9.13381867,  0.02426238,  6.64503218, -1.21592054])
						array([0.00127376, 0.00026084, 0.00096293, 0.00125834])

 54.7470673429			array([ 9.13488185,  0.02419462,  6.64530023, -1.21628675])
						array([0.00169834, 0.00034779, 0.00128391, 0.00167778])

 54.7462192918			array([ 9.13290156,  0.0238633 ,  6.6435359 , -1.21700662])
						array([0.00226445, 0.00046372, 0.00171188, 0.00223704])

 54.7344888828			array([ 9.1302124 ,  0.02240319,  6.6452904 , -1.21789318])
						array([0.00536759, 0.00109919, 0.00405778, 0.00530262])

 54.7392409303			array([ 9.13475733,  0.01736617,  6.6467636 , -1.21451339])
						array([0.01696425, 0.00347398, 0.0128246 , 0.0167589 ])

 54.7391638286			array([ 9.13393606,  0.01554827,  6.65788504, -1.21632739])
						array([0.00715679, 0.00146559, 0.00541038, 0.00707016])

 54.7344774302			array([ 9.12457058,  0.01516437,  6.65636525, -1.21554553])
						array([0.00536759, 0.00109919, 0.00405778, 0.00530262])

 54.7340156673			array([ 9.13051253,  0.01594243,  6.65572709, -1.21360839])
						array([0.00301927, 0.00061829, 0.0022825 , 0.00298272])

------------------------------------ 


------------------------------------ 
TOTAL GENERATIONS: 1000
------------------------------------ 
