------------------------------------ 
PARAMETERS used: 
 - DNA SIZE: '4'
------------------------------------ 


------------------------------------ 
Fitness_value		Individual
------------------------------------ 
 20660.2849313			array([ -4.39639963,  11.95649817, 144.61625148, -21.14540969])
						array([8.25608517, 6.43955405, 4.98123346, 9.00357302])

 20282.6084257			array([ -5.9952047 ,   6.27230764, 142.73111646, -23.6987559 ])
						array([10.06839655,  7.85311469,  6.07467495, 10.9799671 ])

 19880.4588225			array([ 23.12547899,  15.23840232, 143.5041235 ,   8.49657666])
						array([18.26075606, 14.24296421, 11.01746012, 19.91404488])

 19289.6703784			array([ 39.81656432,  -0.51024212, 138.2692993 ,  15.14678536])
						array([22.26921471, 17.36946855, 13.43592697, 24.28542059])

 4655.25148521			array([28.97966113, 30.8049047 , 63.19431761, 11.32365828])
						array([73.25238821, 57.13515584, 44.1961583 , 79.88449884])

 3540.54140277			array([-13.96014701,  22.72177587,  54.88285781,  -2.89267356])
						array([40.38902278, 31.50249661, 24.36834741, 44.04575635])

 1218.46201185			array([ 6.83053104,  9.63423622, 37.45073533,  5.69700617])
						array([12.27853238,  9.57696913,  7.40814018, 13.39020378])

 340.222677207			array([11.77939063, -0.73724869, 19.51947526, -1.15221314])
						array([12.27853238,  9.57696913,  7.40814018, 13.39020378])

 245.465297851			array([ 7.43367555, -2.7744286 , 13.15757873,  5.14039074])
						array([14.97381997, 11.67923065,  9.0343173 , 16.3295168 ])

 169.734986799			array([12.58611744, -1.97354257,  7.69757302, -6.1650271 ])
						array([5.55139167, 4.32995614, 3.34938138, 6.0540025 ])

 153.017158299			array([ 9.9523626 , -1.45214808, 10.51587013,  4.43380766])
						array([4.55214117, 3.55056404, 2.74649273, 4.96428205])

 84.9403725382			array([8.05318477, 1.09394842, 9.12527237, 2.63036076])
						array([5.55139167, 4.32995614, 3.34938138, 6.0540025 ])

 64.3593203495			array([6.68814123, 4.87346589, 8.53833425, 1.88839687])
						array([3.73275576, 2.91146251, 2.25212404, 4.07071128])

 60.0482550311			array([ 8.88599828,  2.98349749,  4.60842458, -2.8517916 ])
						array([3.73275576, 2.91146251, 2.25212404, 4.07071128])

 57.9514060206			array([11.64550633,  7.97981225,  0.75508717,  0.30800378])
						array([4.55214117, 3.55056404, 2.74649273, 4.96428205])

 31.7187258724			array([11.40387726,  6.07063447,  0.72668299,  2.9515141 ])
						array([1.38388128, 1.07939515, 0.83495211, 1.50917486])

 29.4447967929			array([11.32202931,  6.24956227,  0.72812773,  2.75809233])
						array([0.28288483, 0.22064357, 0.17067597, 0.3084966 ])

 29.1929178566			array([11.22573456,  6.30037681,  0.67498989,  2.65556814])
						array([0.10487668, 0.08180136, 0.06327638, 0.11437198])

 26.4058871036			array([11.13630854,  6.22844   ,  0.72757094,  2.58377252])
						array([0.12789839, 0.09975776, 0.07716632, 0.13947803])

 23.9829048177			array([11.3668529 ,  6.04001758,  0.77999693,  2.7071555 ])
						array([0.15597364, 0.12165581, 0.09410527, 0.17009515])

 21.0299902921			array([11.17257219,  6.0002966 ,  0.89756259,  2.86113693])
						array([0.3449815 , 0.26907753, 0.20814143, 0.37621537])

 21.044733472			array([11.17945884,  5.92106527,  0.89064089,  2.67585093])
						array([0.08599887, 0.06707712, 0.05188663, 0.09378502])

 18.4712988817			array([11.13873912,  5.96532302,  0.88531332,  2.70876974])
						array([0.05782564, 0.04510265, 0.03488857, 0.06306105])

 17.3057832292			array([11.08978054,  5.94103437,  0.8635794 ,  2.78721713])
						array([0.07051908, 0.05500324, 0.04254704, 0.07690372])

 17.2232066491			array([11.16053331,  6.04284998,  0.849089  ,  2.71169885])
						array([0.07051908, 0.05500324, 0.04254704, 0.07690372])

 17.3059075567			array([11.17374964,  6.02265081,  0.8447716 ,  2.69340822])
						array([0.02614423, 0.02039189, 0.01577388, 0.02851127])

 16.6347952514			array([11.19556116,  6.04694932,  0.82734343,  2.74408822])
						array([0.02614423, 0.02039189, 0.01577388, 0.02851127])

 17.2500442945			array([11.21867076,  6.04732361,  0.81548142,  2.71362144])
						array([0.03188321, 0.02486816, 0.01923644, 0.03476985])

 16.0882421206			array([11.22027373,  6.01879827,  0.7989265 ,  2.714032  ])
						array([0.03888196, 0.03032702, 0.02345908, 0.04240225])

 15.5028595586			array([11.23925916,  5.99466679,  0.77878011,  2.7585043 ])
						array([0.04741703, 0.03698418, 0.02860863, 0.05171006])

 14.8607552903			array([11.18207407,  5.95705827,  0.77870808,  2.83782348])
						array([0.07051908, 0.05500324, 0.04254704, 0.07690372])

 12.1929028804			array([11.15520522,  5.9684735 ,  0.72561549,  2.70815838])
						array([0.12789839, 0.09975776, 0.07716632, 0.13947803])

 12.4198461158			array([11.10734569,  5.95618954,  0.71472989,  2.68702944])
						array([0.03188321, 0.02486816, 0.01923644, 0.03476985])

 11.8307328178			array([11.09999136,  5.97348562,  0.70944718,  2.70363699])
						array([0.02614423, 0.02039189, 0.01577388, 0.02851127])

 12.0146497747			array([11.13063189,  5.98151442,  0.69166844,  2.68809524])
						array([0.03188321, 0.02486816, 0.01923644, 0.03476985])

 11.664311782			array([11.11760193,  5.97322717,  0.69628343,  2.70329302])
						array([0.04741703, 0.03698418, 0.02860863, 0.05171006])

 12.0598683908			array([11.12651095,  5.96839461,  0.69033629,  2.68807266])
						array([0.08599887, 0.06707712, 0.05188663, 0.09378502])

 12.1127753318			array([11.13143946,  5.92553031,  0.71386524,  2.73038893])
						array([0.04741703, 0.03698418, 0.02860863, 0.05171006])

 12.0538695014			array([11.0731194 ,  5.94664027,  0.70461932,  2.72319386])
						array([0.03188321, 0.02486816, 0.01923644, 0.03476985])

 12.2947006686			array([11.12662084,  5.97408862,  0.74521938,  2.70854182])
						array([0.03888196, 0.03032702, 0.02345908, 0.04240225])

 11.9052003649			array([11.07159527,  5.98662484,  0.72182881,  2.72712885])
						array([0.07051908, 0.05500324, 0.04254704, 0.07690372])

 12.3170117329			array([11.12539922,  5.93307857,  0.74534325,  2.76255323])
						array([0.10487668, 0.08180136, 0.06327638, 0.11437198])

 11.9063800705			array([11.10009089,  5.9430306 ,  0.73255014,  2.76480104])
						array([0.01441509, 0.01124344, 0.00869721, 0.0157202 ])

 12.4981470494			array([11.08645915,  5.91984991,  0.72133057,  2.73289087])
						array([0.01441509, 0.01124344, 0.00869721, 0.0157202 ])

 12.3731600807			array([11.07768898,  5.94056295,  0.72861484,  2.72548449])
						array([0.01757938, 0.01371151, 0.01060636, 0.01917098])

 12.3516205216			array([11.09869899,  5.93023342,  0.74122016,  2.75703144])
						array([0.03888196, 0.03032702, 0.02345908, 0.04240225])

 11.6496438875			array([11.09773322,  5.97401823,  0.72841051,  2.78896578])
						array([0.07051908, 0.05500324, 0.04254704, 0.07690372])

 11.376621936			array([11.13381525,  5.96845123,  0.70382056,  2.7934862 ])
						array([0.03888196, 0.03032702, 0.02345908, 0.04240225])

 11.1257567738			array([11.11771924,  5.96019243,  0.68703894,  2.7719496 ])
						array([0.02614423, 0.02039189, 0.01577388, 0.02851127])

 11.3765452215			array([11.15650212,  5.96911543,  0.69063996,  2.77800781])
						array([0.03188321, 0.02486816, 0.01923644, 0.03476985])

 11.4813739756			array([11.08845818,  6.01092098,  0.71707699,  2.75341529])
						array([0.10487668, 0.08180136, 0.06327638, 0.11437198])

 11.2809732187			array([11.09086256,  5.99703759,  0.70971098,  2.75123678])
						array([0.01757938, 0.01371151, 0.01060636, 0.01917098])

 11.2941819883			array([11.09316619,  6.00060918,  0.7067227 ,  2.74175222])
						array([0.01441509, 0.01124344, 0.00869721, 0.0157202 ])

 11.4198291101			array([11.09848053,  5.99116769,  0.72267834,  2.74173168])
						array([0.01757938, 0.01371151, 0.01060636, 0.01917098])

 11.3441026397			array([11.10361651,  5.96644798,  0.71312279,  2.74087566])
						array([0.03888196, 0.03032702, 0.02345908, 0.04240225])

 11.226341089			array([11.10831634,  5.97547999,  0.71378964,  2.74763728])
						array([0.01757938, 0.01371151, 0.01060636, 0.01917098])

 11.1200936137			array([11.11845557,  5.97772899,  0.70795571,  2.74984402])
						array([0.02143827, 0.01672135, 0.01293458, 0.02337924])

 11.3227698958			array([11.11949395,  5.95239302,  0.69327575,  2.73718159])
						array([0.02614423, 0.02039189, 0.01577388, 0.02851127])

 10.9865198933			array([11.1119269 ,  5.9828358 ,  0.69380012,  2.7584575 ])
						array([0.03888196, 0.03032702, 0.02345908, 0.04240225])

 11.2389761724			array([11.09403213,  5.98223346,  0.71136053,  2.7613888 ])
						array([0.03888196, 0.03032702, 0.02345908, 0.04240225])

 11.4627061698			array([11.08847611,  5.98995599,  0.71914697,  2.74181817])
						array([0.04741703, 0.03698418, 0.02860863, 0.05171006])

 11.3719264177			array([11.140482  ,  6.00466654,  0.71754001,  2.74933535])
						array([0.03188321, 0.02486816, 0.01923644, 0.03476985])

 11.3364419652			array([11.1094426 ,  6.00242205,  0.70878164,  2.79137633])
						array([0.03188321, 0.02486816, 0.01923644, 0.03476985])

 11.2502440291			array([11.13537989,  5.9713442 ,  0.68119937,  2.79183597])
						array([0.03888196, 0.03032702, 0.02345908, 0.04240225])

 11.4845164379			array([11.11240101,  6.0160187 ,  0.68958182,  2.80316886])
						array([0.03888196, 0.03032702, 0.02345908, 0.04240225])

 11.4146204405			array([11.09843576,  6.00990302,  0.69318342,  2.79716507])
						array([0.02143827, 0.01672135, 0.01293458, 0.02337924])

 11.4690586493			array([11.08512299,  6.01168322,  0.68503894,  2.79133264])
						array([0.01441509, 0.01124344, 0.00869721, 0.0157202 ])

 11.0586537634			array([11.1047099 ,  6.00393672,  0.68945944,  2.76844078])
						array([0.01757938, 0.01371151, 0.01060636, 0.01917098])

 11.1455388733			array([11.09793555,  5.99326061,  0.69049122,  2.78250816])
						array([0.02143827, 0.01672135, 0.01293458, 0.02337924])

 11.4577030235			array([11.12271619,  5.96720049,  0.69802734,  2.80394493])
						array([0.03188321, 0.02486816, 0.01923644, 0.03476985])

 11.4466164184			array([11.15253435,  5.97506282,  0.68949376,  2.7943664 ])
						array([0.02143827, 0.01672135, 0.01293458, 0.02337924])

 11.1403839127			array([11.13236589,  5.97333422,  0.7040885 ,  2.77022379])
						array([0.02143827, 0.01672135, 0.01293458, 0.02337924])

 11.3774963077			array([11.15822578,  5.96837154,  0.68619471,  2.77495016])
						array([0.02614423, 0.02039189, 0.01577388, 0.02851127])

 11.0581694484			array([11.13686089,  5.9727492 ,  0.68385445,  2.7578197 ])
						array([0.03188321, 0.02486816, 0.01923644, 0.03476985])

 11.453601664			array([11.13921664,  5.98787919,  0.65678527,  2.7213973 ])
						array([0.03188321, 0.02486816, 0.01923644, 0.03476985])

 11.2395151968			array([11.13468222,  5.98858489,  0.67364956,  2.72629159])
						array([0.02614423, 0.02039189, 0.01577388, 0.02851127])

 11.14361308			array([11.1324106 ,  5.97827533,  0.66420471,  2.74009881])
						array([0.03188321, 0.02486816, 0.01923644, 0.03476985])

 11.1591891076			array([11.1381037 ,  5.97859081,  0.67252911,  2.73740001])
						array([0.03888196, 0.03032702, 0.02345908, 0.04240225])

 11.3059119211			array([11.12101667,  6.01387263,  0.67600075,  2.72719032])
						array([0.04741703, 0.03698418, 0.02860863, 0.05171006])

 11.2549897596			array([11.10379646,  5.98629867,  0.69017906,  2.72448285])
						array([0.07051908, 0.05500324, 0.04254704, 0.07690372])

 11.2224473253			array([11.1080432 ,  5.98201723,  0.68490979,  2.7248812 ])
						array([0.03888196, 0.03032702, 0.02345908, 0.04240225])

 11.3536026342			array([11.13869136,  5.96975853,  0.69515376,  2.7263011 ])
						array([0.03188321, 0.02486816, 0.01923644, 0.03476985])

 10.9792633807			array([11.10948269,  5.97965989,  0.6863685 ,  2.76369066])
						array([0.03888196, 0.03032702, 0.02345908, 0.04240225])

 11.4867241327			array([11.12023785,  5.98096629,  0.7080453 ,  2.80525926])
						array([0.04741703, 0.03698418, 0.02860863, 0.05171006])

 11.1025949663			array([11.13565706,  5.96623322,  0.67912617,  2.75453357])
						array([0.04741703, 0.03698418, 0.02860863, 0.05171006])

 11.3883024205			array([11.11915666,  5.94312398,  0.67196717,  2.77341717])
						array([0.05782564, 0.04510265, 0.03488857, 0.06306105])

 11.4819966992			array([11.12007333,  5.95475726,  0.64678946,  2.7804836 ])
						array([0.04741703, 0.03698418, 0.02860863, 0.05171006])

 11.295123773			array([11.13064915,  5.96916172,  0.64625489,  2.76411102])
						array([0.02143827, 0.01672135, 0.01293458, 0.02337924])

 11.2671392839			array([11.11672474,  5.99581492,  0.64660297,  2.74250205])
						array([0.02614423, 0.02039189, 0.01577388, 0.02851127])

 11.3133478782			array([11.12943046,  5.96842818,  0.64483263,  2.76226124])
						array([0.03888196, 0.03032702, 0.02345908, 0.04240225])

 11.3471858797			array([11.13893648,  5.98699383,  0.65022125,  2.78513925])
						array([0.01182038, 0.00921962, 0.00713172, 0.01289057])

 11.1911708724			array([11.1413903 ,  5.98281497,  0.65719554,  2.76974326])
						array([0.00969271, 0.00756009, 0.00584801, 0.01057026])

 11.2502121244			array([11.1468038 ,  5.99343508,  0.65620055,  2.75347865])
						array([0.01182038, 0.00921962, 0.00713172, 0.01289057])

 11.4466549756			array([11.14935661,  5.98683323,  0.6668483 ,  2.7234963 ])
						array([0.01441509, 0.01124344, 0.00869721, 0.0157202 ])

 11.2441732479			array([11.10379593,  5.98257919,  0.64904346,  2.74625647])
						array([0.02143827, 0.01672135, 0.01293458, 0.02337924])

 11.3869147723			array([11.12081757,  5.98729432,  0.63931789,  2.73981497])
						array([0.02614423, 0.02039189, 0.01577388, 0.02851127])

 11.3133085611			array([11.14136002,  6.00009771,  0.6474759 ,  2.7614025 ])
						array([0.03188321, 0.02486816, 0.01923644, 0.03476985])

 11.1785393756			array([11.1383302 ,  5.99890357,  0.66127693,  2.77574919])
						array([0.02143827, 0.01672135, 0.01293458, 0.02337924])

 11.0560230152			array([11.11222022,  6.00988007,  0.68635   ,  2.76355346])
						array([0.02143827, 0.01672135, 0.01293458, 0.02337924])

 11.3530337844			array([11.144093  ,  6.02367817,  0.68507595,  2.77026965])
						array([0.02614423, 0.02039189, 0.01577388, 0.02851127])

 11.3165354562			array([11.11387558,  6.02065804,  0.69256621,  2.78598215])
						array([0.03188321, 0.02486816, 0.01923644, 0.03476985])

 11.4017439331			array([11.12843311,  5.99415373,  0.69843285,  2.80392705])
						array([0.05782564, 0.04510265, 0.03488857, 0.06306105])

 11.0260032861			array([11.13412899,  5.9865853 ,  0.69229039,  2.76771669])
						array([0.07051908, 0.05500324, 0.04254704, 0.07690372])

 11.3907335661			array([11.15127756,  5.97650712,  0.6961972 ,  2.78942263])
						array([0.03188321, 0.02486816, 0.01923644, 0.03476985])

 11.1219572159			array([11.14451578,  5.98559393,  0.68074121,  2.77483034])
						array([0.03888196, 0.03032702, 0.02345908, 0.04240225])

 11.0475789314			array([11.10708616,  5.9736016 ,  0.68689027,  2.74740407])
						array([0.05782564, 0.04510265, 0.03488857, 0.06306105])

 11.0232609061			array([11.10764293,  5.97833427,  0.69391391,  2.76737617])
						array([0.02143827, 0.01672135, 0.01293458, 0.02337924])

 10.9882072986			array([11.11991563,  5.9889105 ,  0.69570583,  2.75540676])
						array([0.02143827, 0.01672135, 0.01293458, 0.02337924])

 11.3907517323			array([11.14042918,  5.99249449,  0.71288583,  2.78849966])
						array([0.02614423, 0.02039189, 0.01577388, 0.02851127])

 11.3711777797			array([11.14378277,  5.99786498,  0.71681318,  2.77443209])
						array([0.04741703, 0.03698418, 0.02860863, 0.05171006])

 11.4139547006			array([11.12335672,  5.96084178,  0.72048402,  2.74795549])
						array([0.04741703, 0.03698418, 0.02860863, 0.05171006])

 11.454764457			array([11.11965958,  5.95733705,  0.6961748 ,  2.72217183])
						array([0.05782564, 0.04510265, 0.03488857, 0.06306105])

 11.2360014438			array([11.13517584,  6.00426182,  0.65176283,  2.76375769])
						array([0.03888196, 0.03032702, 0.02345908, 0.04240225])

 11.2300871884			array([11.132132  ,  5.9916078 ,  0.65688548,  2.73553136])
						array([0.03188321, 0.02486816, 0.01923644, 0.03476985])

 11.4240518985			array([11.13718746,  5.97434784,  0.68633054,  2.71696832])
						array([0.03888196, 0.03032702, 0.02345908, 0.04240225])

 11.2608633591			array([11.09733457,  5.97798014,  0.70283831,  2.73543156])
						array([0.01757938, 0.01371151, 0.01060636, 0.01917098])

 11.4681720867			array([11.11073238,  5.99655438,  0.69870486,  2.7130313 ])
						array([0.01757938, 0.01371151, 0.01060636, 0.01917098])

 11.4965804276			array([11.12978911,  5.98768765,  0.71696169,  2.72233789])
						array([0.02143827, 0.01672135, 0.01293458, 0.02337924])

 11.2049983478			array([11.11698694,  5.9973031 ,  0.69806842,  2.72938691])
						array([0.04741703, 0.03698418, 0.02860863, 0.05171006])

 11.4160784025			array([11.1151957 ,  6.03385684,  0.69463239,  2.75124351])
						array([0.02614423, 0.02039189, 0.01577388, 0.02851127])

 11.1631743964			array([11.09901524,  6.00987846,  0.69700284,  2.76259707])
						array([0.02614423, 0.02039189, 0.01577388, 0.02851127])

 11.3226356532			array([11.10516105,  6.019962  ,  0.6878996 ,  2.73477233])
						array([0.03188321, 0.02486816, 0.01923644, 0.03476985])

 11.4386208042			array([11.11315381,  5.95303162,  0.65880729,  2.73311209])
						array([0.05782564, 0.04510265, 0.03488857, 0.06306105])

 11.1348893303			array([11.14329515,  5.97736475,  0.67487835,  2.74668809])
						array([0.07051908, 0.05500324, 0.04254704, 0.07690372])

 11.230184858			array([11.0963631 ,  6.01068172,  0.69952291,  2.74965555])
						array([0.12789839, 0.09975776, 0.07716632, 0.13947803])

 11.4317455771			array([11.1223398 ,  6.02973786,  0.69724164,  2.73929531])
						array([0.02143827, 0.01672135, 0.01293458, 0.02337924])

 11.2179913935			array([11.11382328,  6.02334236,  0.68931687,  2.75464213])
						array([0.01182038, 0.00921962, 0.00713172, 0.01289057])

 11.2057582719			array([11.12577045,  6.01790948,  0.68659419,  2.74227474])
						array([0.01441509, 0.01124344, 0.00869721, 0.0157202 ])

 11.1885293679			array([11.10383255,  6.01874806,  0.68414902,  2.75342197])
						array([0.01757938, 0.01371151, 0.01060636, 0.01917098])

 11.1018400111			array([11.11806044,  5.99358828,  0.66217767,  2.77970624])
						array([0.02143827, 0.01672135, 0.01293458, 0.02337924])

 11.2562491424			array([11.09580078,  5.99754644,  0.66515009,  2.78661336])
						array([0.02614423, 0.02039189, 0.01577388, 0.02851127])

 11.2406900197			array([11.14132415,  5.96638213,  0.66527368,  2.74476123])
						array([0.02614423, 0.02039189, 0.01577388, 0.02851127])

 11.2339197576			array([11.10579955,  5.9612995 ,  0.65717846,  2.76145339])
						array([0.02143827, 0.01672135, 0.01293458, 0.02337924])

 11.1460914913			array([11.1024427 ,  5.98900473,  0.65791326,  2.74660901])
						array([0.02614423, 0.02039189, 0.01577388, 0.02851127])

 11.3536771766			array([11.11960282,  5.9575687 ,  0.64778356,  2.76196764])
						array([0.03188321, 0.02486816, 0.01923644, 0.03476985])

 11.3162414133			array([11.13457668,  5.98965925,  0.66240317,  2.79553842])
						array([0.05782564, 0.04510265, 0.03488857, 0.06306105])

 11.4618509601			array([11.12662625,  5.98847487,  0.66351709,  2.80746334])
						array([0.01182038, 0.00921962, 0.00713172, 0.01289057])

 11.2854433272			array([11.11263989,  5.98261844,  0.66946408,  2.79927606])
						array([0.01182038, 0.00921962, 0.00713172, 0.01289057])

 11.3975659235			array([11.12263489,  5.96056925,  0.67466235,  2.79895539])
						array([0.01441509, 0.01124344, 0.00869721, 0.0157202 ])

 11.3629115672			array([11.130633  ,  5.95709927,  0.66589084,  2.78826523])
						array([0.01757938, 0.01371151, 0.01060636, 0.01917098])

 11.2687040305			array([11.1282269 ,  5.96045631,  0.66384067,  2.78225213])
						array([0.02143827, 0.01672135, 0.01293458, 0.02337924])

 11.4660606804			array([11.12005291,  5.94930376,  0.65104334,  2.77513367])
						array([0.02614423, 0.02039189, 0.01577388, 0.02851127])

 11.4312278396			array([11.10114603,  5.94815009,  0.67649542,  2.78438075])
						array([0.02614423, 0.02039189, 0.01577388, 0.02851127])

 11.3953984513			array([11.11015283,  5.94555236,  0.67204579,  2.77902577])
						array([0.00794802, 0.00619927, 0.00479537, 0.00866762])

 11.4026364334			array([11.12121435,  5.94886386,  0.67881657,  2.78860601])
						array([0.00794802, 0.00619927, 0.00479537, 0.00866762])

 11.3459983241			array([11.11637787,  5.95157925,  0.68045118,  2.78727214])
						array([0.00969271, 0.00756009, 0.00584801, 0.01057026])

 11.0861722394			array([11.12702152,  5.96387368,  0.68295496,  2.76900491])
						array([0.01182038, 0.00921962, 0.00713172, 0.01289057])

 11.1034467065			array([11.1229005 ,  5.96075437,  0.68725757,  2.754949  ])
						array([0.01441509, 0.01124344, 0.00869721, 0.0157202 ])

 11.1682683299			array([11.14161531,  5.97147244,  0.67939496,  2.74240662])
						array([0.01757938, 0.01371151, 0.01060636, 0.01917098])

 11.1968427286			array([11.13162734,  5.97383593,  0.6781376 ,  2.73042542])
						array([0.03188321, 0.02486816, 0.01923644, 0.03476985])

 11.1494801879			array([11.11467022,  5.9741546 ,  0.69590109,  2.73503842])
						array([0.03888196, 0.03032702, 0.02345908, 0.04240225])

 11.2523088063			array([11.11325678,  6.00495423,  0.71259648,  2.74331011])
						array([0.03888196, 0.03032702, 0.02345908, 0.04240225])

 11.2363018993			array([11.10429082,  6.01101431,  0.70893257,  2.75982733])
						array([0.02143827, 0.01672135, 0.01293458, 0.02337924])

 11.1557779863			array([11.1136262 ,  6.00575866,  0.70860466,  2.75809103])
						array([0.02614423, 0.02039189, 0.01577388, 0.02851127])

 11.2996752242			array([11.08310783,  5.97810063,  0.70131185,  2.76956978])
						array([0.03888196, 0.03032702, 0.02345908, 0.04240225])

 11.4979848259			array([11.12555516,  5.96891315,  0.69364648,  2.71270396])
						array([0.05782564, 0.04510265, 0.03488857, 0.06306105])

 11.1236580476			array([11.12313495,  5.97098764,  0.6731995 ,  2.73734201])
						array([0.03188321, 0.02486816, 0.01923644, 0.03476985])

 11.3430812302			array([11.10141342,  5.96227841,  0.65002036,  2.75207922])
						array([0.03188321, 0.02486816, 0.01923644, 0.03476985])

 11.4502630533			array([11.10260258,  5.94572638,  0.66208387,  2.74759129])
						array([0.03888196, 0.03032702, 0.02345908, 0.04240225])

 11.267251782			array([11.1532001 ,  5.98542451,  0.68516478,  2.74027878])
						array([0.05782564, 0.04510265, 0.03488857, 0.06306105])

 11.3803085576			array([11.15399863,  5.99610981,  0.71115748,  2.75694138])
						array([0.03888196, 0.03032702, 0.02345908, 0.04240225])

 11.2423084684			array([11.14826657,  6.00355451,  0.69689296,  2.77192331])
						array([0.04741703, 0.03698418, 0.02860863, 0.05171006])

 11.1532929643			array([11.13460284,  5.97872676,  0.7007899 ,  2.741552  ])
						array([0.02143827, 0.01672135, 0.01293458, 0.02337924])

 11.0436068492			array([11.12160931,  6.00642659,  0.69176272,  2.76662629])
						array([0.01757938, 0.01371151, 0.01060636, 0.01917098])

 11.4975746724			array([11.14905306,  6.02871478,  0.68840618,  2.77181655])
						array([0.02143827, 0.01672135, 0.01293458, 0.02337924])

 11.2831411367			array([11.13857573,  6.01611132,  0.69933033,  2.77412981])
						array([0.02614423, 0.02039189, 0.01577388, 0.02851127])

 11.4813507691			array([11.13594838,  6.01513796,  0.70806625,  2.79146351])
						array([0.02143827, 0.01672135, 0.01293458, 0.02337924])

 11.493442313			array([11.14975787,  5.99354912,  0.72263871,  2.77108678])
						array([0.02614423, 0.02039189, 0.01577388, 0.02851127])

 11.4859065538			array([11.15292811,  5.99847888,  0.7090098 ,  2.78671809])
						array([0.02143827, 0.01672135, 0.01293458, 0.02337924])

 11.2583052144			array([11.14057433,  6.00268933,  0.70488108,  2.7787937 ])
						array([0.01182038, 0.00921962, 0.00713172, 0.01289057])

 11.1683100504			array([11.131836  ,  6.00311746,  0.70539409,  2.77299847])
						array([0.01182038, 0.00921962, 0.00713172, 0.01289057])

 11.2309613138			array([11.13193933,  5.98004427,  0.70698378,  2.78441437])
						array([0.01441509, 0.01124344, 0.00869721, 0.0157202 ])

 11.3023638824			array([11.11535145,  5.98368889,  0.69044319,  2.80174682])
						array([0.02143827, 0.01672135, 0.01293458, 0.02337924])

 11.1328493362			array([11.10759348,  5.98235406,  0.66252428,  2.78120558])
						array([0.03188321, 0.02486816, 0.01923644, 0.03476985])

 11.2765318327			array([11.12882926,  5.98468525,  0.64265392,  2.75531431])
						array([0.03888196, 0.03032702, 0.02345908, 0.04240225])

 11.3004809781			array([11.1382224 ,  6.00176963,  0.65579262,  2.78335797])
						array([0.01757938, 0.01371151, 0.01060636, 0.01917098])

 11.3048603746			array([11.10284116,  6.02029675,  0.66419204,  2.77462962])
						array([0.02143827, 0.01672135, 0.01293458, 0.02337924])

 11.1987221074			array([11.10274636,  6.00366106,  0.65650465,  2.77226591])
						array([0.03188321, 0.02486816, 0.01923644, 0.03476985])

 11.0343507906			array([11.12286809,  5.98100986,  0.66591611,  2.74868608])
						array([0.03888196, 0.03032702, 0.02345908, 0.04240225])

 11.095618026			array([11.13370938,  5.96509306,  0.68469963,  2.76375531])
						array([0.04741703, 0.03698418, 0.02860863, 0.05171006])

 11.0948730299			array([11.140173  ,  5.97526052,  0.68281325,  2.74896902])
						array([0.01757938, 0.01371151, 0.01060636, 0.01917098])

 11.278552995			array([11.14052642,  5.98656631,  0.68873468,  2.72642332])
						array([0.01757938, 0.01371151, 0.01060636, 0.01917098])

 11.3679033127			array([11.12001057,  5.98817096,  0.67916385,  2.71405569])
						array([0.02143827, 0.01672135, 0.01293458, 0.02337924])

 11.2547422904			array([11.13971185,  6.00564934,  0.69429867,  2.73519516])
						array([0.02614423, 0.02039189, 0.01577388, 0.02851127])

 11.2320639305			array([11.11035719,  6.00500546,  0.71222996,  2.74730516])
						array([0.03188321, 0.02486816, 0.01923644, 0.03476985])

 11.3704549195			array([11.1094063 ,  6.01135028,  0.71815032,  2.74602634])
						array([0.01441509, 0.01124344, 0.00869721, 0.0157202 ])

 11.1625359301			array([11.12262964,  5.99563121,  0.71048148,  2.77474722])
						array([0.01441509, 0.01124344, 0.00869721, 0.0157202 ])

 11.0442092831			array([11.11447514,  5.99346024,  0.70198303,  2.76748532])
						array([0.01757938, 0.01371151, 0.01060636, 0.01917098])

 11.0151295797			array([11.1109885 ,  5.98540227,  0.69037338,  2.77532216])
						array([0.02143827, 0.01672135, 0.01293458, 0.02337924])

 11.0575634515			array([11.10815969,  5.98130556,  0.69933897,  2.77134546])
						array([0.02614423, 0.02039189, 0.01577388, 0.02851127])

 11.3453346366			array([11.08229542,  5.98716001,  0.68651746,  2.7869131 ])
						array([0.03188321, 0.02486816, 0.01923644, 0.03476985])

 11.2577535256			array([11.09192141,  6.00925853,  0.66209239,  2.75528894])
						array([0.04741703, 0.03698418, 0.02860863, 0.05171006])

 11.0578270151			array([11.11082636,  5.96740597,  0.67663314,  2.76919287])
						array([0.04741703, 0.03698418, 0.02860863, 0.05171006])

 11.4675307177			array([11.11128469,  6.03840664,  0.67621111,  2.76020623])
						array([0.05782564, 0.04510265, 0.03488857, 0.06306105])

 11.1660244753			array([11.1282027 ,  5.99523634,  0.66537794,  2.73399099])
						array([0.02614423, 0.02039189, 0.01577388, 0.02851127])

 10.9817806271			array([11.12071736,  5.99299219,  0.67418695,  2.75058075])
						array([0.02614423, 0.02039189, 0.01577388, 0.02851127])

 11.0675706888			array([11.10390777,  5.97360126,  0.66729083,  2.76198587])
						array([0.03188321, 0.02486816, 0.01923644, 0.03476985])

 11.4253223988			array([11.16622188,  5.98405117,  0.67240339,  2.76730747])
						array([0.07051908, 0.05500324, 0.04254704, 0.07690372])

 11.0304991472			array([11.12627754,  5.97758626,  0.68251928,  2.77681742])
						array([0.02143827, 0.01672135, 0.01293458, 0.02337924])

 11.4099894781			array([11.15109236,  5.989863  ,  0.69936   ,  2.7915654 ])
						array([0.01757938, 0.01371151, 0.01060636, 0.01917098])

 11.0309380502			array([11.13619396,  5.98973529,  0.68632475,  2.77014   ])
						array([0.02143827, 0.01672135, 0.01293458, 0.02337924])

 11.2391827228			array([11.14913069,  5.97160083,  0.67777069,  2.74395226])
						array([0.03188321, 0.02486816, 0.01923644, 0.03476985])

 11.4658083685			array([11.13686156,  5.95588247,  0.68147135,  2.7244691 ])
						array([0.05782564, 0.04510265, 0.03488857, 0.06306105])

 11.3952035073			array([11.13145468,  5.95765956,  0.65384406,  2.73977197])
						array([0.01441509, 0.01124344, 0.00869721, 0.0157202 ])

 11.3559357027			array([11.13297435,  5.96167755,  0.65132683,  2.74422475])
						array([0.00651738, 0.0050834 , 0.0039322 , 0.00710745])

 11.3356331737			array([11.14156168,  5.96251161,  0.65852002,  2.74413241])
						array([0.00794802, 0.00619927, 0.00479537, 0.00866762])

 11.3999559219			array([11.152291  ,  5.96518837,  0.65718507,  2.75397642])
						array([0.00969271, 0.00756009, 0.00584801, 0.01057026])

 11.470235427			array([11.15742555,  5.97187334,  0.65206623,  2.76094093])
						array([0.01182038, 0.00921962, 0.00713172, 0.01289057])

 11.3671070051			array([11.14545169,  5.96414854,  0.65715265,  2.7448363 ])
						array([0.01757938, 0.01371151, 0.01060636, 0.01917098])

 11.3458120385			array([11.15120805,  5.96352968,  0.66302009,  2.75637698])
						array([0.02143827, 0.01672135, 0.01293458, 0.02337924])

 11.4788615449			array([11.12082278,  5.97898143,  0.63662909,  2.73635174])
						array([0.03888196, 0.03032702, 0.02345908, 0.04240225])

 11.3586484371			array([11.08785973,  5.99932755,  0.65025767,  2.75503187])
						array([0.04741703, 0.03698418, 0.02860863, 0.05171006])

------------------------------------ 


------------------------------------ 
TOTAL GENERATIONS: 1000
------------------------------------ 
