------------------------------------ 
PARAMETERS used: 
 - POPULATION SIZE (parents): '100'
 - NUMBER OF KIDS: '200'
 - SIZE TOURNAMENT: '5'
 - DNA SIZE: '10'
------------------------------------ 


------------------------------------ 
Fitness_value		Individual
------------------------------------ 
 12037.8979104			array([-11.27940039, -75.65626561, -22.33255277, -49.34999268,
        -9.44019591, -25.20644663,  -2.85287325,  30.99501936,
        21.98610562,  17.59313733])
						array([146.482785  , 695.96741292, 292.93048979, 500.1025954 ,
       971.57019895, 376.56346713, 579.96234067, 375.23970442,
       785.10027551, 537.09796606])

 10558.7322295			array([ -3.35368597,   5.88900812,   8.82797414,  21.30967347,
       -27.89539877, -23.36076342,  66.50662625, -55.28735453,
        20.81587133, -20.9125597 ])
						array([  4.03285389, 450.17261625, 302.69673746, 514.47042157,
       455.80310188, 316.13032442, 307.23700652, 320.31993935,
       627.63409659,  64.67877502])

 9479.57777314			array([ 17.6615644 , -10.46251615, -36.55252853,  33.81482915,
        22.56736954,  17.90979418,  68.89343096,  14.40027405,
       -17.85779682,  26.70641062])
						array([493.14104386, 543.24122358, 439.35109009, 821.44576548,
       730.20761265,  96.51153604, 241.40223335, 141.59275674,
       704.58562195, 416.66521972])

 6649.19772795			array([-42.54971438,  42.4108973 , -10.01863279,  10.67345748,
        19.77868448, -31.49977524,   1.97241129,  -6.95016838,
        29.59445864, -17.00927057])
						array([581.94877348, 417.81399799,  65.71684836,  10.99425383,
       424.80115667, 220.33666356,  67.12383643, 162.11174015,
       260.23967882, 591.33134882])

 5510.95731441			array([ 40.82949708,  14.09209737,  35.7855749 ,   3.18322749,
        36.2979213 ,  -4.47146201,  14.70877912, -16.6629691 ,
        24.363049  , -11.94237221])
						array([ 69.51751626, 164.70315622, 172.56423073, 255.06875091,
       196.96341557, 251.53717581, 310.63999875, 197.72569564,
        92.4097543 , 215.69564565])

 5353.79231528			array([ 19.77818208, -41.86966757, -27.01612722,  16.74664037,
        31.64915929,   3.7834216 ,  -6.92197384,  18.89130027,
         6.04139143,  26.25662032])
						array([186.04295314,   1.27840985, 442.76069947,  74.76801407,
       207.50711674, 166.53224295, 172.64806248,  53.41744504,
         0.91619773,   1.34964488])

 5234.38214861			array([-22.8079633 , -12.09157138,  44.49703909, -14.5043305 ,
        -8.69630947, -25.47367761, -16.1902618 ,  12.18611209,
         7.58457723,  33.70656548])
						array([ 90.49051941,   4.52581339,  72.54032562, 242.98120945,
        70.79854418,  40.64688555,  88.48895921,  44.7381769 ,
        33.1597653 ,  61.67044212])

 3216.88585042			array([ 16.99761057,  -0.84325881,  -1.75044033,   1.6674874 ,
        -7.45397599,  34.19304443, -12.31682256,  12.80134077,
        26.38077211, -22.88723652])
						array([2.24177766e+00, 3.01734084e+00, 2.96823057e+02, 4.86611475e+02,
       9.24429219e+01, 1.34260493e+00, 3.64246381e+00, 3.40102611e+02,
       4.83208588e-01, 3.71012235e+02])

 2765.91063139			array([ -1.16906171,  -6.32648143,  17.79329285,  31.7386506 ,
        21.75932456, -12.56606635,   0.46605926,   1.41552384,
        19.36706426, -15.92946588])
						array([  2.02968673,  71.1797449 ,  41.69861127,  62.96014541,
       169.15237623, 253.82646252,  26.72816741,  36.44778404,
        53.02150702, 109.28773656])

 2462.4931323			array([ -5.17525411, -21.53843919,  22.8108221 ,   4.99255059,
       -22.09657537,   3.20557459,   1.00433771, -13.99041718,
        -9.49426061, -14.45845032])
						array([  0.24383402,  27.21829327,  18.30162092,  31.10586097,
        21.05752203,  19.11384116, 110.183505  , 181.99757623,
        37.94795217,   3.91060185])

 1949.57556874			array([ 16.51713642,  11.08126675,  21.1955449 ,   5.48165712,
         3.68792903,  20.66923522, -15.63500986, -20.53730302,
        -3.90408563,  -1.86718224])
						array([156.8981051 ,  44.66871123,  18.08311863,  76.72501697,
        26.01983886,  26.61055018,  95.63972994,  53.62466757,
       407.1823436 ,  58.49825061])

 1814.73961341			array([-18.32667882,  -2.5599368 ,   8.11487081,  24.37883486,
        -8.31048374,  -7.99239525,   4.02158021,   2.36758386,
        20.20493582,  -6.28014211])
						array([ 4.32752556, 23.1780805 ,  0.48868793,  0.08175619,  3.15893417,
        1.63848192,  0.49915067,  1.20550593,  1.93521133,  4.39729688])

 1795.39934395			array([  3.23137766,   5.05960568,  14.92700896,  14.35636054,
        11.96491844,  13.78606423,  27.68861866, -13.41822074,
        -0.12175907,   9.71698502])
						array([10.49584416, 24.8670947 , 26.05396985,  4.15014969,  3.35520367,
       10.81599947, 31.10587949, 29.85288024, 11.14951752, 32.56600644])

 1689.03978924			array([10.48410582, -1.18121849, 11.9387047 , 15.77065151,  4.27514592,
       -5.23434559, 18.35879978, -9.26201318, 26.40594186, 12.95890648])
						array([4.99546755e-01, 2.82029152e+01, 3.74948304e+01, 7.01033191e+01,
       7.66040900e+01, 3.21660451e+00, 5.51424992e+02, 2.78789004e+02,
       2.06637342e+02, 3.84303571e+02])

 1396.36382065			array([ 19.81955097,   4.82992632,  13.28811305,   8.11993759,
       -18.68107171, -12.05703051,  -3.66881295,  15.61441882,
         9.81608675,   1.14954479])
						array([651.27467954,  32.57299977,  13.28175289,  19.93458961,
       383.88161085, 292.54210866,   8.93105488, 673.45351003,
         6.35403674,   9.36008995])

 1178.1982516			array([ 17.29564814,  11.37660578, -11.92893765,  15.69691535,
         9.62734578,  10.14561251,   5.77098096, -13.87662854,
         4.02996986,  -0.54592015])
						array([ 63.25731096,  90.32023784, 429.39520215,  17.68773786,
       108.01118174,   0.81158008,   4.51156047,  12.33919813,
         5.76688965,  19.14032801])

 1122.72016752			array([  2.00788897,   0.25678832,  -4.14746122,   3.05568968,
        -2.84156766, -23.6709888 ,  -5.42788372,  -8.45111012,
         9.68067521,  -8.57912063])
						array([ 25.39132447,  64.80617628,  35.98843915,  36.4121819 ,
       151.17997422, 582.03222286, 132.42025865,  48.68397256,
        17.56684744, 150.64100744])

 813.102114983			array([11.21675582, -6.00718704,  2.48564706, -3.12842122, -2.24213299,
       -9.90003875, 12.52915141,  0.70749087, 16.95777581,  0.51017805])
						array([  1.64224469,  80.19688838,  33.86408742,  34.26281718,
       251.83360494,  35.68464529,  15.35035868,  45.81021967,
        16.20069711,  64.92690789])

 684.9912355			array([  5.40675036,   1.13502598,  -6.88365541,   4.44768461,
       -14.72956133,   0.43221431,  -8.20321417,  -5.19926475,
        -1.95610033,  -8.2878564 ])
						array([ 98.89667045,   7.83471347,  68.54273368,  79.13262478,
        10.79776393, 176.25362476,   9.45788422,   2.00492619,
         1.2546812 , 303.55120852])

 236.114094802			array([ 2.84147772,  0.49637539,  4.22584784,  1.27917539,  4.75871627,
        8.02156364,  4.53688659, -0.72644937,  1.6005042 ,  6.63282359])
						array([288.56189675,  21.74417213,  37.62419807,   8.82490818,
        42.943955  , 110.42782737,   6.5832765 ,  15.89936551,
        39.74339238, 457.25735316])

 209.873930017			array([ 2.24192218,  2.44541371, -3.25150691,  4.8503438 , -5.49541804,
       -0.18010273,  2.40129194, -5.01581384,  7.42811954,  3.27627854])
						array([2.90854989e+00, 4.13060746e-01, 5.99760732e+01, 6.06822563e+01,
       5.69278307e-01, 6.32004304e+01, 4.98637343e-01, 2.79986625e-02,
       6.61491393e-02, 1.02130092e-01])

 194.275008352			array([ 2.07226092,  5.00072884, -0.75723368,  2.56685254,  6.52483123,
        1.7621047 ,  5.65102116, -4.11796887, -4.04666536,  5.96466472])
						array([ 1.72205847,  6.90035823,  3.55319918,  6.08089154, 94.4598893 ,
       15.84784276, 31.45722168, 48.03661564, 57.86757137, 68.08238296])

 176.701210923			array([ 3.66776772,  7.16809696,  0.07861514,  4.01541066,  5.22175456,
        4.25646426, -2.02411074, -1.29612647, -0.69494724,  4.12268395])
						array([ 33.89641082, 217.89373169,  84.14149948,  13.40294089,
        10.83565649,   3.51633738, 188.12068664,  96.41011029,
         4.15314681, 119.80396416])

 150.436690921			array([ 4.00401837,  0.01530204, -3.71832744, -0.01000447,  1.35447113,
        4.05932419,  1.4620024 , -4.00856324, -1.77732654,  4.43046782])
						array([ 5.80909099,  2.2377038 ,  2.5061866 ,  4.28904999,  6.70773965,
       10.35296071, 22.18779849,  1.28461136,  2.94342931,  1.20338691])

 101.825676277			array([ 5.31583177,  3.34199967, -0.62956974,  2.43488914, -0.57247392,
        1.90822777, -0.20775458, -0.69974264,  1.19836388,  1.37484861])
						array([25.04426847, 47.59853221, 26.96014612, 71.71237479,  3.78899846,
        0.57625299,  2.40730266,  8.60213133,  1.00167723,  1.54652636])

 98.0649750872			array([ 2.25929569,  1.55593946,  1.77948318, -2.27154822, -0.48084919,
        3.12882164,  0.59984277,  3.0069434 , -1.1514659 ,  3.10007791])
						array([3.04186202e-03, 2.29215195e-04, 3.96613761e-04, 4.40845722e+01,
       3.56403333e+01, 3.82230855e+01, 6.93973077e-05, 1.67602433e-04,
       4.18953150e-04, 4.11497331e+00])

 88.2749380771			array([ 3.31490899,  1.38179431, -0.65465584,  0.41566895,  1.62163454,
        1.85742811, -1.64739802, -3.04511319,  2.23304424,  4.3840234 ])
						array([1.70019701e-01, 1.28115933e-02, 2.68770094e-01, 6.30411150e-02,
       6.98157893e+01, 6.28192568e+01, 1.10317581e+01, 1.25971641e+01,
       9.39773561e+00, 3.26643777e+00])

 85.859475985			array([ 0.63018703,  4.51308605, -1.42976148,  3.79026192, -0.63479912,
        2.71600066,  2.24736902,  0.97957914,  1.05323368,  4.09141666])
						array([ 23.28931452, 131.29013235, 175.23079201,   9.20880112,
         7.44488888,   2.41598108, 129.25267698,  66.24080034,
         2.85351575, 156.7503407 ])

 78.8664879351			array([ 3.06792922,  2.44117228, -0.66920255,  2.73476584,  2.09953532,
       -2.82894601, -0.7939346 , -2.03243193,  0.10390195,  4.3932921 ])
						array([27.92988051,  0.13209437,  1.68221955,  3.46165493,  4.22556859,
        0.61114784,  7.61984388,  9.59327283,  2.28701974,  0.18695291])

 75.4047670108			array([ 2.16362023,  1.70849788,  0.1979353 ,  3.65817239,  3.41247957,
        2.02838579, -2.74860225, -1.82280603,  0.16700768,  5.74536126])
						array([37.49718304, 14.42212872,  5.56922646,  0.88712483,  0.7171993 ,
       66.82747154, 16.28178658,  0.91422805,  1.97681186,  3.33480911])

 72.6581180466			array([ 4.49762167,  0.53907412,  0.64167978,  2.51617171,  1.41761823,
        1.14748438, -1.64411273,  0.80233325,  1.36763236,  3.73613063])
						array([4.15905854e+01, 1.46110666e-02, 4.86139252e+00, 3.03501891e-02,
       1.48554094e-02, 1.59160237e+01, 8.50619889e-01, 6.27746278e-01,
       1.00772769e+00, 2.06790145e-02])

 64.4782010872			array([ 4.30588266,  2.53418161,  0.26862685,  2.1331086 ,  0.38989053,
        3.35562425, -0.58531367, -0.90310274,  1.32980061,  2.98552323])
						array([4.49920129e-03, 2.87862393e-04, 4.98091702e-04, 1.37596262e-04,
       5.59242099e-04, 1.46190982e-03, 3.55308930e-04, 3.66769033e+00,
       1.17680249e-02, 1.81690869e-02])

 64.3752524005			array([ 3.16003358,  2.22005331,  1.42472414,  2.69875358,  0.13387366,
        3.94310136,  0.16576972, -2.05719603,  0.34219213,  4.01475335])
						array([1.64261949, 4.77979303, 1.87238763, 0.01533813, 9.35935207,
       0.01433812, 4.12668111, 3.56505668, 6.96203339, 2.55702662])

 56.4949206285			array([ 2.01324226,  1.8304332 ,  0.18031433,  1.81483691,  0.41487754,
        0.90079267,  0.29356996, -1.05458663,  0.36338886,  5.2147482 ])
						array([2.98623133e-06, 1.20517445e-02, 3.89360343e-07, 4.32783375e-02,
       1.10265850e-01, 3.75240478e-02, 3.10456735e+00, 8.81225043e-03,
       1.45186175e+01, 2.84402552e+00])

 56.0059972492			array([ 2.27555415,  1.70061325,  0.28681524,  1.64679894,  1.69561827,
        2.16705551, -0.52972983, -1.92602689,  0.27450524,  3.84589128])
						array([7.84554825e-01, 5.34295821e+00, 1.29919761e+00, 1.10773387e+01,
       8.95551488e+00, 1.90941922e+00, 1.11769590e-02, 2.69936340e-02,
       2.27901071e-02, 1.13035327e+01])

 55.7185930571			array([ 4.16125153,  2.67623297, -0.33002601,  2.74084104,  0.43689317,
        0.97008642,  0.38983222, -0.71288737,  1.12196121,  4.09102074])
						array([1.62243800e+01, 1.69648271e-02, 9.60899835e-03, 1.91578872e+00,
       1.35045559e-03, 2.05385164e-04, 1.07296085e-01, 3.75217742e+00,
       2.15127406e-01, 1.54829775e+00])

 45.9668703249			array([ 1.34016153,  2.56550327,  0.34601037,  2.72668267,  0.12471809,
        2.77909311,  0.31867151, -0.02180479,  0.23541261,  3.77941964])
						array([7.61399420e-01, 3.44088820e-05, 7.84312286e-05, 1.21801617e-03,
       3.49843063e-05, 7.89858625e-02, 6.12117917e-04, 1.47833476e-03,
       2.37318632e-03, 5.12465141e+00])

 26.3957050929			array([ 3.20761534,  1.6300622 ,  0.5035158 ,  0.8406506 ,  0.4693054 ,
       -0.00428269,  0.17689651, -1.07640844,  0.31770275,  3.96670458])
						array([6.89509943e+00, 3.47871275e-03, 1.93076424e+00, 8.70833226e-02,
       4.60113859e-03, 3.37961267e+01, 2.92328785e-03, 4.89351523e+00,
       2.38832183e-06, 2.34581851e-02])

 25.6556239174			array([ 2.16600312,  2.39035619,  0.3724495 ,  2.59006355,  0.35697646,
        1.93401945,  0.35050725, -0.210426  ,  0.29988214,  3.84604965])
						array([4.54454007e-01, 1.41587009e-02, 8.91266124e-03, 1.38411264e-01,
       8.20384124e-02, 1.04696864e-02, 4.92553062e-04, 2.78944146e+00,
       1.18866122e+00, 3.07370944e-01])

 25.2828625363			array([ 3.06693086,  2.47017859,  0.30549191,  2.72813249,  0.46554042,
        1.03449192,  0.08708204, -1.01977433,  0.16649634,  3.97652377])
						array([4.65626954e-03, 5.26902889e-02, 7.92241260e-05, 2.10731433e-04,
       1.11342160e-05, 2.64282994e+00, 1.03473224e+00, 3.57281077e-05,
       1.18131901e-01, 4.23046663e+00])

 25.1187167625			array([ 3.29471132,  2.56167923,  0.43788112,  2.72848562,  0.40806622,
       -0.90799097, -0.77857424, -0.95309198,  0.23694973,  3.76783917])
						array([9.26713545e+00, 1.19014249e-01, 1.17283200e-01, 3.70350902e-01,
       1.95678780e-02, 2.36870789e+01, 1.24322575e-02, 2.57249273e-02,
       3.83804735e-01, 1.63820733e+00])

 20.2304562279			array([ 3.19420481,  2.44223924,  0.38909173,  2.68484297,  0.37366581,
        0.91310926, -0.4805419 , -1.04376483,  0.21631045,  4.02731504])
						array([2.17052294e-03, 1.27190329e-07, 4.62037369e-02, 4.50232231e-06,
       5.19022171e-06, 8.13491747e-02, 3.29755597e-06, 9.73265228e-02,
       1.20553603e-02, 1.89429607e-02])

 19.6597928801			array([ 3.20282177,  2.44890179,  0.39287036,  2.70421501,  0.37580593,
       -1.03605909, -0.45552643, -1.05267189,  0.20228779,  4.01154144])
						array([2.11306747e-02, 3.34503339e-04, 3.17101229e-01, 3.38028933e-05,
       9.70899078e-07, 5.88785579e+01, 1.86928989e-01, 1.20352940e-04,
       6.02055027e-05, 2.33310907e-04])

 18.9213143754			array([ 2.33921513,  2.56952856,  0.41454855,  2.73583002,  0.45559845,
        1.92616467,  0.35068192, -0.99764102,  0.26295526,  3.97752801])
						array([2.64408869e-01, 8.34842398e-06, 3.04242038e-02, 1.27964634e-03,
       1.40013504e+00, 2.13835949e-01, 5.39067712e+00, 1.89301431e+00,
       5.75792191e-04, 8.65063074e-01])

------------------------------------ 


------------------------------------ 
TOTAL GENERATIONS: 500
------------------------------------ 
