------------------------------------ 
PARAMETERS used: 
 - POPULATION SIZE (parents): '100'
 - NUMBER OF KIDS: '200'
 - SIZE TOURNAMENT: '5'
 - DNA SIZE: '10'
------------------------------------ 


------------------------------------ 
Fitness_value		Individual
------------------------------------ 
 6533.84505958			array([ 4.74648997e+00,  3.08266111e+01, -2.67193975e+01,  2.24795556e+01,
       -9.79284388e-03, -3.93816276e+01,  5.60379667e+00, -2.59198497e+01,
       -3.45926080e+01, -2.65793686e+01])
						array([236.18659809, 327.7768465 , 508.82359208, 669.43040969,
       329.10260158, 228.88956152, 192.48041374, 377.75456282,
       281.32609827, 200.67724375])

 5643.50574252			array([-20.70376405, -28.4544755 ,  41.3879529 ,  24.10594476,
        24.59453464,   6.00073062, -12.66713164,  27.67678135,
         3.0142162 , -15.44721717])
						array([ 51.94067305,   1.61728741, 325.83558398, 266.53833237,
       243.84886298,  39.91491521,  58.15339103,  24.07784628,
       196.24306551,  37.37953977])

 3374.26594469			array([ -8.74817766, -25.93304712,  26.28541281,  -0.21654728,
        -6.01347294,  11.03122997, -19.14022916, -16.24239955,
        28.55624896,   5.56610983])
						array([ 55.7637169 ,   1.73632631, 198.34705647, 288.69506799,
       261.79712669,  59.3473867 , 349.60128185, 329.98954167,
       210.68734976,  40.13082526])

 1965.9709429			array([-13.41158002,  14.95060684,  -7.70792669,  -8.78986669,
        20.90104649, -18.36401674, -12.1781467 ,  11.99715043,
        12.02427114,  12.07927462])
						array([542.1223785 , 201.27726736, 327.67801467, 411.33807591,
        51.32733117, 110.35015747,  76.14541984, 360.46814368,
       224.84524909, 261.0474166 ])

 1870.68659811			array([ 20.89940612,  10.03381799,  -3.55966039, -27.33626233,
         7.25008735, -14.09509556, -13.38360832,   5.21401827,
         3.4112741 ,  13.36066536])
						array([ 43.24567297,  25.01507861, 124.13004263,  69.28724222,
        18.19965647,  22.84671422,  67.2752513 ,  60.22899373,
        67.18691296,  69.03846554])

 1243.38572396			array([ -1.15879939,   3.46557558, -12.72659385,  -0.45939205,
        -7.73226656,  27.11053509,  -9.72124617,   8.12410156,
        -0.38430163,   5.76475854])
						array([591.1674216 ,  81.68202552,  40.47709908,  18.49687478,
       124.60910964,   1.52556271,   9.56329786, 159.22077188,
       131.56830179,  35.44118964])

 763.080585456			array([  0.17370078,  -4.3102071 ,   9.11916617,  14.67345516,
         3.58510643, -16.19414331,  -5.07696242,   5.12810362,
        -4.87210735,  -3.91287405])
						array([654.44297139,  16.01507612,  35.49281986,  11.81835894,
        45.44800243, 473.08874593,   8.38569008,   4.00236558,
       115.36721112,   6.21345372])

 502.483558093			array([  6.10985779,   9.44261703,  -5.22710178,   0.82230514,
        -0.56593479,  -4.68167933,   2.65145345,  10.56488299,
       -11.90123812,  -3.53357286])
						array([13.81355306, 28.76367625, 14.25368881, 15.93937551, 75.5787631 ,
        2.13388887, 38.83694863,  9.29400279, 10.95496554, 29.83355656])

 478.574697979			array([-1.56910354, 14.71835285, -1.10865372, -7.02467254, -4.99329437,
       -4.48729948, -0.35337053,  1.73058134,  7.55921649,  8.95900285])
						array([20.10502775,  1.44616259, 81.66275893, 16.23360994,  7.56818691,
       10.13585347,  3.48323797,  0.36141392, 14.40648855, 26.17164325])

 406.698723621			array([-0.3850725 ,  3.58383053,  1.72136714, -7.68088539,  5.28200856,
       -9.92283931, -0.80349094,  6.74695839, -4.39791107, -2.09579336])
						array([81.3225541 , 56.73125581, 27.26877447, 35.87598364, 17.63720228,
        4.20871777, 10.3153727 , 23.4017524 , 72.16993697, 58.84140518])

 394.585886945			array([-3.08030899,  8.68504325,  3.86615587,  6.5734842 ,  3.33329775,
        1.33797299, -4.05088438,  4.82613591,  6.88223533, -5.67325459])
						array([1.82133186e+00, 8.05801964e+01, 9.87774437e-02, 5.94238558e+00,
       2.52979267e+01, 1.31661832e+00, 2.33375943e-02, 1.11386878e-02,
       1.91671008e+03, 1.72922038e-02])

 394.155784328			array([ 5.08590192,  3.05275222,  8.56506698, -0.68785666, -7.14381787,
       -7.18996405,  2.47925213,  7.90699085, -7.29662656,  1.10072897])
						array([2.55704516e+02, 4.84142284e-02, 3.71619314e+02, 3.57273812e-02,
       9.29450243e+01, 1.43016658e+00, 2.53502832e-02, 1.20993144e-02,
       3.48759785e-01, 1.87835240e-02])

 353.690725189			array([ 2.95922658,  0.12734251,  5.00217976, -5.1627744 , -7.77727075,
        4.1485499 , -4.71758747, -1.82223101, -6.21198861, -1.93613297])
						array([ 64.07214341, 246.88949744,  13.20292732,  51.73443166,
        24.11884047,   4.61111741,   1.53011502,  54.64256244,
        21.05075443,  13.55512519])

 287.888945172			array([-0.05674539,  4.63516611, -0.10662582,  3.48360825, -3.86257131,
       -6.08269698, -6.82033131,  1.65323376, -7.78085524,  2.49741909])
						array([  61.91185351, 1680.88869929,   63.88452631,   71.43971413,
          4.61020271,  102.83818534,  208.40074154,   53.17883031,
        210.01222487,  133.71293941])

 231.547451245			array([ 0.01340776,  1.83219207, -0.8518824 ,  1.75069113,  0.92639949,
       -3.8316093 , -8.08836548,  5.79700146, -2.54722234,  1.08186773])
						array([1.37863530e+00, 1.10675693e+01, 5.48447590e+00, 2.48962973e-02,
       9.57397713e-02, 9.96598440e-01, 1.76651119e-02, 8.43129609e-03,
       1.78269490e+01, 1.30891262e-02])

 166.457190684			array([ 0.42237728,  2.45044088, -4.00938645, -0.46110814,  2.5943626 ,
        3.19679002,  0.07598474,  2.26971798, -4.55094211,  4.72452282])
						array([ 12.73778584,   8.88597997,   4.27118667,   5.61935863,
         2.76256579, 218.57312933,   1.61572653,   3.66548387,
        11.30418506, 269.90075789])

 133.848604442			array([ 3.10640347,  3.74805272, -0.7987134 , -0.13195802,  1.60529345,
       -4.83918499, -3.70048572,  3.09259294, -2.64739137, -2.04945153])
						array([1.80389568e+00, 7.69781995e+00, 8.49371567e-02, 3.62163541e+01,
       7.09863734e-02, 1.13213921e+00, 3.64771005e-02, 6.82927284e+00,
       1.02893094e-02, 3.69825649e+00])

 124.352525807			array([ 0.69024021,  0.47912172,  1.14081406,  0.04504257,  1.57230605,
       -0.98276041,  0.27139507,  1.72507572, -0.93994626, -1.4451878 ])
						array([  1.65209801,  86.32693402,   1.82329002,   4.18211321,
        26.83821425,  47.9470814 ,  29.69421574,   1.11156076,
       109.81969814,   3.56808703])

 117.187597354			array([-1.20460179,  3.71603732,  0.88362279,  5.57211926,  0.27073595,
        0.02455125, -0.65280374,  4.04804541, -1.84442501,  3.10754559])
						array([70.27906498,  0.30479814,  0.6754976 , 15.99446113,  0.86496414,
       90.01823955,  9.28596028,  1.04580832,  2.19566307,  8.40902231])

 117.050723103			array([ 2.47405497,  3.3237122 ,  0.63561717,  2.86601391,  0.24994735,
       -0.66192881, -1.12874255,  0.63491737, -2.48357226,  2.09886213])
						array([ 0.89418345,  5.27883876,  0.92267446,  0.19328981,  5.845885  ,
       43.62978847,  0.13714835,  0.08208488,  1.99309325,  1.93119558])

 113.222230087			array([ 2.47269701,  3.84844479,  3.47486453,  3.92614956, -1.51338807,
       -4.03424156, -1.93532349,  2.27363281, -1.96609192,  2.9843592 ])
						array([60.1366453 ,  0.7878812 ,  0.17983416,  3.25255016,  2.23586989,
        0.58190091, 15.77801663,  0.57380811,  0.5845398 ,  1.57658208])

 110.020079365			array([ 4.09546956,  3.52783536,  2.56183786,  3.17802123, -1.44903131,
       -6.14260362, -0.65379981, -2.06262289, -1.61707102,  5.15655416])
						array([1.83753007e+00, 1.44570821e+00, 1.74967104e+00, 2.95094068e+00,
       2.20548416e+00, 2.70012713e-02, 7.94169061e+00, 5.68659038e+00,
       2.11955607e-01, 2.94834146e+01])

 107.008945675			array([ 0.04027848,  3.0967914 ,  0.18915163, -0.20316783, -2.57517087,
       -0.06747176, -1.02005357,  3.05379592, -3.99662224,  3.83442087])
						array([1.35226654e-02, 9.43351818e-03, 4.53436957e-03, 5.96561347e-03,
       7.87025425e+01, 2.32041215e-01, 4.60303196e+01, 3.89134444e-03,
       1.20007287e-02, 2.86531560e-01])

 90.5033428032			array([ 4.11813855,  3.53086616,  2.71176136,  2.59932298, -2.47094145,
       -1.67370921,  0.13419203, -1.08162353, -2.7497187 ,  3.2428863 ])
						array([9.62908781e-01, 3.36563167e+00, 9.93589561e-01, 2.08145716e-01,
       7.47096235e-01, 6.08634945e+02, 1.47689326e-01, 4.93471685e+00,
       7.63643681e-01, 2.55851562e+01])

 87.4211553417			array([ 3.32170841,  3.15033909,  2.48765745,  0.82753333, -1.56695047,
       -2.08119036, -2.99146654, -0.90257489,  2.3084626 ,  1.10690484])
						array([4.55616132e-01, 9.41780792e-01, 4.52681818e-01, 3.06415337e+00,
       3.24635260e+01, 6.69497332e-03, 5.00160982e+01, 3.16648588e+01,
       5.21503174e+01, 5.87111293e+00])

 56.9362746974			array([ 0.68582438,  3.36662536, -0.46439205,  1.68690447,  0.50578625,
       -0.89417362, -1.71530681,  2.07544422,  0.18693872,  2.8819732 ])
						array([17.59622675,  0.79236019, 51.68616068,  2.36068892,  8.12336846,
       34.17685939,  0.14407385,  1.00251985, 43.87627751, 24.06697028])

 54.6790413002			array([ 2.3675971 ,  5.32044227,  0.44540515, -0.28187562,  2.3244347 ,
       -1.96140447, -1.60808354,  0.91172325, -3.70173098,  3.04562783])
						array([5.95663576e-03, 4.15539614e-03, 8.30191552e-03, 2.62780934e-03,
       4.18425968e+01, 1.10657390e-01, 4.28941268e+00, 5.20612704e-01,
       1.42657950e+01, 3.61474461e-01])

 49.1976985361			array([ 3.22513338,  3.5196038 ,  0.70294846,  0.90682019,  0.33923745,
        0.30657913, -0.79326064,  2.01813831, -0.66504585,  3.00376188])
						array([1.34038754e-03, 1.70699089e-01, 2.05972043e+00, 2.69106193e-02,
       5.27465372e-05, 3.18812079e-03, 2.71043673e-05, 1.89009997e-02,
       7.64548762e-06, 2.74799535e-03])

 36.2671114443			array([ 3.20243777,  2.56151467,  0.3871566 ,  0.62278966,  0.39372456,
       -1.81775415, -1.56801665,  1.90198747, -0.93950124,  1.87641988])
						array([1.11899691e-01, 2.35670390e-03, 4.26171279e-01, 6.59883728e-02,
       2.75643816e-01, 9.22161071e-02, 2.26275628e-03, 2.23473998e-02,
       1.31107854e+01, 5.95824402e-02])

 35.0132421356			array([ 2.28423034,  2.39350449,  0.20449278,  1.79878411,  0.52457437,
       -0.95492911,  3.47007692,  1.9674931 , -0.82161884,  2.08882335])
						array([4.80089346e-01, 8.74253444e+00, 3.28814595e-02, 1.38900496e-02,
       2.27219946e-02, 7.63948957e+00, 1.03244842e+02, 3.60631231e+00,
       3.98326860e-03, 1.18377317e+00])

 33.0491815146			array([ 3.08390981,  3.46348222,  0.27177523,  0.64795059,  0.54927943,
        0.03886836, -1.64449543, -0.30865968, -0.70751695,  2.81157347])
						array([3.11639887e-01, 6.10906855e-01, 1.46736900e-02, 3.60424574e+00,
       8.37105934e-04, 7.41237568e-01, 6.30176103e-03, 3.72461554e+01,
       1.77757464e-03, 4.32953988e+00])

 31.5096782823			array([ 2.89489406e+00,  3.54510285e+00,  2.54395539e-01,  1.71960209e+00,
        5.17313310e-01,  5.40000830e-04, -1.52952828e+00,  9.00637454e-01,
       -7.39201786e-01,  1.91119506e+00])
						array([0.0045332 , 0.00370088, 1.50040936, 0.01305435, 0.26356042,
       0.09103249, 0.2626813 , 0.31505294, 2.2400526 , 0.26667827])

 30.2395819646			array([ 2.32337204,  3.26131642,  1.26179313,  1.72327197,  0.37875182,
       -1.16490808, -0.71433483,  1.87985674, -1.63301945,  2.9374295 ])
						array([2.14841065e-03, 6.93401225e-06, 2.10160718e-04, 2.53362697e-04,
       2.22889973e+00, 2.75183150e-03, 6.44075236e-05, 6.61251273e-04,
       1.02328132e-04, 1.84686136e-01])

 21.4286432547			array([ 2.32136029,  3.48885442,  1.2563642 ,  1.72077675,  0.52815168,
       -1.15446683, -0.70480272,  1.92721508, -1.64136158,  2.96342272])
						array([2.84265896e-02, 1.48537212e+00, 3.13721806e-02, 2.45944402e-04,
       2.44721418e+00, 7.97005464e-02, 7.07160590e-05, 1.22252637e+00,
       1.89185026e-01, 2.02775622e-01])

 19.8120780841			array([ 2.30940508,  3.5037188 ,  1.25123804,  1.73697794,  0.3671649 ,
       -1.12182882, -0.67921722,  1.85546636, -1.63927566,  3.00401784])
						array([1.02369615e-01, 1.24990564e+00, 1.09520648e-02, 8.43193657e-07,
       6.41650560e-03, 1.03584238e-05, 8.17567858e-03, 4.01928438e-04,
       3.19823810e-03, 2.01843556e-05])

 18.3167748871			array([ 2.25922796,  3.40257322,  1.26227821,  1.72806322,  0.3603316 ,
       -1.09279756, -0.68836506,  1.87218088, -1.6290191 ,  2.93492749])
						array([2.69540475e-01, 1.47069545e+00, 2.27835770e-03, 2.09199788e-04,
       1.34410250e-01, 2.89997201e-01, 1.17980378e+00, 2.42687157e-04,
       1.23036365e-02, 4.45863163e-03])

 13.7209448237			array([ 2.24067863,  3.61556249,  1.28333548,  1.74595458,  0.46980245,
       -0.97165658, -0.71117144,  1.86223842, -0.86620266,  2.91839202])
						array([1.03897641e-01, 1.91212812e+00, 8.23390189e-03, 3.23882634e-01,
       9.42732259e-01, 1.51930925e+01, 9.31255324e-02, 4.30181086e-03,
       1.24165194e+01, 7.90325710e-02])

 13.2047116826			array([ 3.15597373,  4.38719576,  0.37423768,  1.67404926,  0.36981   ,
        0.02812873, -0.74205039,  1.94278977,  0.16725613,  2.9725733 ])
						array([2.59132635e+00, 8.83912163e-01, 6.41263778e-01, 1.17770525e-02,
       1.12525188e-07, 1.74874826e-05, 5.06025024e-03, 2.87752738e+00,
       1.20883307e+01, 5.79937489e-04])

 11.12388158			array([ 2.28709456,  3.47171369,  1.26315434,  1.7222553 ,  0.44743225,
       -1.02754198, -0.65769607,  1.86405447,  0.34160028,  3.01627585])
						array([8.79246909e-02, 1.01511237e+01, 1.78346927e-01, 1.04564038e-01,
       9.27734611e-01, 7.27146055e-01, 4.20222881e-01, 4.85037549e-03,
       1.30471754e+01, 3.49015983e-01])

 9.61842270695			array([ 2.22980113,  3.44544381,  1.30847732,  1.75046516,  0.42219819,
       -0.9907281 , -0.65159443,  1.90235817, -1.74518543,  2.93198935])
						array([8.22383607e-04, 5.10246506e-02, 1.06572405e+00, 1.11283117e-02,
       2.37652166e-04, 7.73982417e-06, 7.35741561e-01, 2.04748063e-03,
       1.33673699e-01, 1.96410024e-03])

 7.40329518389			array([ 2.27872311,  3.48066841,  1.32191124,  1.73463061,  0.45497965,
       -0.98750271, -0.67529328,  1.9013988 , -0.72467929,  2.91959806])
						array([6.90287910e-03, 9.90321702e-04, 7.18851044e-01, 5.31349539e-05,
       5.43099407e-01, 9.80016512e-01, 1.63630318e-04, 7.06343500e-02,
       6.59917894e+00, 2.72422122e-01])

 7.07579273337			array([ 2.23550101,  3.47897219,  1.26362048,  1.73326211,  0.43060739,
       -0.99874134, -0.66776849,  1.90625397,  0.17608922,  2.90367725])
						array([4.93039340e-01, 7.40108558e-02, 6.98324150e-01, 5.49752485e-03,
       9.34749184e+00, 5.88548754e-01, 4.59425929e-02, 2.35408440e-01,
       6.85808135e+01, 2.04745390e-01])

------------------------------------ 


------------------------------------ 
TOTAL GENERATIONS: 1000
------------------------------------ 
